0 65 0.000000
1 65 0.000000
2 65 0.000000
3 65 0.000000
4 65 0.000000
5 65 0.000000
6 65 0.000000
7 65 0.000000
8 65 0.000000
9 65 0.000000
10 65 0.000000
11 65 0.000000
12 65 0.000000
13 65 0.000000
14 65 0.000000
15 65 0.000000
16 65 0.000000
17 65 0.000000
18 65 0.000000
19 65 0.000000
20 65 0.000000
21 65 0.000000
22 65 0.000000
23 65 0.000000
24 65 0.000000
25 65 0.000000
26 65 0.000000
27 65 0.000000
28 65 0.000000
29 65 0.000000
30 65 0.000000
31 65 0.000000
32 65 0.000000
33 65 0.000000
34 65 0.000000
35 65 0.000000
36 65 0.000000
37 65 0.000000
38 65 0.000000
39 65 0.000000
40 65 0.000000
41 65 0.000000
42 65 0.000000
43 65 0.000000
44 65 0.000000
0 64 0.000000
1 64 0.000000
2 64 0.000000
3 64 0.000000
4 64 0.000000
5 64 0.000000
6 64 0.000000
7 64 0.000000
8 64 0.000000
9 64 0.000000
10 64 0.000000
11 64 0.000000
12 64 0.000000
13 64 0.000000
14 64 0.000000
15 64 0.000000
16 64 0.000000
17 64 0.000000
18 64 0.000000
19 64 0.000000
20 64 0.000000
21 64 0.000000
22 64 0.000000
23 64 0.000000
24 64 0.000000
25 64 0.000000
26 64 0.000000
27 64 0.000000
28 64 0.000000
29 64 0.000000
30 64 0.000000
31 64 0.000000
32 64 0.000000
33 64 0.000000
34 64 0.000000
35 64 0.000000
36 64 0.000000
37 64 0.000000
38 64 0.000000
39 64 0.000000
40 64 0.000000
41 64 0.000000
42 64 0.000000
43 64 0.000000
44 64 0.000000
0 63 0.000000
1 63 0.000000
2 63 0.000000
3 63 0.000000
4 63 0.000000
5 63 0.000000
6 63 0.000000
7 63 0.000000
8 63 0.000000
9 63 0.000000
10 63 0.000000
11 63 0.000000
12 63 0.000000
13 63 0.000000
14 63 0.000000
15 63 0.000000
16 63 0.000000
17 63 0.000000
18 63 0.000000
19 63 0.000000
20 63 0.000000
21 63 0.000000
22 63 0.000000
23 63 0.000000
24 63 0.000000
25 63 0.000000
26 63 0.000000
27 63 0.000000
28 63 0.000000
29 63 0.000000
30 63 0.000000
31 63 0.000000
32 63 0.000000
33 63 0.000000
34 63 0.000000
35 63 0.000000
36 63 0.000000
37 63 0.000000
38 63 0.000000
39 63 0.000000
40 63 0.000000
41 63 0.000000
42 63 0.000000
43 63 0.000000
44 63 0.000000
0 62 0.000000
1 62 0.000000
2 62 0.000000
3 62 0.000000
4 62 0.000000
5 62 0.000000
6 62 0.000000
7 62 0.000000
8 62 0.000000
9 62 0.000000
10 62 0.000000
11 62 0.000000
12 62 0.000000
13 62 0.000000
14 62 0.000000
15 62 0.000000
16 62 0.000000
17 62 0.000000
18 62 0.000000
19 62 0.000000
20 62 0.000000
21 62 0.000000
22 62 0.000000
23 62 0.000000
24 62 0.000000
25 62 0.000000
26 62 0.000000
27 62 0.000000
28 62 0.000000
29 62 0.000000
30 62 0.000000
31 62 0.000000
32 62 0.000000
33 62 0.000000
34 62 0.000000
35 62 0.000000
36 62 0.000000
37 62 0.000000
38 62 0.000000
39 62 0.000000
40 62 0.000000
41 62 0.000000
42 62 0.000000
43 62 0.000000
44 62 0.000000
0 61 0.000000
1 61 0.000000
2 61 0.000000
3 61 0.000000
4 61 0.000000
5 61 0.000000
6 61 0.000000
7 61 0.000000
8 61 0.000000
9 61 0.000000
10 61 0.000000
11 61 0.000000
12 61 0.000000
13 61 0.000000
14 61 0.000000
15 61 0.000000
16 61 0.000000
17 61 0.000000
18 61 0.000000
19 61 0.000000
20 61 0.000000
21 61 0.000000
22 61 0.000000
23 61 0.000000
24 61 0.000000
25 61 0.000000
26 61 0.000000
27 61 0.000000
28 61 0.000000
29 61 0.000000
30 61 0.000000
31 61 0.000000
32 61 0.000000
33 61 0.000000
34 61 0.000000
35 61 0.000000
36 61 0.000000
37 61 0.000000
38 61 0.000000
39 61 0.000000
40 61 0.000000
41 61 0.000000
42 61 0.000000
43 61 0.000000
44 61 0.000000
0 60 0.000000
1 60 0.000000
2 60 0.000000
3 60 0.000000
4 60 0.000000
5 60 0.000000
6 60 0.000000
7 60 0.000000
8 60 0.000000
9 60 0.000000
10 60 0.000000
11 60 0.000000
12 60 0.000000
13 60 0.000000
14 60 0.000000
15 60 0.000000
16 60 0.000000
17 60 0.000000
18 60 0.000000
19 60 0.000000
20 60 0.000000
21 60 0.000000
22 60 0.000000
23 60 0.000000
24 60 0.000000
25 60 0.000000
26 60 0.000000
27 60 0.000000
28 60 0.000000
29 60 0.000000
30 60 0.000000
31 60 0.000000
32 60 0.000000
33 60 0.000000
34 60 0.000000
35 60 0.000000
36 60 0.000000
37 60 0.000000
38 60 0.000000
39 60 0.000000
40 60 0.000000
41 60 0.000000
42 60 0.000000
43 60 0.000000
44 60 0.000000
0 59 0.000000
1 59 0.000000
2 59 0.000000
3 59 0.000000
4 59 0.000000
5 59 0.000000
6 59 0.000000
7 59 0.000000
8 59 0.000000
9 59 0.000000
10 59 0.000000
11 59 0.000000
12 59 0.000000
13 59 0.000000
14 59 0.000000
15 59 0.000000
16 59 0.000000
17 59 0.000000
18 59 0.000000
19 59 0.000000
20 59 0.000000
21 59 0.000000
22 59 0.000000
23 59 0.000000
24 59 0.000000
25 59 0.000000
26 59 0.000000
27 59 0.000000
28 59 0.000000
29 59 0.000000
30 59 0.000000
31 59 0.000000
32 59 0.000000
33 59 0.000000
34 59 0.000000
35 59 0.000000
36 59 0.000000
37 59 0.000000
38 59 0.000000
39 59 0.000000
40 59 0.000000
41 59 0.000000
42 59 0.000000
43 59 0.000000
44 59 0.000000
0 58 0.000000
1 58 0.000000
2 58 0.000000
3 58 0.000000
4 58 0.000000
5 58 0.000000
6 58 0.000000
7 58 0.000000
8 58 0.000000
9 58 0.000000
10 58 0.000000
11 58 0.000000
12 58 0.000000
13 58 0.000000
14 58 0.000000
15 58 0.000000
16 58 0.000000
17 58 0.000000
18 58 0.000000
19 58 0.000000
20 58 0.000000
21 58 0.000000
22 58 0.000000
23 58 0.000000
24 58 0.000000
25 58 0.000000
26 58 0.000000
27 58 0.000000
28 58 0.000000
29 58 0.000000
30 58 0.000000
31 58 0.000000
32 58 0.000000
33 58 0.000000
34 58 0.000000
35 58 0.000000
36 58 0.000000
37 58 0.000000
38 58 0.000000
39 58 0.000000
40 58 0.000000
41 58 0.000000
42 58 0.000000
43 58 0.000000
44 58 0.000000
0 57 0.000000
1 57 0.000000
2 57 0.000000
3 57 0.000000
4 57 0.000000
5 57 0.000000
6 57 0.000000
7 57 0.000000
8 57 0.000000
9 57 0.000000
10 57 0.000000
11 57 0.000000
12 57 0.000000
13 57 0.000000
14 57 0.000000
15 57 0.000000
16 57 0.000000
17 57 0.000000
18 57 0.000000
19 57 0.000000
20 57 0.000000
21 57 0.000000
22 57 0.000000
23 57 0.000000
24 57 0.000000
25 57 0.000000
26 57 0.000000
27 57 0.000000
28 57 0.000000
29 57 0.000000
30 57 0.000000
31 57 0.000000
32 57 0.000000
33 57 0.000000
34 57 0.000000
35 57 0.000000
36 57 0.000000
37 57 0.000000
38 57 0.000000
39 57 0.000000
40 57 0.000000
41 57 0.000000
42 57 0.000000
43 57 0.000000
44 57 0.000000
0 56 0.000000
1 56 0.000000
2 56 0.000000
3 56 0.000000
4 56 0.000000
5 56 0.000000
6 56 0.000000
7 56 0.000000
8 56 0.000000
9 56 0.000000
10 56 0.000000
11 56 0.000000
12 56 0.000000
13 56 0.000000
14 56 0.000000
15 56 0.000000
16 56 0.000000
17 56 0.000000
18 56 0.000000
19 56 0.000000
20 56 0.000000
21 56 0.000000
22 56 0.000000
23 56 0.000000
24 56 0.000000
25 56 0.000000
26 56 0.000000
27 56 0.000000
28 56 0.000000
29 56 0.000000
30 56 0.000000
31 56 0.000000
32 56 0.000000
33 56 0.000000
34 56 0.000000
35 56 0.000000
36 56 0.000000
37 56 0.000000
38 56 0.000000
39 56 0.000000
40 56 0.000000
41 56 0.000000
42 56 0.000000
43 56 0.000000
44 56 0.000000
0 55 0.000000
1 55 0.000000
2 55 0.000000
3 55 0.000000
4 55 0.000000
5 55 0.000000
6 55 0.000000
7 55 0.000000
8 55 0.000000
9 55 0.000000
10 55 0.000000
11 55 0.000000
12 55 0.000000
13 55 0.000000
14 55 0.000000
15 55 0.000000
16 55 0.000000
17 55 0.000000
18 55 0.000000
19 55 0.000000
20 55 0.000000
21 55 0.000000
22 55 0.000000
23 55 0.000000
24 55 0.000000
25 55 0.000000
26 55 0.000000
27 55 0.000000
28 55 0.000000
29 55 0.000000
30 55 0.000000
31 55 0.000000
32 55 0.000000
33 55 0.000000
34 55 0.000000
35 55 0.000000
36 55 0.000000
37 55 0.000000
38 55 0.000000
39 55 0.000000
40 55 0.000000
41 55 0.000000
42 55 0.000000
43 55 0.000000
44 55 0.000000
0 54 0.000000
1 54 0.000000
2 54 0.000000
3 54 0.000000
4 54 0.000000
5 54 0.000000
6 54 0.000000
7 54 0.000000
8 54 0.000000
9 54 0.000000
10 54 0.000000
11 54 0.000000
12 54 0.000000
13 54 0.000000
14 54 0.000000
15 54 0.000000
16 54 0.000000
17 54 0.000000
18 54 0.000000
19 54 0.000000
20 54 0.000000
21 54 0.000000
22 54 0.000000
23 54 0.000000
24 54 0.000000
25 54 0.000000
26 54 0.000000
27 54 0.000000
28 54 0.000000
29 54 0.000000
30 54 0.000000
31 54 0.000000
32 54 0.000000
33 54 0.000000
34 54 0.000000
35 54 0.000000
36 54 0.000000
37 54 0.000000
38 54 0.000000
39 54 0.000000
40 54 0.000000
41 54 0.000000
42 54 0.000000
43 54 0.000000
44 54 0.000000
0 53 0.000000
1 53 0.000000
2 53 0.000000
3 53 0.000000
4 53 0.000000
5 53 0.000000
6 53 0.000000
7 53 0.000000
8 53 0.000000
9 53 0.000000
10 53 0.000000
11 53 0.000000
12 53 9.508403
13 53 0.000000
14 53 0.000000
15 53 0.000000
16 53 0.000000
17 53 0.000000
18 53 0.000000
19 53 0.000000
20 53 0.000000
21 53 0.000000
22 53 0.000000
23 53 0.000000
24 53 0.000000
25 53 0.000000
26 53 0.000000
27 53 0.000000
28 53 0.000000
29 53 0.000000
30 53 0.000000
31 53 0.000000
32 53 0.000000
33 53 0.000000
34 53 0.000000
35 53 0.000000
36 53 0.000000
37 53 0.000000
38 53 0.000000
39 53 0.000000
40 53 0.000000
41 53 0.000000
42 53 0.000000
43 53 0.000000
44 53 0.000000
0 52 0.000000
1 52 0.000000
2 52 0.000000
3 52 0.000000
4 52 0.000000
5 52 0.000000
6 52 0.000000
7 52 0.000000
8 52 0.000000
9 52 0.000000
10 52 0.000000
11 52 0.000000
12 52 33.390640
13 52 0.000000
14 52 0.000000
15 52 0.000000
16 52 0.000000
17 52 0.000000
18 52 0.000000
19 52 0.000000
20 52 0.000000
21 52 0.000000
22 52 0.000000
23 52 0.000000
24 52 0.000000
25 52 0.000000
26 52 0.000000
27 52 0.000000
28 52 0.000000
29 52 0.000000
30 52 0.000000
31 52 0.000000
32 52 0.000000
33 52 0.000000
34 52 0.000000
35 52 0.000000
36 52 0.000000
37 52 0.000000
38 52 0.000000
39 52 0.000000
40 52 0.000000
41 52 0.000000
42 52 0.000000
43 52 0.000000
44 52 0.000000
0 51 0.000000
1 51 0.000000
2 51 0.000000
3 51 0.000000
4 51 0.000000
5 51 0.000000
6 51 0.000000
7 51 0.000000
8 51 0.000000
9 51 0.000000
10 51 0.000000
11 51 0.000000
12 51 16.179623
13 51 4.614885
14 51 0.000000
15 51 0.000000
16 51 0.000000
17 51 0.000000
18 51 0.000000
19 51 0.000000
20 51 0.000000
21 51 0.000000
22 51 0.000000
23 51 0.000000
24 51 0.000000
25 51 0.000000
26 51 0.000000
27 51 0.000000
28 51 0.000000
29 51 0.000000
30 51 0.000000
31 51 0.000000
32 51 0.000000
33 51 0.000000
34 51 0.000000
35 51 0.000000
36 51 0.000000
37 51 0.000000
38 51 0.000000
39 51 0.000000
40 51 0.000000
41 51 0.000000
42 51 0.000000
43 51 0.000000
44 51 0.000000
0 50 0.000000
1 50 0.000000
2 50 0.000000
3 50 0.000000
4 50 0.000000
5 50 0.000000
6 50 0.000000
7 50 0.000000
8 50 0.000000
9 50 0.000000
10 50 0.000000
11 50 0.000000
12 50 16.695978
13 50 22.442091
14 50 0.000000
15 50 0.000000
16 50 0.000000
17 50 0.000000
18 50 0.000000
19 50 0.000000
20 50 0.000000
21 50 0.000000
22 50 0.000000
23 50 0.000000
24 50 0.000000
25 50 0.000000
26 50 0.000000
27 50 0.000000
28 50 0.000000
29 50 0.000000
30 50 0.000000
31 50 0.000000
32 50 0.000000
33 50 0.000000
34 50 0.000000
35 50 0.000000
36 50 0.000000
37 50 0.000000
38 50 0.000000
39 50 0.000000
40 50 0.000000
41 50 0.000000
42 50 0.000000
43 50 0.000000
44 50 0.000000
0 49 0.000000
1 49 0.000000
2 49 0.000000
3 49 0.000000
4 49 0.000000
5 49 0.000000
6 49 0.000000
7 49 0.000000
8 49 0.000000
9 49 0.000000
10 49 0.000000
11 49 0.000000
12 49 2.004783
13 49 24.463917
14 49 0.000000
15 49 0.000000
16 49 0.000000
17 49 0.000000
18 49 0.000000
19 49 0.000000
20 49 0.000000
21 49 0.000000
22 49 0.000000
23 49 0.000000
24 49 0.000000
25 49 0.000000
26 49 0.000000
27 49 0.000000
28 49 0.000000
29 49 0.000000
30 49 0.000000
31 49 0.000000
32 49 0.000000
33 49 0.000000
34 49 0.000000
35 49 0.000000
36 49 0.000000
37 49 0.000000
38 49 0.000000
39 49 0.000000
40 49 0.000000
41 49 0.000000
42 49 0.000000
43 49 0.000000
44 49 0.000000
0 48 0.000000
1 48 0.000000
2 48 0.000000
3 48 0.000000
4 48 0.000000
5 48 0.000000
6 48 0.000000
7 48 0.000000
8 48 0.000000
9 48 0.000000
10 48 0.000000
11 48 0.000000
12 48 0.000000
13 48 15.913039
14 48 32.184196
15 48 0.000000
16 48 0.000000
17 48 0.000000
18 48 0.000000
19 48 0.000000
20 48 0.000000
21 48 0.000000
22 48 0.000000
23 48 0.000000
24 48 0.000000
25 48 0.000000
26 48 0.000000
27 48 0.000000
28 48 0.000000
29 48 0.000000
30 48 0.000000
31 48 0.000000
32 48 0.000000
33 48 0.000000
34 48 0.000000
35 48 0.000000
36 48 0.000000
37 48 0.000000
38 48 0.000000
39 48 0.000000
40 48 0.000000
41 48 0.000000
42 48 0.000000
43 48 0.000000
44 48 0.000000
0 47 0.000000
1 47 0.000000
2 47 0.000000
3 47 0.000000
4 47 0.000000
5 47 0.000000
6 47 0.000000
7 47 0.000000
8 47 0.000000
9 47 0.000000
10 47 0.000000
11 47 0.000000
12 47 0.000000
13 47 2.888904
14 47 61.456772
15 47 38.869335
16 47 2.083066
17 47 0.000000
18 47 0.000000
19 47 0.000000
20 47 0.000000
21 47 0.000000
22 47 0.000000
23 47 0.000000
24 47 0.000000
25 47 0.000000
26 47 0.000000
27 47 0.000000
28 47 0.000000
29 47 0.000000
30 47 0.000000
31 47 0.000000
32 47 0.000000
33 47 0.000000
34 47 0.000000
35 47 0.000000
36 47 0.000000
37 47 0.000000
38 47 0.000000
39 47 0.000000
40 47 0.000000
41 47 0.000000
42 47 0.000000
43 47 0.000000
44 47 0.000000
0 46 0.000000
1 46 0.000000
2 46 0.000000
3 46 0.000000
4 46 0.000000
5 46 0.000000
6 46 0.000000
7 46 0.000000
8 46 0.000000
9 46 0.000000
10 46 0.000000
11 46 0.000000
12 46 0.000000
13 46 0.000000
14 46 45.229153
15 46 45.245426
16 46 6.355434
17 46 0.000000
18 46 0.000000
19 46 0.000000
20 46 0.000000
21 46 0.000000
22 46 0.000000
23 46 0.000000
24 46 0.000000
25 46 0.000000
26 46 0.000000
27 46 0.000000
28 46 0.000000
29 46 0.000000
30 46 0.000000
31 46 0.000000
32 46 0.000000
33 46 0.000000
34 46 0.000000
35 46 0.000000
36 46 0.000000
37 46 0.000000
38 46 0.000000
39 46 0.000000
40 46 0.000000
41 46 0.000000
42 46 0.000000
43 46 0.000000
44 46 0.000000
0 45 0.000000
1 45 0.000000
2 45 0.000000
3 45 0.000000
4 45 0.000000
5 45 0.000000
6 45 0.000000
7 45 0.000000
8 45 0.000000
9 45 0.000000
10 45 0.000000
11 45 0.000000
12 45 0.000000
13 45 0.000000
14 45 6.825102
15 45 43.174026
16 45 13.494141
17 45 0.000000
18 45 0.000000
19 45 0.000000
20 45 0.000000
21 45 0.000000
22 45 0.000000
23 45 0.000000
24 45 0.000000
25 45 0.000000
26 45 0.000000
27 45 0.000000
28 45 0.000000
29 45 0.000000
30 45 0.000000
31 45 0.000000
32 45 0.000000
33 45 0.000000
34 45 0.000000
35 45 0.000000
36 45 0.000000
37 45 0.000000
38 45 0.000000
39 45 0.000000
40 45 0.000000
41 45 0.000000
42 45 0.000000
43 45 0.000000
44 45 0.000000
0 44 0.000000
1 44 0.000000
2 44 0.000000
3 44 0.000000
4 44 0.000000
5 44 0.000000
6 44 0.000000
7 44 0.000000
8 44 0.000000
9 44 0.000000
10 44 0.000000
11 44 0.000000
12 44 0.000000
13 44 0.000000
14 44 6.902042
15 44 37.816998
16 44 35.933075
17 44 0.000000
18 44 0.000000
19 44 0.000000
20 44 0.000000
21 44 0.000000
22 44 0.000000
23 44 0.000000
24 44 0.000000
25 44 0.000000
26 44 0.000000
27 44 0.000000
28 44 0.000000
29 44 0.000000
30 44 0.000000
31 44 0.000000
32 44 0.000000
33 44 0.000000
34 44 0.000000
35 44 0.000000
36 44 0.000000
37 44 0.000000
38 44 0.000000
39 44 0.000000
40 44 0.000000
41 44 0.000000
42 44 0.000000
43 44 0.000000
44 44 0.000000
0 43 0.000000
1 43 0.000000
2 43 0.000000
3 43 0.000000
4 43 0.000000
5 43 0.000000
6 43 0.000000
7 43 0.000000
8 43 0.000000
9 43 0.000000
10 43 0.000000
11 43 0.000000
12 43 0.000000
13 43 0.000000
14 43 0.000000
15 43 41.743423
16 43 42.098263
17 43 0.000000
18 43 0.000000
19 43 0.000000
20 43 0.000000
21 43 0.000000
22 43 0.000000
23 43 0.000000
24 43 0.000000
25 43 0.000000
26 43 0.000000
27 43 0.000000
28 43 0.000000
29 43 0.000000
30 43 0.000000
31 43 0.000000
32 43 0.000000
33 43 0.000000
34 43 0.000000
35 43 0.000000
36 43 0.000000
37 43 0.000000
38 43 0.000000
39 43 0.000000
40 43 0.000000
41 43 0.000000
42 43 0.000000
43 43 0.000000
44 43 0.000000
0 42 0.000000
1 42 0.000000
2 42 0.000000
3 42 0.000000
4 42 0.000000
5 42 0.000000
6 42 0.000000
7 42 0.000000
8 42 0.000000
9 42 0.000000
10 42 0.000000
11 42 0.000000
12 42 0.000000
13 42 0.000000
14 42 4.044507
15 42 43.887707
16 42 58.994350
17 42 0.000000
18 42 0.000000
19 42 0.000000
20 42 0.000000
21 42 0.000000
22 42 0.000000
23 42 0.000000
24 42 0.000000
25 42 0.000000
26 42 0.000000
27 42 0.000000
28 42 0.000000
29 42 0.000000
30 42 0.000000
31 42 0.000000
32 42 0.000000
33 42 0.000000
34 42 0.000000
35 42 0.000000
36 42 0.000000
37 42 0.000000
38 42 0.000000
39 42 0.000000
40 42 0.000000
41 42 0.000000
42 42 0.000000
43 42 0.000000
44 42 0.000000
0 41 0.000000
1 41 0.000000
2 41 0.000000
3 41 0.000000
4 41 0.000000
5 41 0.000000
6 41 0.000000
7 41 0.000000
8 41 0.000000
9 41 0.000000
10 41 0.000000
11 41 0.000000
12 41 0.000000
13 41 0.000000
14 41 0.724505
15 41 37.349716
16 41 67.399643
17 41 13.956626
18 41 0.000000
19 41 0.000000
20 41 0.000000
21 41 0.000000
22 41 0.000000
23 41 0.000000
24 41 0.000000
25 41 0.000000
26 41 0.000000
27 41 0.000000
28 41 0.000000
29 41 0.000000
30 41 0.000000
31 41 0.000000
32 41 0.000000
33 41 0.000000
34 41 0.000000
35 41 0.000000
36 41 0.000000
37 41 0.000000
38 41 0.000000
39 41 0.000000
40 41 0.000000
41 41 0.000000
42 41 0.000000
43 41 0.000000
44 41 0.000000
0 40 0.000000
1 40 0.000000
2 40 0.000000
3 40 0.000000
4 40 0.000000
5 40 0.000000
6 40 0.000000
7 40 0.000000
8 40 0.000000
9 40 0.000000
10 40 0.000000
11 40 0.000000
12 40 0.000000
13 40 0.000000
14 40 0.000000
15 40 34.859707
16 40 67.592087
17 40 34.635098
18 40 0.000000
19 40 0.000000
20 40 0.000000
21 40 0.000000
22 40 0.000000
23 40 0.000000
24 40 0.000000
25 40 0.000000
26 40 0.000000
27 40 0.000000
28 40 0.000000
29 40 0.000000
30 40 0.000000
31 40 0.000000
32 40 0.000000
33 40 0.000000
34 40 0.000000
35 40 0.000000
36 40 0.000000
37 40 0.000000
38 40 0.000000
39 40 0.000000
40 40 0.000000
41 40 0.000000
42 40 0.000000
43 40 0.000000
44 40 0.000000
0 39 0.000000
1 39 0.000000
2 39 0.000000
3 39 0.000000
4 39 0.000000
5 39 0.000000
6 39 0.000000
7 39 0.000000
8 39 0.000000
9 39 0.000000
10 39 0.000000
11 39 0.000000
12 39 0.000000
13 39 0.000000
14 39 0.000000
15 39 8.023907
16 39 44.041576
17 39 20.698343
18 39 0.824139
19 39 0.000000
20 39 0.000000
21 39 0.000000
22 39 0.000000
23 39 0.000000
24 39 0.000000
25 39 0.000000
26 39 0.000000
27 39 0.000000
28 39 0.000000
29 39 0.000000
30 39 0.000000
31 39 0.000000
32 39 0.000000
33 39 0.000000
34 39 0.000000
35 39 0.000000
36 39 0.000000
37 39 0.000000
38 39 0.000000
39 39 0.000000
40 39 0.000000
41 39 0.000000
42 39 0.000000
43 39 0.000000
44 39 0.000000
0 38 0.000000
1 38 0.000000
2 38 0.000000
3 38 0.000000
4 38 0.000000
5 38 0.000000
6 38 0.000000
7 38 0.000000
8 38 0.000000
9 38 0.000000
10 38 0.000000
11 38 0.000000
12 38 0.000000
13 38 0.000000
14 38 0.000000
15 38 3.204499
16 38 48.028858
17 38 31.840237
18 38 2.189400
19 38 0.000000
20 38 0.000000
21 38 0.000000
22 38 0.000000
23 38 0.000000
24 38 0.000000
25 38 0.000000
26 38 0.000000
27 38 0.000000
28 38 0.000000
29 38 0.000000
30 38 0.000000
31 38 0.000000
32 38 0.000000
33 38 0.000000
34 38 0.000000
35 38 0.000000
36 38 0.000000
37 38 0.000000
38 38 0.000000
39 38 0.000000
40 38 0.000000
41 38 0.000000
42 38 0.000000
43 38 0.000000
44 38 0.000000
0 37 0.000000
1 37 0.000000
2 37 0.000000
3 37 0.000000
4 37 0.000000
5 37 0.000000
6 37 0.000000
7 37 0.000000
8 37 0.000000
9 37 0.000000
10 37 0.000000
11 37 0.000000
12 37 0.000000
13 37 0.000000
14 37 0.000000
15 37 0.000000
16 37 45.151741
17 37 47.564102
18 37 3.416741
19 37 0.000000
20 37 0.000000
21 37 0.000000
22 37 0.000000
23 37 0.000000
24 37 0.000000
25 37 0.000000
26 37 0.000000
27 37 0.000000
28 37 0.000000
29 37 0.000000
30 37 0.000000
31 37 0.000000
32 37 0.000000
33 37 0.000000
34 37 0.000000
35 37 0.000000
36 37 0.000000
37 37 0.000000
38 37 0.000000
39 37 0.000000
40 37 0.000000
41 37 0.000000
42 37 0.000000
43 37 0.000000
44 37 0.000000
0 36 0.000000
1 36 0.000000
2 36 0.000000
3 36 0.000000
4 36 0.000000
5 36 0.000000
6 36 0.000000
7 36 0.000000
8 36 0.000000
9 36 0.000000
10 36 0.000000
11 36 0.000000
12 36 0.000000
13 36 0.000000
14 36 0.000000
15 36 0.000000
16 36 3.200876
17 36 45.915817
18 36 21.274727
19 36 0.000000
20 36 0.000000
21 36 0.000000
22 36 0.000000
23 36 0.000000
24 36 0.000000
25 36 0.000000
26 36 0.000000
27 36 0.000000
28 36 0.000000
29 36 0.000000
30 36 0.000000
31 36 0.000000
32 36 0.000000
33 36 0.000000
34 36 0.000000
35 36 0.000000
36 36 0.000000
37 36 0.000000
38 36 0.000000
39 36 0.000000
40 36 0.000000
41 36 0.000000
42 36 0.000000
43 36 0.000000
44 36 0.000000
0 35 0.000000
1 35 0.000000
2 35 0.000000
3 35 0.000000
4 35 0.000000
5 35 0.000000
6 35 0.000000
7 35 0.000000
8 35 0.000000
9 35 0.000000
10 35 0.000000
11 35 0.000000
12 35 0.000000
13 35 0.000000
14 35 0.000000
15 35 0.000000
16 35 0.000000
17 35 33.041519
18 35 16.853403
19 35 0.000000
20 35 0.000000
21 35 0.000000
22 35 0.000000
23 35 0.000000
24 35 0.000000
25 35 0.000000
26 35 0.000000
27 35 0.000000
28 35 0.000000
29 35 0.000000
30 35 0.000000
31 35 0.000000
32 35 0.000000
33 35 0.000000
34 35 0.000000
35 35 0.000000
36 35 0.000000
37 35 0.000000
38 35 0.000000
39 35 0.000000
40 35 0.000000
41 35 0.000000
42 35 0.000000
43 35 0.000000
44 35 0.000000
0 34 0.000000
1 34 0.000000
2 34 0.000000
3 34 0.000000
4 34 0.000000
5 34 0.000000
6 34 0.000000
7 34 0.000000
8 34 0.000000
9 34 0.000000
10 34 0.000000
11 34 0.000000
12 34 0.000000
13 34 0.000000
14 34 0.000000
15 34 0.000000
16 34 0.000000
17 34 38.349178
18 34 38.890732
19 34 10.448588
20 34 0.000000
21 34 0.000000
22 34 0.000000
23 34 0.000000
24 34 0.000000
25 34 0.000000
26 34 0.000000
27 34 0.000000
28 34 0.000000
29 34 0.000000
30 34 0.000000
31 34 0.000000
32 34 0.000000
33 34 0.000000
34 34 0.000000
35 34 0.000000
36 34 0.000000
37 34 0.000000
38 34 0.000000
39 34 0.000000
40 34 0.000000
41 34 0.000000
42 34 0.000000
43 34 0.000000
44 34 0.000000
0 33 0.000000
1 33 0.000000
2 33 0.000000
3 33 0.000000
4 33 0.000000
5 33 0.000000
6 33 0.000000
7 33 0.000000
8 33 0.000000
9 33 0.000000
10 33 0.000000
11 33 0.000000
12 33 0.000000
13 33 0.000000
14 33 0.000000
15 33 0.000000
16 33 2.128937
17 33 46.315514
18 33 56.718971
19 33 18.236942
20 33 0.000000
21 33 0.000000
22 33 0.000000
23 33 0.000000
24 33 0.000000
25 33 0.000000
26 33 0.000000
27 33 0.000000
28 33 0.000000
29 33 0.000000
30 33 0.000000
31 33 0.000000
32 33 0.000000
33 33 0.000000
34 33 0.000000
35 33 0.000000
36 33 0.000000
37 33 0.000000
38 33 0.000000
39 33 0.000000
40 33 0.000000
41 33 0.000000
42 33 0.000000
43 33 0.000000
44 33 0.000000
0 32 0.000000
1 32 0.000000
2 32 0.000000
3 32 0.000000
4 32 0.000000
5 32 0.000000
6 32 0.000000
7 32 0.000000
8 32 0.000000
9 32 0.000000
10 32 0.000000
11 32 0.000000
12 32 0.000000
13 32 0.000000
14 32 0.000000
15 32 0.000000
16 32 0.000000
17 32 37.597713
18 32 62.579338
19 32 23.345463
20 32 0.000000
21 32 0.000000
22 32 0.000000
23 32 0.000000
24 32 0.000000
25 32 0.000000
26 32 0.000000
27 32 0.000000
28 32 0.000000
29 32 0.000000
30 32 0.000000
31 32 0.000000
32 32 0.000000
33 32 0.000000
34 32 0.000000
35 32 0.000000
36 32 0.000000
37 32 0.000000
38 32 0.000000
39 32 0.000000
40 32 0.000000
41 32 0.000000
42 32 0.000000
43 32 0.000000
44 32 0.000000
0 31 0.000000
1 31 0.000000
2 31 0.000000
3 31 0.000000
4 31 0.000000
5 31 0.000000
6 31 0.000000
7 31 0.000000
8 31 0.000000
9 31 0.000000
10 31 0.000000
11 31 0.000000
12 31 0.000000
13 31 0.000000
14 31 0.000000
15 31 0.000000
16 31 0.000000
17 31 37.151245
18 31 65.086052
19 31 37.165031
20 31 3.855156
21 31 0.000000
22 31 0.000000
23 31 0.000000
24 31 0.000000
25 31 0.000000
26 31 0.000000
27 31 0.000000
28 31 0.000000
29 31 0.000000
30 31 0.000000
31 31 0.000000
32 31 0.000000
33 31 0.000000
34 31 0.000000
35 31 0.000000
36 31 0.000000
37 31 0.000000
38 31 0.000000
39 31 0.000000
40 31 0.000000
41 31 0.000000
42 31 0.000000
43 31 0.000000
44 31 0.000000
0 30 0.000000
1 30 0.000000
2 30 0.000000
3 30 0.000000
4 30 0.000000
5 30 0.000000
6 30 0.000000
7 30 0.000000
8 30 0.000000
9 30 0.000000
10 30 0.000000
11 30 0.000000
12 30 0.000000
13 30 0.000000
14 30 0.000000
15 30 0.000000
16 30 14.054456
17 30 47.076073
18 30 79.109001
19 30 73.248901
20 30 32.522762
21 30 0.000000
22 30 0.000000
23 30 0.000000
24 30 0.000000
25 30 0.000000
26 30 0.000000
27 30 0.000000
28 30 0.000000
29 30 0.000000
30 30 0.000000
31 30 0.000000
32 30 0.000000
33 30 0.000000
34 30 0.000000
35 30 0.000000
36 30 0.000000
37 30 0.000000
38 30 0.000000
39 30 0.000000
40 30 0.000000
41 30 0.000000
42 30 0.000000
43 30 0.000000
44 30 0.000000
0 29 0.000000
1 29 0.000000
2 29 0.000000
3 29 0.000000
4 29 0.000000
5 29 0.000000
6 29 0.000000
7 29 0.000000
8 29 0.000000
9 29 0.000000
10 29 0.000000
11 29 0.000000
12 29 0.000000
13 29 0.000000
14 29 0.000000
15 29 1.671505
16 29 28.181803
17 29 66.551224
18 29 90.550346
19 29 89.326942
20 29 70.644783
21 29 42.443382
22 29 40.412460
23 29 11.898496
24 29 2.177217
25 29 10.783217
26 29 13.101363
27 29 2.703049
28 29 2.100335
29 29 0.000000
30 29 0.000000
31 29 0.000000
32 29 0.000000
33 29 0.000000
34 29 0.000000
35 29 0.000000
36 29 0.000000
37 29 0.000000
38 29 0.000000
39 29 0.000000
40 29 0.000000
41 29 0.000000
42 29 0.000000
43 29 0.000000
44 29 0.000000
0 28 0.000000
1 28 0.000000
2 28 0.000000
3 28 0.000000
4 28 0.000000
5 28 0.000000
6 28 0.000000
7 28 0.000000
8 28 0.000000
9 28 0.000000
10 28 0.000000
11 28 0.000000
12 28 0.000000
13 28 0.000000
14 28 0.000000
15 28 14.418813
16 28 46.321064
17 28 85.769135
18 28 99.052864
19 28 102.146126
20 28 102.175278
21 28 99.844017
22 28 87.216721
23 28 61.760780
24 28 36.566677
25 28 31.056438
26 28 31.669048
27 28 21.578213
28 28 20.475258
29 28 5.723991
30 28 0.000000
31 28 0.000000
32 28 0.000000
33 28 0.000000
34 28 0.000000
35 28 0.000000
36 28 0.000000
37 28 0.000000
38 28 0.000000
39 28 0.000000
40 28 0.000000
41 28 0.000000
42 28 0.000000
43 28 0.000000
44 28 0.000000
0 27 0.000000
1 27 0.000000
2 27 0.000000
3 27 0.000000
4 27 0.000000
5 27 0.000000
6 27 0.000000
7 27 0.000000
8 27 0.000000
9 27 0.000000
10 27 0.000000
11 27 0.000000
12 27 0.000000
13 27 0.000000
14 27 17.834290
15 27 54.530746
16 27 75.245758
17 27 89.273758
18 27 93.128029
19 27 95.742859
20 27 99.600555
21 27 95.452835
22 27 90.672173
23 27 76.156593
24 27 63.831131
25 27 55.033089
26 27 48.347477
27 27 45.496223
28 27 37.055981
29 27 5.879330
30 27 0.000000
31 27 0.000000
32 27 0.000000
33 27 0.000000
34 27 0.000000
35 27 0.000000
36 27 0.000000
37 27 0.000000
38 27 0.000000
39 27 0.000000
40 27 0.000000
41 27 0.000000
42 27 0.000000
43 27 0.000000
44 27 0.000000
0 26 0.000000
1 26 0.000000
2 26 0.000000
3 26 0.000000
4 26 0.000000
5 26 0.000000
6 26 0.000000
7 26 0.000000
8 26 0.000000
9 26 0.000000
10 26 0.000000
11 26 0.000000
12 26 0.000000
13 26 0.950392
14 26 24.976259
15 26 52.965668
16 26 71.022003
17 26 78.196930
18 26 77.943619
19 26 77.895378
20 26 78.768486
21 26 72.229980
22 26 67.236526
23 26 58.973499
24 26 56.280617
25 26 49.571110
26 26 45.251133
27 26 42.753422
28 26 35.158672
29 26 12.666146
30 26 0.000000
31 26 0.000000
32 26 0.000000
33 26 0.000000
34 26 0.000000
35 26 0.000000
36 26 0.000000
37 26 0.000000
38 26 0.000000
39 26 0.000000
40 26 0.000000
41 26 0.000000
42 26 0.000000
43 26 0.000000
44 26 0.000000
0 25 0.000000
1 25 0.000000
2 25 0.000000
3 25 0.000000
4 25 0.000000
5 25 0.000000
6 25 0.000000
7 25 0.000000
8 25 0.000000
9 25 0.000000
10 25 0.000000
11 25 0.000000
12 25 0.000000
13 25 0.000000
14 25 5.150929
15 25 30.632349
16 25 54.517014
17 25 62.333130
18 25 60.021515
19 25 59.187389
20 25 57.626247
21 25 52.661194
22 25 48.365608
23 25 46.031670
24 25 44.257690
25 25 41.933838
26 25 39.541409
27 25 39.106350
28 25 36.209801
29 25 16.926018
30 25 10.880669
31 25 0.000000
32 25 0.000000
33 25 0.000000
34 25 0.000000
35 25 0.000000
36 25 0.000000
37 25 0.000000
38 25 0.000000
39 25 0.000000
40 25 0.000000
41 25 0.000000
42 25 0.000000
43 25 0.000000
44 25 0.000000
0 24 0.000000
1 24 0.000000
2 24 0.000000
3 24 0.000000
4 24 0.000000
5 24 0.000000
6 24 0.000000
7 24 0.000000
8 24 0.000000
9 24 0.000000
10 24 0.000000
11 24 0.000000
12 24 0.000000
13 24 0.000000
14 24 4.414917
15 24 26.082878
16 24 40.689640
17 24 45.324547
18 24 44.730503
19 24 44.120880
20 24 40.893742
21 24 37.275089
22 24 36.295700
23 24 36.111443
24 24 35.078426
25 24 34.103973
26 24 34.059975
27 24 35.428493
28 24 38.465645
29 24 36.512253
30 24 26.702188
31 24 18.715782
32 24 0.755067
33 24 0.000000
34 24 0.000000
35 24 0.000000
36 24 0.000000
37 24 0.000000
38 24 0.000000
39 24 0.000000
40 24 0.000000
41 24 0.000000
42 24 0.000000
43 24 0.000000
44 24 0.000000
0 23 0.000000
1 23 0.000000
2 23 0.000000
3 23 0.000000
4 23 0.000000
5 23 0.000000
6 23 0.000000
7 23 0.000000
8 23 0.000000
9 23 0.000000
10 23 0.000000
11 23 0.000000
12 23 0.000000
13 23 0.000000
14 23 15.291947
15 23 28.385504
16 23 34.012077
17 23 36.084942
18 23 36.417290
19 23 37.063839
20 23 33.740261
21 23 31.489136
22 23 30.382536
23 23 29.990940
24 23 29.011648
25 23 27.939758
26 23 28.354294
27 23 29.524860
28 23 27.879089
29 23 24.791840
30 23 26.145452
31 23 25.671637
32 23 5.371519
33 23 0.000000
34 23 0.000000
35 23 0.000000
36 23 0.000000
37 23 0.000000
38 23 0.000000
39 23 0.000000
40 23 0.000000
41 23 0.000000
42 23 0.000000
43 23 0.000000
44 23 0.000000
0 22 0.000000
1 22 0.000000
2 22 0.000000
3 22 0.000000
4 22 0.000000
5 22 0.000000
6 22 0.000000
7 22 0.000000
8 22 0.000000
9 22 0.000000
10 22 0.000000
11 22 0.000000
12 22 0.000000
13 22 0.474101
14 22 17.445110
15 22 27.376949
16 22 28.595455
17 22 29.749475
18 22 30.150154
19 22 30.164034
20 22 28.541027
21 22 27.414267
22 22 24.779549
23 22 17.191799
24 22 14.909126
25 22 18.834791
26 22 16.083754
27 22 13.398608
28 22 9.314881
29 22 10.051412
30 22 5.808662
31 22 3.385387
32 22 0.472078
33 22 0.000000
34 22 0.000000
35 22 0.000000
36 22 0.000000
37 22 0.000000
38 22 0.000000
39 22 0.000000
40 22 0.000000
41 22 0.000000
42 22 0.000000
43 22 0.000000
44 22 0.000000
0 21 0.000000
1 21 0.000000
2 21 0.000000
3 21 0.000000
4 21 0.000000
5 21 0.000000
6 21 0.000000
7 21 0.000000
8 21 0.000000
9 21 0.000000
10 21 0.000000
11 21 0.562319
12 21 4.102538
13 21 1.952169
14 21 16.143667
15 21 21.217096
16 21 23.798666
17 21 25.042093
18 21 25.267418
19 21 25.134457
20 21 24.165207
21 21 21.526258
22 21 14.540871
23 21 3.342075
24 21 4.087996
25 21 7.554732
26 21 0.975054
27 21 0.000000
28 21 0.000000
29 21 0.000000
30 21 0.000000
31 21 0.000000
32 21 0.000000
33 21 0.000000
34 21 0.000000
35 21 0.000000
36 21 0.000000
37 21 0.000000
38 21 0.000000
39 21 0.000000
40 21 0.000000
41 21 0.000000
42 21 0.000000
43 21 0.000000
44 21 0.000000
0 20 0.000000
1 20 0.000000
2 20 0.000000
3 20 0.000000
4 20 0.000000
5 20 0.000000
6 20 0.000000
7 20 0.000000
8 20 0.000000
9 20 0.000000
10 20 0.000000
11 20 0.000000
12 20 5.842597
13 20 9.867702
14 20 17.004606
15 20 19.469992
16 20 21.332928
17 20 22.708931
18 20 23.365620
19 20 24.011875
20 20 22.697451
21 20 18.162575
22 20 7.660772
23 20 0.329513
24 20 0.000000
25 20 2.470195
26 20 0.000000
27 20 0.000000
28 20 0.000000
29 20 0.000000
30 20 0.000000
31 20 0.000000
32 20 0.000000
33 20 0.000000
34 20 0.000000
35 20 0.000000
36 20 0.000000
37 20 0.000000
38 20 0.000000
39 20 0.000000
40 20 0.000000
41 20 0.000000
42 20 0.000000
43 20 0.000000
44 20 0.000000
0 19 0.000000
1 19 0.000000
2 19 0.000000
3 19 0.000000
4 19 0.000000
5 19 0.000000
6 19 0.000000
7 19 0.000000
8 19 0.000000
9 19 0.000000
10 19 0.000000
11 19 0.000000
12 19 0.000000
13 19 1.969465
14 19 12.119884
15 19 17.578257
16 19 19.537096
17 19 20.923222
18 19 21.802340
19 19 22.441965
20 19 21.132626
21 19 15.570430
22 19 7.288089
23 19 0.000000
24 19 0.000000
25 19 0.000000
26 19 0.000000
27 19 0.000000
28 19 0.000000
29 19 0.000000
30 19 0.000000
31 19 0.000000
32 19 0.000000
33 19 0.000000
34 19 0.000000
35 19 0.000000
36 19 0.000000
37 19 0.000000
38 19 0.000000
39 19 0.000000
40 19 0.000000
41 19 0.000000
42 19 0.000000
43 19 0.000000
44 19 0.000000
0 18 0.000000
1 18 0.000000
2 18 0.000000
3 18 0.000000
4 18 0.000000
5 18 0.000000
6 18 0.000000
7 18 0.000000
8 18 0.000000
9 18 0.000000
10 18 0.000000
11 18 0.000000
12 18 0.000000
13 18 0.232360
14 18 11.576466
15 18 17.426270
16 18 18.339718
17 18 18.522238
18 18 18.754282
19 18 18.692656
20 18 13.484688
21 18 8.875588
22 18 1.779736
23 18 0.000000
24 18 0.000000
25 18 0.000000
26 18 0.000000
27 18 0.000000
28 18 0.000000
29 18 0.000000
30 18 0.000000
31 18 0.000000
32 18 0.000000
33 18 0.000000
34 18 0.000000
35 18 0.000000
36 18 0.000000
37 18 0.000000
38 18 0.000000
39 18 0.000000
40 18 0.000000
41 18 0.000000
42 18 0.000000
43 18 0.000000
44 18 0.000000
0 17 0.000000
1 17 0.000000
2 17 0.000000
3 17 0.000000
4 17 0.000000
5 17 0.000000
6 17 0.000000
7 17 0.000000
8 17 0.000000
9 17 0.000000
10 17 0.000000
11 17 0.000000
12 17 0.000000
13 17 3.259256
14 17 13.062815
15 17 16.605289
16 17 16.788975
17 17 16.379028
18 17 16.291815
19 17 12.769786
20 17 6.151649
21 17 1.916656
22 17 0.000000
23 17 0.000000
24 17 0.000000
25 17 0.000000
26 17 0.000000
27 17 0.000000
28 17 0.000000
29 17 0.000000
30 17 0.000000
31 17 0.000000
32 17 0.000000
33 17 0.000000
34 17 0.000000
35 17 0.000000
36 17 0.000000
37 17 0.000000
38 17 0.000000
39 17 0.000000
40 17 0.000000
41 17 0.000000
42 17 0.000000
43 17 0.000000
44 17 0.000000
0 16 0.000000
1 16 0.000000
2 16 0.000000
3 16 0.000000
4 16 0.000000
5 16 0.000000
6 16 0.000000
7 16 0.000000
8 16 0.000000
9 16 0.000000
10 16 0.000000
11 16 0.000000
12 16 0.000000
13 16 3.033059
14 16 10.696991
15 16 14.987833
16 16 15.057406
17 16 14.785779
18 16 14.296572
19 16 11.560722
20 16 1.053939
21 16 0.000000
22 16 0.000000
23 16 0.000000
24 16 0.000000
25 16 0.000000
26 16 0.000000
27 16 0.000000
28 16 0.000000
29 16 0.000000
30 16 0.000000
31 16 0.000000
32 16 0.000000
33 16 0.000000
34 16 0.000000
35 16 0.000000
36 16 0.000000
37 16 0.000000
38 16 0.000000
39 16 0.000000
40 16 0.000000
41 16 0.000000
42 16 0.000000
43 16 0.000000
44 16 0.000000
0 15 0.000000
1 15 0.000000
2 15 0.000000
3 15 0.000000
4 15 0.000000
5 15 0.000000
6 15 0.000000
7 15 0.000000
8 15 0.000000
9 15 0.000000
10 15 0.000000
11 15 0.000000
12 15 0.000000
13 15 3.321931
14 15 8.683301
15 15 10.208941
16 15 10.538639
17 15 8.292755
18 15 6.115008
19 15 2.849731
20 15 0.000000
21 15 0.000000
22 15 0.000000
23 15 0.000000
24 15 0.000000
25 15 0.000000
26 15 0.000000
27 15 0.000000
28 15 0.000000
29 15 0.000000
30 15 0.000000
31 15 0.000000
32 15 0.000000
33 15 0.000000
34 15 0.000000
35 15 0.000000
36 15 0.000000
37 15 0.000000
38 15 0.000000
39 15 0.000000
40 15 0.000000
41 15 0.000000
42 15 0.000000
43 15 0.000000
44 15 0.000000
0 14 0.000000
1 14 0.000000
2 14 0.000000
3 14 0.000000
4 14 0.000000
5 14 0.000000
6 14 0.000000
7 14 0.000000
8 14 0.000000
9 14 0.000000
10 14 0.000000
11 14 0.000000
12 14 0.000000
13 14 0.701950
14 14 3.922864
15 14 6.790998
16 14 6.020416
17 14 3.557022
18 14 1.885030
19 14 0.000000
20 14 0.000000
21 14 0.000000
22 14 0.000000
23 14 0.000000
24 14 0.000000
25 14 0.000000
26 14 0.000000
27 14 0.000000
28 14 0.000000
29 14 0.000000
30 14 0.000000
31 14 0.000000
32 14 0.000000
33 14 0.000000
34 14 0.000000
35 14 0.000000
36 14 0.000000
37 14 0.000000
38 14 0.000000
39 14 0.000000
40 14 0.000000
41 14 0.000000
42 14 0.000000
43 14 0.000000
44 14 0.000000
0 13 0.000000
1 13 0.000000
2 13 0.000000
3 13 0.000000
4 13 0.000000
5 13 0.000000
6 13 0.000000
7 13 0.000000
8 13 0.000000
9 13 0.000000
10 13 0.000000
11 13 0.000000
12 13 0.000000
13 13 0.000000
14 13 0.771052
15 13 2.551804
16 13 2.480523
17 13 0.160008
18 13 0.000000
19 13 0.000000
20 13 0.000000
21 13 0.000000
22 13 0.000000
23 13 0.000000
24 13 0.000000
25 13 0.000000
26 13 0.000000
27 13 0.000000
28 13 0.000000
29 13 0.000000
30 13 0.000000
31 13 0.000000
32 13 0.000000
33 13 0.000000
34 13 0.000000
35 13 0.000000
36 13 0.000000
37 13 0.000000
38 13 0.000000
39 13 0.000000
40 13 0.000000
41 13 0.000000
42 13 0.000000
43 13 0.000000
44 13 0.000000
0 12 0.000000
1 12 0.000000
2 12 0.000000
3 12 0.000000
4 12 0.000000
5 12 0.000000
6 12 0.000000
7 12 0.000000
8 12 0.000000
9 12 0.000000
10 12 0.000000
11 12 0.000000
12 12 0.000000
13 12 0.000000
14 12 0.000000
15 12 0.374149
16 12 0.068281
17 12 0.000000
18 12 0.000000
19 12 0.000000
20 12 0.000000
21 12 0.000000
22 12 0.000000
23 12 0.000000
24 12 0.000000
25 12 0.000000
26 12 0.000000
27 12 0.000000
28 12 0.000000
29 12 0.000000
30 12 0.000000
31 12 0.000000
32 12 0.000000
33 12 0.000000
34 12 0.000000
35 12 0.000000
36 12 0.000000
37 12 0.000000
38 12 0.000000
39 12 0.000000
40 12 0.000000
41 12 0.000000
42 12 0.000000
43 12 0.000000
44 12 0.000000
0 11 0.000000
1 11 0.000000
2 11 0.000000
3 11 0.000000
4 11 0.000000
5 11 0.000000
6 11 0.000000
7 11 0.000000
8 11 0.000000
9 11 0.000000
10 11 0.000000
11 11 0.000000
12 11 0.000000
13 11 0.000000
14 11 0.000000
15 11 0.000000
16 11 0.000000
17 11 0.000000
18 11 0.000000
19 11 0.000000
20 11 0.000000
21 11 0.000000
22 11 0.000000
23 11 0.000000
24 11 0.000000
25 11 0.000000
26 11 0.000000
27 11 0.000000
28 11 0.000000
29 11 0.000000
30 11 0.000000
31 11 0.000000
32 11 0.000000
33 11 0.000000
34 11 0.000000
35 11 0.000000
36 11 0.000000
37 11 0.000000
38 11 0.000000
39 11 0.000000
40 11 0.000000
41 11 0.000000
42 11 0.000000
43 11 0.000000
44 11 0.000000
0 10 0.000000
1 10 0.000000
2 10 0.000000
3 10 0.000000
4 10 0.000000
5 10 0.000000
6 10 0.000000
7 10 0.000000
8 10 0.000000
9 10 0.000000
10 10 0.000000
11 10 0.000000
12 10 0.000000
13 10 0.000000
14 10 0.000000
15 10 0.000000
16 10 0.000000
17 10 0.000000
18 10 0.000000
19 10 0.000000
20 10 0.000000
21 10 0.000000
22 10 0.000000
23 10 0.000000
24 10 0.000000
25 10 0.000000
26 10 0.000000
27 10 0.000000
28 10 0.000000
29 10 0.000000
30 10 0.000000
31 10 0.000000
32 10 0.000000
33 10 0.000000
34 10 0.000000
35 10 0.000000
36 10 0.000000
37 10 0.000000
38 10 0.000000
39 10 0.000000
40 10 0.000000
41 10 0.000000
42 10 0.000000
43 10 0.000000
44 10 0.000000
0 9 0.000000
1 9 0.000000
2 9 0.000000
3 9 0.000000
4 9 0.000000
5 9 0.000000
6 9 0.000000
7 9 0.000000
8 9 0.000000
9 9 0.000000
10 9 0.000000
11 9 0.000000
12 9 0.000000
13 9 0.000000
14 9 0.000000
15 9 0.000000
16 9 0.000000
17 9 0.000000
18 9 0.000000
19 9 0.000000
20 9 0.000000
21 9 0.000000
22 9 0.000000
23 9 0.000000
24 9 0.000000
25 9 0.000000
26 9 0.000000
27 9 0.000000
28 9 0.000000
29 9 0.000000
30 9 0.000000
31 9 0.000000
32 9 0.000000
33 9 0.000000
34 9 0.000000
35 9 0.000000
36 9 0.000000
37 9 0.000000
38 9 0.000000
39 9 0.000000
40 9 0.000000
41 9 0.000000
42 9 0.000000
43 9 0.000000
44 9 0.000000
0 8 0.000000
1 8 0.000000
2 8 0.000000
3 8 0.000000
4 8 0.000000
5 8 0.000000
6 8 0.000000
7 8 0.000000
8 8 0.000000
9 8 0.000000
10 8 0.000000
11 8 0.000000
12 8 0.000000
13 8 0.000000
14 8 0.000000
15 8 0.000000
16 8 0.000000
17 8 0.000000
18 8 0.000000
19 8 0.000000
20 8 0.000000
21 8 0.000000
22 8 0.000000
23 8 0.000000
24 8 0.000000
25 8 0.000000
26 8 0.000000
27 8 0.000000
28 8 0.000000
29 8 0.000000
30 8 0.000000
31 8 0.000000
32 8 0.000000
33 8 0.000000
34 8 0.000000
35 8 0.000000
36 8 0.000000
37 8 0.000000
38 8 0.000000
39 8 0.000000
40 8 0.000000
41 8 0.000000
42 8 0.000000
43 8 0.000000
44 8 0.000000
0 7 0.000000
1 7 0.000000
2 7 0.000000
3 7 0.000000
4 7 0.000000
5 7 0.000000
6 7 0.000000
7 7 0.000000
8 7 0.000000
9 7 0.000000
10 7 0.000000
11 7 0.000000
12 7 0.000000
13 7 0.000000
14 7 0.000000
15 7 0.000000
16 7 0.000000
17 7 0.000000
18 7 0.000000
19 7 0.000000
20 7 0.000000
21 7 0.000000
22 7 0.000000
23 7 0.000000
24 7 0.000000
25 7 0.000000
26 7 0.000000
27 7 0.000000
28 7 0.000000
29 7 0.000000
30 7 0.000000
31 7 0.000000
32 7 0.000000
33 7 0.000000
34 7 0.000000
35 7 0.000000
36 7 0.000000
37 7 0.000000
38 7 0.000000
39 7 0.000000
40 7 0.000000
41 7 0.000000
42 7 0.000000
43 7 0.000000
44 7 0.000000
0 6 0.000000
1 6 0.000000
2 6 0.000000
3 6 0.000000
4 6 0.000000
5 6 0.000000
6 6 0.000000
7 6 0.000000
8 6 0.000000
9 6 0.000000
10 6 0.000000
11 6 0.000000
12 6 0.000000
13 6 0.000000
14 6 0.000000
15 6 0.000000
16 6 0.000000
17 6 0.000000
18 6 0.000000
19 6 0.000000
20 6 0.000000
21 6 0.000000
22 6 0.000000
23 6 0.000000
24 6 0.000000
25 6 0.000000
26 6 0.000000
27 6 0.000000
28 6 0.000000
29 6 0.000000
30 6 0.000000
31 6 0.000000
32 6 0.000000
33 6 0.000000
34 6 0.000000
35 6 0.000000
36 6 0.000000
37 6 0.000000
38 6 0.000000
39 6 0.000000
40 6 0.000000
41 6 0.000000
42 6 0.000000
43 6 0.000000
44 6 0.000000
0 5 0.000000
1 5 0.000000
2 5 0.000000
3 5 0.000000
4 5 0.000000
5 5 0.000000
6 5 0.000000
7 5 0.000000
8 5 0.000000
9 5 0.000000
10 5 0.000000
11 5 0.000000
12 5 0.000000
13 5 0.000000
14 5 0.000000
15 5 0.000000
16 5 0.000000
17 5 0.000000
18 5 0.000000
19 5 0.000000
20 5 0.000000
21 5 0.000000
22 5 0.000000
23 5 0.000000
24 5 0.000000
25 5 0.000000
26 5 0.000000
27 5 0.000000
28 5 0.000000
29 5 0.000000
30 5 0.000000
31 5 0.000000
32 5 0.000000
33 5 0.000000
34 5 0.000000
35 5 0.000000
36 5 0.000000
37 5 0.000000
38 5 0.000000
39 5 0.000000
40 5 0.000000
41 5 0.000000
42 5 0.000000
43 5 0.000000
44 5 0.000000
0 4 0.000000
1 4 0.000000
2 4 0.000000
3 4 0.000000
4 4 0.000000
5 4 0.000000
6 4 0.000000
7 4 0.000000
8 4 0.000000
9 4 0.000000
10 4 0.000000
11 4 0.000000
12 4 0.000000
13 4 0.000000
14 4 0.000000
15 4 0.000000
16 4 0.000000
17 4 0.000000
18 4 0.000000
19 4 0.000000
20 4 0.000000
21 4 0.000000
22 4 0.000000
23 4 0.000000
24 4 0.000000
25 4 0.000000
26 4 0.000000
27 4 0.000000
28 4 0.000000
29 4 0.000000
30 4 0.000000
31 4 0.000000
32 4 0.000000
33 4 0.000000
34 4 0.000000
35 4 0.000000
36 4 0.000000
37 4 0.000000
38 4 0.000000
39 4 0.000000
40 4 0.000000
41 4 0.000000
42 4 0.000000
43 4 0.000000
44 4 0.000000
0 3 0.000000
1 3 0.000000
2 3 0.000000
3 3 0.000000
4 3 0.000000
5 3 0.000000
6 3 0.000000
7 3 0.000000
8 3 0.000000
9 3 0.000000
10 3 0.000000
11 3 0.000000
12 3 0.000000
13 3 0.000000
14 3 0.000000
15 3 0.000000
16 3 0.000000
17 3 0.000000
18 3 0.000000
19 3 0.000000
20 3 0.000000
21 3 0.000000
22 3 0.000000
23 3 0.000000
24 3 0.000000
25 3 0.000000
26 3 0.000000
27 3 0.000000
28 3 0.000000
29 3 0.000000
30 3 0.000000
31 3 0.000000
32 3 0.000000
33 3 0.000000
34 3 0.000000
35 3 0.000000
36 3 0.000000
37 3 0.000000
38 3 0.000000
39 3 0.000000
40 3 0.000000
41 3 0.000000
42 3 0.000000
43 3 0.000000
44 3 0.000000
0 2 0.000000
1 2 0.000000
2 2 0.000000
3 2 0.000000
4 2 0.000000
5 2 0.000000
6 2 0.000000
7 2 0.000000
8 2 0.000000
9 2 0.000000
10 2 0.000000
11 2 0.000000
12 2 0.000000
13 2 0.000000
14 2 0.000000
15 2 0.000000
16 2 0.000000
17 2 0.000000
18 2 0.000000
19 2 0.000000
20 2 0.000000
21 2 0.000000
22 2 0.000000
23 2 0.000000
24 2 0.000000
25 2 0.000000
26 2 0.000000
27 2 0.000000
28 2 0.000000
29 2 0.000000
30 2 0.000000
31 2 0.000000
32 2 0.000000
33 2 0.000000
34 2 0.000000
35 2 0.000000
36 2 0.000000
37 2 0.000000
38 2 0.000000
39 2 0.000000
40 2 0.000000
41 2 0.000000
42 2 0.000000
43 2 0.000000
44 2 0.000000
0 1 0.000000
1 1 0.000000
2 1 0.000000
3 1 0.000000
4 1 0.000000
5 1 0.000000
6 1 0.000000
7 1 0.000000
8 1 0.000000
9 1 0.000000
10 1 0.000000
11 1 0.000000
12 1 0.000000
13 1 0.000000
14 1 0.000000
15 1 0.000000
16 1 0.000000
17 1 0.000000
18 1 0.000000
19 1 0.000000
20 1 0.000000
21 1 0.000000
22 1 0.000000
23 1 0.000000
24 1 0.000000
25 1 0.000000
26 1 0.000000
27 1 0.000000
28 1 0.000000
29 1 0.000000
30 1 0.000000
31 1 0.000000
32 1 0.000000
33 1 0.000000
34 1 0.000000
35 1 0.000000
36 1 0.000000
37 1 0.000000
38 1 0.000000
39 1 0.000000
40 1 0.000000
41 1 0.000000
42 1 0.000000
43 1 0.000000
44 1 0.000000
0 0 0.000000
1 0 0.000000
2 0 0.000000
3 0 0.000000
4 0 0.000000
5 0 0.000000
6 0 0.000000
7 0 0.000000
8 0 0.000000
9 0 0.000000
10 0 0.000000
11 0 0.000000
12 0 0.000000
13 0 0.000000
14 0 0.000000
15 0 0.000000
16 0 0.000000
17 0 0.000000
18 0 0.000000
19 0 0.000000
20 0 0.000000
21 0 0.000000
22 0 0.000000
23 0 0.000000
24 0 0.000000
25 0 0.000000
26 0 0.000000
27 0 0.000000
28 0 0.000000
29 0 0.000000
30 0 0.000000
31 0 0.000000
32 0 0.000000
33 0 0.000000
34 0 0.000000
35 0 0.000000
36 0 0.000000
37 0 0.000000
38 0 0.000000
39 0 0.000000
40 0 0.000000
41 0 0.000000
42 0 0.000000
43 0 0.000000
44 0 0.000000
