0 48 0.000000
1 48 0.000000
2 48 0.000000
3 48 0.000000
4 48 0.000000
5 48 0.000000
6 48 0.000000
7 48 0.000000
8 48 0.000000
9 48 0.000000
10 48 0.000000
11 48 0.000000
12 48 0.000000
13 48 0.000000
14 48 0.000000
15 48 0.000000
16 48 0.000000
17 48 0.000000
18 48 0.000000
19 48 0.000000
20 48 0.000000
21 48 0.000000
22 48 0.000000
23 48 0.000000
24 48 0.000000
25 48 0.000000
26 48 0.000000
27 48 0.000000
28 48 0.000000
29 48 0.000000
30 48 0.000000
31 48 0.000000
32 48 0.000000
33 48 0.000000
34 48 0.000000
35 48 0.000000
36 48 0.000000
37 48 0.000000
38 48 0.000000
39 48 0.000000
40 48 0.000000
41 48 0.000000
42 48 0.000000
43 48 0.000000
44 48 0.000000
45 48 0.000000
0 47 0.000000
1 47 0.000000
2 47 0.000000
3 47 0.000000
4 47 0.000000
5 47 0.000000
6 47 0.000000
7 47 0.000000
8 47 0.000000
9 47 0.000000
10 47 0.000000
11 47 0.000000
12 47 0.000000
13 47 0.000000
14 47 0.000000
15 47 0.000000
16 47 0.000000
17 47 0.000000
18 47 0.000000
19 47 0.000000
20 47 0.000000
21 47 0.000000
22 47 0.000000
23 47 0.000000
24 47 0.000000
25 47 0.000000
26 47 0.000000
27 47 0.000000
28 47 0.000000
29 47 0.000000
30 47 0.000000
31 47 0.000000
32 47 0.000000
33 47 0.000000
34 47 0.000000
35 47 0.000000
36 47 0.000000
37 47 0.000000
38 47 0.000000
39 47 0.000000
40 47 0.000000
41 47 0.000000
42 47 0.000000
43 47 0.000000
44 47 0.000000
45 47 0.000000
0 46 0.000000
1 46 0.000000
2 46 0.000000
3 46 0.000000
4 46 0.000000
5 46 0.000000
6 46 0.000000
7 46 0.000000
8 46 0.000000
9 46 0.000000
10 46 0.000000
11 46 0.000000
12 46 0.000000
13 46 0.000000
14 46 0.000000
15 46 0.000000
16 46 0.000000
17 46 0.000000
18 46 0.000000
19 46 0.000000
20 46 0.000000
21 46 0.000000
22 46 0.000000
23 46 0.000000
24 46 0.000000
25 46 0.000000
26 46 0.000000
27 46 0.000000
28 46 0.000000
29 46 0.000000
30 46 0.000000
31 46 0.000000
32 46 0.000000
33 46 0.000000
34 46 0.000000
35 46 0.000000
36 46 0.000000
37 46 0.000000
38 46 0.000000
39 46 0.000000
40 46 0.000000
41 46 0.000000
42 46 0.000000
43 46 0.000000
44 46 0.000000
45 46 0.000000
0 45 0.000000
1 45 0.000000
2 45 0.000000
3 45 0.000000
4 45 0.000000
5 45 0.000000
6 45 0.000000
7 45 0.000000
8 45 0.000000
9 45 0.000000
10 45 0.000000
11 45 0.000000
12 45 0.000000
13 45 0.000000
14 45 0.000000
15 45 0.000000
16 45 0.000000
17 45 0.000000
18 45 0.000000
19 45 0.000000
20 45 0.000000
21 45 0.000000
22 45 0.000000
23 45 0.000000
24 45 0.000000
25 45 0.000000
26 45 0.000000
27 45 0.000000
28 45 0.000000
29 45 0.000000
30 45 0.000000
31 45 0.000000
32 45 0.000000
33 45 0.000000
34 45 0.000000
35 45 0.000000
36 45 0.000000
37 45 0.000000
38 45 0.000000
39 45 0.000000
40 45 0.000000
41 45 0.000000
42 45 0.000000
43 45 0.000000
44 45 0.000000
45 45 0.000000
0 44 0.000000
1 44 0.000000
2 44 0.000000
3 44 0.000000
4 44 0.000000
5 44 0.000000
6 44 0.000000
7 44 0.000000
8 44 0.000000
9 44 0.000000
10 44 0.000000
11 44 0.000000
12 44 0.000000
13 44 0.000000
14 44 0.000000
15 44 0.000000
16 44 0.000000
17 44 0.000000
18 44 0.000000
19 44 0.000000
20 44 0.000000
21 44 0.000000
22 44 0.000000
23 44 0.000000
24 44 0.000000
25 44 0.000000
26 44 0.000000
27 44 0.000000
28 44 0.000000
29 44 0.000000
30 44 0.000000
31 44 0.000000
32 44 0.000000
33 44 0.000000
34 44 0.000000
35 44 0.000000
36 44 0.000000
37 44 0.000000
38 44 0.000000
39 44 0.000000
40 44 0.000000
41 44 0.000000
42 44 0.000000
43 44 0.000000
44 44 0.000000
45 44 0.000000
0 43 0.000000
1 43 0.000000
2 43 0.000000
3 43 0.000000
4 43 0.000000
5 43 0.000000
6 43 0.000000
7 43 0.000000
8 43 0.000000
9 43 0.000000
10 43 0.000000
11 43 0.000000
12 43 0.000000
13 43 0.000000
14 43 0.000000
15 43 0.000000
16 43 0.000000
17 43 0.000000
18 43 0.000000
19 43 0.000000
20 43 0.000000
21 43 0.000000
22 43 0.000000
23 43 0.000000
24 43 0.000000
25 43 0.000000
26 43 0.000000
27 43 0.000000
28 43 0.000000
29 43 0.000000
30 43 0.000000
31 43 0.000000
32 43 0.000000
33 43 0.000000
34 43 0.000000
35 43 0.000000
36 43 0.000000
37 43 0.000000
38 43 0.000000
39 43 0.000000
40 43 0.000000
41 43 0.000000
42 43 0.000000
43 43 0.000000
44 43 0.000000
45 43 0.000000
0 42 0.000000
1 42 0.000000
2 42 0.000000
3 42 0.000000
4 42 0.000000
5 42 0.000000
6 42 0.000000
7 42 0.000000
8 42 0.000000
9 42 0.000000
10 42 0.000000
11 42 0.000000
12 42 0.000000
13 42 0.000000
14 42 0.000000
15 42 0.000000
16 42 0.000000
17 42 0.000000
18 42 0.000000
19 42 0.000000
20 42 0.000000
21 42 0.000000
22 42 0.000000
23 42 0.000000
24 42 0.000000
25 42 0.000000
26 42 0.000000
27 42 0.000000
28 42 0.000000
29 42 0.000000
30 42 0.000000
31 42 0.000000
32 42 0.000000
33 42 0.000000
34 42 0.000000
35 42 0.000000
36 42 0.000000
37 42 0.000000
38 42 0.000000
39 42 0.000000
40 42 0.000000
41 42 0.000000
42 42 0.000000
43 42 0.000000
44 42 0.000000
45 42 0.000000
0 41 0.000000
1 41 0.000000
2 41 0.000000
3 41 0.000000
4 41 0.000000
5 41 0.000000
6 41 0.000000
7 41 0.000000
8 41 0.000000
9 41 0.000000
10 41 0.000000
11 41 0.000000
12 41 0.000000
13 41 0.000000
14 41 0.000000
15 41 0.000000
16 41 0.000000
17 41 0.000000
18 41 0.000000
19 41 0.000000
20 41 0.000000
21 41 0.000000
22 41 0.000000
23 41 0.000000
24 41 0.000000
25 41 0.000000
26 41 0.000000
27 41 0.000000
28 41 0.000000
29 41 0.000000
30 41 0.000000
31 41 0.000000
32 41 0.000000
33 41 0.000000
34 41 0.000000
35 41 0.000000
36 41 0.000000
37 41 0.000000
38 41 0.000000
39 41 0.000000
40 41 0.000000
41 41 0.000000
42 41 0.000000
43 41 0.000000
44 41 0.000000
45 41 0.000000
0 40 0.000000
1 40 0.000000
2 40 0.000000
3 40 0.000000
4 40 0.000000
5 40 0.000000
6 40 0.000000
7 40 0.000000
8 40 0.000000
9 40 0.000000
10 40 0.000000
11 40 0.000000
12 40 0.000000
13 40 0.000000
14 40 0.000000
15 40 0.000000
16 40 0.000000
17 40 0.000000
18 40 0.000000
19 40 0.000000
20 40 0.000000
21 40 0.000000
22 40 0.000000
23 40 0.000000
24 40 0.000000
25 40 0.000000
26 40 0.000000
27 40 0.000000
28 40 0.000000
29 40 0.000000
30 40 0.000000
31 40 0.000000
32 40 0.000000
33 40 0.000000
34 40 0.000000
35 40 0.000000
36 40 0.000000
37 40 0.000000
38 40 0.000000
39 40 0.000000
40 40 0.000000
41 40 0.000000
42 40 0.000000
43 40 0.000000
44 40 0.000000
45 40 0.000000
0 39 0.000000
1 39 0.000000
2 39 0.000000
3 39 0.000000
4 39 0.000000
5 39 0.000000
6 39 0.000000
7 39 0.000000
8 39 0.000000
9 39 0.000000
10 39 0.000000
11 39 0.000000
12 39 0.000000
13 39 0.000000
14 39 0.000000
15 39 0.000000
16 39 0.000000
17 39 0.000000
18 39 0.000000
19 39 0.000000
20 39 0.000000
21 39 0.000000
22 39 0.000000
23 39 0.000000
24 39 0.000000
25 39 0.000000
26 39 0.000000
27 39 0.000000
28 39 0.000000
29 39 0.000000
30 39 0.000000
31 39 0.000000
32 39 0.000000
33 39 0.000000
34 39 0.000000
35 39 0.000000
36 39 0.000000
37 39 0.000000
38 39 0.000000
39 39 0.000000
40 39 0.000000
41 39 0.000000
42 39 0.000000
43 39 0.000000
44 39 0.000000
45 39 0.000000
0 38 0.000000
1 38 0.000000
2 38 0.000000
3 38 0.000000
4 38 0.000000
5 38 0.000000
6 38 0.000000
7 38 0.000000
8 38 0.000000
9 38 0.000000
10 38 0.000000
11 38 0.000000
12 38 0.000000
13 38 0.000000
14 38 0.000000
15 38 0.000000
16 38 0.000000
17 38 0.000000
18 38 0.000000
19 38 0.000000
20 38 0.000000
21 38 0.000000
22 38 0.000000
23 38 0.000000
24 38 0.000000
25 38 0.000000
26 38 0.000000
27 38 0.000000
28 38 0.000000
29 38 0.000000
30 38 0.000000
31 38 0.000000
32 38 0.000000
33 38 0.000000
34 38 0.000000
35 38 0.000000
36 38 0.000000
37 38 0.000000
38 38 0.000000
39 38 0.000000
40 38 0.000000
41 38 0.000000
42 38 0.000000
43 38 0.000000
44 38 0.000000
45 38 0.000000
0 37 0.000000
1 37 0.000000
2 37 0.000000
3 37 0.000000
4 37 0.000000
5 37 0.000000
6 37 0.000000
7 37 0.000000
8 37 0.000000
9 37 0.000000
10 37 0.000000
11 37 0.000000
12 37 0.000000
13 37 0.000000
14 37 0.000000
15 37 0.000000
16 37 0.000000
17 37 0.000000
18 37 0.000000
19 37 0.000000
20 37 0.000000
21 37 0.000000
22 37 0.000000
23 37 0.000000
24 37 0.000000
25 37 0.000000
26 37 0.000000
27 37 0.000000
28 37 0.000000
29 37 0.000000
30 37 0.000000
31 37 0.000000
32 37 0.000000
33 37 0.000000
34 37 0.000000
35 37 0.000000
36 37 0.000000
37 37 0.000000
38 37 0.000000
39 37 0.000000
40 37 0.000000
41 37 0.000000
42 37 0.000000
43 37 0.000000
44 37 0.000000
45 37 0.000000
0 36 0.000000
1 36 0.000000
2 36 0.000000
3 36 0.000000
4 36 0.000000
5 36 0.000000
6 36 0.000000
7 36 0.000000
8 36 0.000000
9 36 0.000000
10 36 0.000000
11 36 0.000000
12 36 0.000000
13 36 0.000000
14 36 0.000000
15 36 0.000000
16 36 0.000000
17 36 0.000000
18 36 0.000000
19 36 0.000000
20 36 0.000000
21 36 0.000000
22 36 0.000000
23 36 0.000000
24 36 0.000000
25 36 0.000000
26 36 0.000000
27 36 0.000000
28 36 0.000000
29 36 4.300875
30 36 24.905636
31 36 2.270474
32 36 0.000000
33 36 0.000000
34 36 0.000000
35 36 0.000000
36 36 0.000000
37 36 0.000000
38 36 0.000000
39 36 0.000000
40 36 0.000000
41 36 0.000000
42 36 0.000000
43 36 0.000000
44 36 0.000000
45 36 0.000000
0 35 0.000000
1 35 0.000000
2 35 0.000000
3 35 0.000000
4 35 0.000000
5 35 0.000000
6 35 0.000000
7 35 0.000000
8 35 0.000000
9 35 0.000000
10 35 0.000000
11 35 0.000000
12 35 0.000000
13 35 0.000000
14 35 0.000000
15 35 0.000000
16 35 0.000000
17 35 0.000000
18 35 0.000000
19 35 0.000000
20 35 0.000000
21 35 0.000000
22 35 0.000000
23 35 0.000000
24 35 0.000000
25 35 0.000000
26 35 0.000000
27 35 0.000000
28 35 0.000000
29 35 12.559487
30 35 49.405903
31 35 25.195360
32 35 0.000000
33 35 0.000000
34 35 0.000000
35 35 0.000000
36 35 0.000000
37 35 0.000000
38 35 0.000000
39 35 0.000000
40 35 0.000000
41 35 0.000000
42 35 0.000000
43 35 0.000000
44 35 0.000000
45 35 0.000000
0 34 0.000000
1 34 0.000000
2 34 0.000000
3 34 0.000000
4 34 0.000000
5 34 0.000000
6 34 0.000000
7 34 0.000000
8 34 0.000000
9 34 0.000000
10 34 0.000000
11 34 0.000000
12 34 0.000000
13 34 0.000000
14 34 0.000000
15 34 0.000000
16 34 0.000000
17 34 0.000000
18 34 0.000000
19 34 0.000000
20 34 0.000000
21 34 0.000000
22 34 0.000000
23 34 0.000000
24 34 0.000000
25 34 0.000000
26 34 0.000000
27 34 0.000000
28 34 0.000000
29 34 28.475080
30 34 52.140602
31 34 15.381584
32 34 0.000000
33 34 0.000000
34 34 0.000000
35 34 0.000000
36 34 0.000000
37 34 0.000000
38 34 0.000000
39 34 0.000000
40 34 0.000000
41 34 0.000000
42 34 0.000000
43 34 0.000000
44 34 0.000000
45 34 0.000000
0 33 0.000000
1 33 0.000000
2 33 0.000000
3 33 0.000000
4 33 0.000000
5 33 0.000000
6 33 0.000000
7 33 0.000000
8 33 0.000000
9 33 0.000000
10 33 0.000000
11 33 0.000000
12 33 0.000000
13 33 0.000000
14 33 0.000000
15 33 0.000000
16 33 0.000000
17 33 0.000000
18 33 0.000000
19 33 0.000000
20 33 0.000000
21 33 0.000000
22 33 0.000000
23 33 0.000000
24 33 0.000000
25 33 0.000000
26 33 0.000000
27 33 0.000000
28 33 3.110074
29 33 44.776836
30 33 53.344475
31 33 18.501600
32 33 0.000000
33 33 0.000000
34 33 0.000000
35 33 0.000000
36 33 0.000000
37 33 0.000000
38 33 0.000000
39 33 0.000000
40 33 0.000000
41 33 0.000000
42 33 0.000000
43 33 0.000000
44 33 0.000000
45 33 0.000000
0 32 0.000000
1 32 0.000000
2 32 0.000000
3 32 0.000000
4 32 0.000000
5 32 0.000000
6 32 0.000000
7 32 0.000000
8 32 0.000000
9 32 0.000000
10 32 0.000000
11 32 0.000000
12 32 0.000000
13 32 0.000000
14 32 0.000000
15 32 0.000000
16 32 0.000000
17 32 0.000000
18 32 0.000000
19 32 0.000000
20 32 0.000000
21 32 0.000000
22 32 0.000000
23 32 0.000000
24 32 0.000000
25 32 0.000000
26 32 0.000000
27 32 0.000000
28 32 19.786516
29 32 49.840893
30 32 56.184956
31 32 32.056290
32 32 0.713149
33 32 0.000000
34 32 0.000000
35 32 0.000000
36 32 0.000000
37 32 0.000000
38 32 0.000000
39 32 0.000000
40 32 0.000000
41 32 0.000000
42 32 0.000000
43 32 0.000000
44 32 0.000000
45 32 0.000000
0 31 0.000000
1 31 0.000000
2 31 0.000000
3 31 0.000000
4 31 0.000000
5 31 0.000000
6 31 0.000000
7 31 0.000000
8 31 0.000000
9 31 0.000000
10 31 0.000000
11 31 0.000000
12 31 0.000000
13 31 0.000000
14 31 0.000000
15 31 0.000000
16 31 0.000000
17 31 0.000000
18 31 0.000000
19 31 0.000000
20 31 0.000000
21 31 0.000000
22 31 0.000000
23 31 0.000000
24 31 0.000000
25 31 0.000000
26 31 0.000000
27 31 2.231685
28 31 23.429480
29 31 57.622883
30 31 56.933849
31 31 36.037693
32 31 1.111389
33 31 0.000000
34 31 0.000000
35 31 0.000000
36 31 0.000000
37 31 0.000000
38 31 0.000000
39 31 0.000000
40 31 0.000000
41 31 0.000000
42 31 0.000000
43 31 0.000000
44 31 0.000000
45 31 0.000000
0 30 0.000000
1 30 0.000000
2 30 0.000000
3 30 0.000000
4 30 0.000000
5 30 0.000000
6 30 0.000000
7 30 0.000000
8 30 0.000000
9 30 0.000000
10 30 0.000000
11 30 0.000000
12 30 0.000000
13 30 0.000000
14 30 0.000000
15 30 0.000000
16 30 0.000000
17 30 0.000000
18 30 0.000000
19 30 0.000000
20 30 0.000000
21 30 0.000000
22 30 0.000000
23 30 0.000000
24 30 0.000000
25 30 0.000000
26 30 1.837985
27 30 16.552948
28 30 39.281528
29 30 55.141521
30 30 55.818840
31 30 37.155727
32 30 10.682212
33 30 0.000000
34 30 0.000000
35 30 0.000000
36 30 0.000000
37 30 0.000000
38 30 0.000000
39 30 0.000000
40 30 0.000000
41 30 0.000000
42 30 0.000000
43 30 0.000000
44 30 0.000000
45 30 0.000000
0 29 0.000000
1 29 0.000000
2 29 0.000000
3 29 0.000000
4 29 0.000000
5 29 0.000000
6 29 0.000000
7 29 0.000000
8 29 0.000000
9 29 0.000000
10 29 0.000000
11 29 0.000000
12 29 0.000000
13 29 0.000000
14 29 0.000000
15 29 0.000000
16 29 0.000000
17 29 0.000000
18 29 0.000000
19 29 0.000000
20 29 0.000000
21 29 0.000000
22 29 0.000000
23 29 0.000000
24 29 0.000000
25 29 13.899222
26 29 21.584789
27 29 31.238409
28 29 47.705784
29 29 56.810627
30 29 55.659096
31 29 39.391281
32 29 4.979957
33 29 0.000000
34 29 0.000000
35 29 0.000000
36 29 0.000000
37 29 0.000000
38 29 0.000000
39 29 0.000000
40 29 0.000000
41 29 0.000000
42 29 0.000000
43 29 0.000000
44 29 0.000000
45 29 0.000000
0 28 0.000000
1 28 0.000000
2 28 0.000000
3 28 0.000000
4 28 0.000000
5 28 0.000000
6 28 0.000000
7 28 0.000000
8 28 0.000000
9 28 0.000000
10 28 0.000000
11 28 0.000000
12 28 0.000000
13 28 0.000000
14 28 0.976362
15 28 1.943041
16 28 1.272363
17 28 0.461450
18 28 9.427638
19 28 10.065429
20 28 7.084362
21 28 4.570257
22 28 10.497630
23 28 7.104740
24 28 13.471703
25 28 34.287350
26 28 47.441132
27 28 52.679962
28 28 55.977654
29 28 58.391422
30 28 57.010540
31 28 36.368931
32 28 12.395421
33 28 0.000000
34 28 0.000000
35 28 0.000000
36 28 0.000000
37 28 0.000000
38 28 0.000000
39 28 0.000000
40 28 0.000000
41 28 0.000000
42 28 0.000000
43 28 0.000000
44 28 0.000000
45 28 0.000000
0 27 0.000000
1 27 0.000000
2 27 0.000000
3 27 0.000000
4 27 0.000000
5 27 0.000000
6 27 0.000000
7 27 0.000000
8 27 0.000000
9 27 0.000000
10 27 0.000000
11 27 0.000000
12 27 0.000000
13 27 5.133016
14 27 14.248976
15 27 14.653731
16 27 13.941404
17 27 15.194265
18 27 23.974586
19 27 26.266760
20 27 26.823099
21 27 29.174103
22 27 27.799145
23 27 27.520792
24 27 38.481808
25 27 48.452198
26 27 54.478115
27 27 56.984867
28 27 59.409721
29 27 60.954033
30 27 46.913910
31 27 29.490620
32 27 4.740301
33 27 0.000000
34 27 0.000000
35 27 0.000000
36 27 0.000000
37 27 0.000000
38 27 0.000000
39 27 0.000000
40 27 0.000000
41 27 0.000000
42 27 0.000000
43 27 0.000000
44 27 0.000000
45 27 0.000000
0 26 0.000000
1 26 0.000000
2 26 0.000000
3 26 0.000000
4 26 0.000000
5 26 0.000000
6 26 0.000000
7 26 0.000000
8 26 0.000000
9 26 0.000000
10 26 0.000000
11 26 0.000000
12 26 1.087902
13 26 13.009313
14 26 26.270891
15 26 28.568050
16 26 26.686743
17 26 30.717850
18 26 35.652985
19 26 37.333012
20 26 38.518646
21 26 40.028057
22 26 38.912838
23 26 44.277477
24 26 50.285191
25 26 54.284668
26 26 58.774239
27 26 61.079323
28 26 63.811287
29 26 62.913696
30 26 42.465801
31 26 19.714523
32 26 0.000000
33 26 0.000000
34 26 0.000000
35 26 0.000000
36 26 0.000000
37 26 0.000000
38 26 0.000000
39 26 0.000000
40 26 0.000000
41 26 0.000000
42 26 0.000000
43 26 0.000000
44 26 0.000000
45 26 0.000000
0 25 0.000000
1 25 0.000000
2 25 0.000000
3 25 0.000000
4 25 0.000000
5 25 0.000000
6 25 0.000000
7 25 0.000000
8 25 0.000000
9 25 0.000000
10 25 0.000000
11 25 0.000000
12 25 1.648207
13 25 15.096490
14 25 28.231436
15 25 30.850355
16 25 31.965219
17 25 37.424843
18 25 38.862598
19 25 40.278015
20 25 42.198254
21 25 44.068031
22 25 45.934643
23 25 50.562534
24 25 56.606064
25 25 61.366165
26 25 65.701675
27 25 68.833603
28 25 70.367943
29 25 60.548203
30 25 38.248512
31 25 9.253129
32 25 0.000000
33 25 0.000000
34 25 0.000000
35 25 0.000000
36 25 0.000000
37 25 0.000000
38 25 0.000000
39 25 0.000000
40 25 0.000000
41 25 0.000000
42 25 0.000000
43 25 0.000000
44 25 0.000000
45 25 0.000000
0 24 0.000000
1 24 0.000000
2 24 0.000000
3 24 0.000000
4 24 0.000000
5 24 0.000000
6 24 0.000000
7 24 0.000000
8 24 0.000000
9 24 0.000000
10 24 0.000000
11 24 0.000000
12 24 5.282304
13 24 16.851492
14 24 21.551762
15 24 19.786072
16 24 21.750147
17 24 33.505756
18 24 37.496494
19 24 40.040180
20 24 43.379894
21 24 45.033184
22 24 47.418873
23 24 53.110340
24 24 59.539185
25 24 67.024170
26 24 70.323265
27 24 72.031120
28 24 73.278450
29 24 52.831444
30 24 24.711782
31 24 0.000000
32 24 0.000000
33 24 0.000000
34 24 0.000000
35 24 0.000000
36 24 0.000000
37 24 0.000000
38 24 0.000000
39 24 0.000000
40 24 0.000000
41 24 0.000000
42 24 0.000000
43 24 0.000000
44 24 0.000000
45 24 0.000000
0 23 0.000000
1 23 0.000000
2 23 0.000000
3 23 0.000000
4 23 0.000000
5 23 0.000000
6 23 0.000000
7 23 0.000000
8 23 0.000000
9 23 0.000000
10 23 0.000000
11 23 0.173506
12 23 5.644661
13 23 14.327681
14 23 12.806611
15 23 7.453959
16 23 10.168322
17 23 24.248220
18 23 33.326176
19 23 36.125061
20 23 41.155354
21 23 42.011581
22 23 45.177570
23 23 53.370995
24 23 62.856133
25 23 68.369347
26 23 71.822441
27 23 72.718590
28 23 68.410240
29 23 39.856007
30 23 7.941645
31 23 0.000000
32 23 0.000000
33 23 0.000000
34 23 0.000000
35 23 0.000000
36 23 0.000000
37 23 0.000000
38 23 0.000000
39 23 0.000000
40 23 0.000000
41 23 0.000000
42 23 0.000000
43 23 0.000000
44 23 0.000000
45 23 0.000000
0 22 0.000000
1 22 0.000000
2 22 0.000000
3 22 0.000000
4 22 0.000000
5 22 0.000000
6 22 0.000000
7 22 0.000000
8 22 0.000000
9 22 0.000000
10 22 0.000000
11 22 0.000000
12 22 4.319521
13 22 8.136400
14 22 1.647157
15 22 0.000000
16 22 3.929389
17 22 17.486498
18 22 21.538851
19 22 23.385836
20 22 24.354900
21 22 22.587458
22 22 25.108444
23 22 46.458817
24 22 59.342243
25 22 65.703201
26 22 67.829590
27 22 64.706635
28 22 54.093292
29 22 19.068514
30 22 0.000000
31 22 0.000000
32 22 0.000000
33 22 0.000000
34 22 0.000000
35 22 0.000000
36 22 0.000000
37 22 0.000000
38 22 0.000000
39 22 0.000000
40 22 0.000000
41 22 0.000000
42 22 0.000000
43 22 0.000000
44 22 0.000000
45 22 0.000000
0 21 0.000000
1 21 0.000000
2 21 0.000000
3 21 0.000000
4 21 0.000000
5 21 0.000000
6 21 0.000000
7 21 0.000000
8 21 0.000000
9 21 0.000000
10 21 0.000000
11 21 0.000000
12 21 0.753869
13 21 3.809739
14 21 0.000000
15 21 0.000000
16 21 5.934853
17 21 5.610642
18 21 13.270844
19 21 8.456190
20 21 1.569916
21 21 3.795651
22 21 13.406842
23 21 41.705593
24 21 55.371094
25 21 60.759003
26 21 62.171021
27 21 59.126316
28 21 36.339848
29 21 6.558492
30 21 0.000000
31 21 0.000000
32 21 1.110733
33 21 2.341497
34 21 0.000000
35 21 0.000000
36 21 0.000000
37 21 0.000000
38 21 0.000000
39 21 0.000000
40 21 0.000000
41 21 0.000000
42 21 0.000000
43 21 0.000000
44 21 0.000000
45 21 0.000000
0 20 0.000000
1 20 0.000000
2 20 0.000000
3 20 0.000000
4 20 0.000000
5 20 0.000000
6 20 0.000000
7 20 0.000000
8 20 0.000000
9 20 0.000000
10 20 0.000000
11 20 0.000000
12 20 0.171153
13 20 1.088581
14 20 0.000000
15 20 0.000000
16 20 1.348502
17 20 0.000000
18 20 5.277467
19 20 0.171388
20 20 0.000000
21 20 0.000000
22 20 4.553845
23 20 36.695999
24 20 50.037235
25 20 56.124729
26 20 56.365036
27 20 52.111500
28 20 26.839056
29 20 0.000000
30 20 0.000000
31 20 0.467666
32 20 3.217576
33 20 0.000000
34 20 0.000000
35 20 0.000000
36 20 0.000000
37 20 0.000000
38 20 0.000000
39 20 0.000000
40 20 0.000000
41 20 0.000000
42 20 0.000000
43 20 0.000000
44 20 0.000000
45 20 0.000000
0 19 0.000000
1 19 0.000000
2 19 0.000000
3 19 0.000000
4 19 0.000000
5 19 0.000000
6 19 0.000000
7 19 0.000000
8 19 0.000000
9 19 0.000000
10 19 0.000000
11 19 0.000000
12 19 0.000000
13 19 0.000000
14 19 0.000000
15 19 0.408368
16 19 2.297506
17 19 2.286166
18 19 6.940039
19 19 2.904051
20 19 0.717524
21 19 0.000000
22 19 2.831303
23 19 26.795815
24 19 38.410149
25 19 44.153496
26 19 47.390942
27 19 42.860420
28 19 26.417196
29 19 0.798372
30 19 0.000000
31 19 20.430061
32 19 0.000000
33 19 0.000000
34 19 0.000000
35 19 0.000000
36 19 0.000000
37 19 0.000000
38 19 0.000000
39 19 0.000000
40 19 0.000000
41 19 0.000000
42 19 0.000000
43 19 0.000000
44 19 0.000000
45 19 0.000000
0 18 0.000000
1 18 0.000000
2 18 0.000000
3 18 0.000000
4 18 0.000000
5 18 0.000000
6 18 0.000000
7 18 0.000000
8 18 0.000000
9 18 0.000000
10 18 0.000000
11 18 0.000000
12 18 0.000000
13 18 0.000000
14 18 0.000000
15 18 0.284774
16 18 1.300789
17 18 2.002788
18 18 2.115668
19 18 2.112921
20 18 2.774136
21 18 2.022675
22 18 5.018384
23 18 23.266977
24 18 23.552713
25 18 21.353292
26 18 32.501411
27 18 37.597572
28 18 27.727552
29 18 7.311729
30 18 7.470469
31 18 17.041996
32 18 0.000000
33 18 0.000000
34 18 0.000000
35 18 0.000000
36 18 0.000000
37 18 0.000000
38 18 0.000000
39 18 0.000000
40 18 0.000000
41 18 0.000000
42 18 0.000000
43 18 0.000000
44 18 0.000000
45 18 0.000000
0 17 0.000000
1 17 0.000000
2 17 0.000000
3 17 0.000000
4 17 0.000000
5 17 0.000000
6 17 0.000000
7 17 0.000000
8 17 0.000000
9 17 0.000000
10 17 0.000000
11 17 0.000000
12 17 0.000000
13 17 0.000000
14 17 0.000000
15 17 0.000000
16 17 0.048412
17 17 0.155394
18 17 0.000000
19 17 0.000000
20 17 0.000000
21 17 0.000000
22 17 0.565325
23 17 6.724649
24 17 7.024326
25 17 7.331289
26 17 13.984919
27 17 24.414341
28 17 32.018703
29 17 27.343372
30 17 31.277046
31 17 19.251127
32 17 0.000000
33 17 0.000000
34 17 0.000000
35 17 0.000000
36 17 0.000000
37 17 0.000000
38 17 0.000000
39 17 0.000000
40 17 0.000000
41 17 0.000000
42 17 0.000000
43 17 0.000000
44 17 0.000000
45 17 0.000000
0 16 0.000000
1 16 0.000000
2 16 0.000000
3 16 0.000000
4 16 0.000000
5 16 0.000000
6 16 0.000000
7 16 0.000000
8 16 0.000000
9 16 0.000000
10 16 0.000000
11 16 0.000000
12 16 0.000000
13 16 0.000000
14 16 0.000000
15 16 0.000000
16 16 0.000000
17 16 0.000000
18 16 0.000000
19 16 0.000000
20 16 0.000000
21 16 0.000000
22 16 0.000000
23 16 0.000000
24 16 0.000000
25 16 0.000000
26 16 0.000000
27 16 7.089200
28 16 17.912861
29 16 34.910538
30 16 26.572889
31 16 8.880593
32 16 0.000000
33 16 0.000000
34 16 0.000000
35 16 0.000000
36 16 0.000000
37 16 0.000000
38 16 0.000000
39 16 0.000000
40 16 0.000000
41 16 0.000000
42 16 0.000000
43 16 0.000000
44 16 0.000000
45 16 0.000000
0 15 0.000000
1 15 0.000000
2 15 0.000000
3 15 0.000000
4 15 0.000000
5 15 0.000000
6 15 0.000000
7 15 0.000000
8 15 0.000000
9 15 0.000000
10 15 0.000000
11 15 0.000000
12 15 0.000000
13 15 0.000000
14 15 0.000000
15 15 0.000000
16 15 0.000000
17 15 0.000000
18 15 0.000000
19 15 0.000000
20 15 0.000000
21 15 0.000000
22 15 0.000000
23 15 0.000000
24 15 0.000000
25 15 0.000000
26 15 0.000000
27 15 0.000000
28 15 11.382422
29 15 20.794775
30 15 11.978900
31 15 2.085519
32 15 0.000000
33 15 0.000000
34 15 0.000000
35 15 0.000000
36 15 0.000000
37 15 0.000000
38 15 0.000000
39 15 0.000000
40 15 0.000000
41 15 0.000000
42 15 0.000000
43 15 0.000000
44 15 0.000000
45 15 0.000000
0 14 0.000000
1 14 0.000000
2 14 0.000000
3 14 0.000000
4 14 0.000000
5 14 0.000000
6 14 0.000000
7 14 0.000000
8 14 0.000000
9 14 0.000000
10 14 0.000000
11 14 0.000000
12 14 0.000000
13 14 0.000000
14 14 0.000000
15 14 0.000000
16 14 0.000000
17 14 0.000000
18 14 0.000000
19 14 0.000000
20 14 0.000000
21 14 0.000000
22 14 0.000000
23 14 0.000000
24 14 0.000000
25 14 0.000000
26 14 0.000000
27 14 0.000000
28 14 11.954662
29 14 5.262958
30 14 0.000000
31 14 0.000000
32 14 0.000000
33 14 0.000000
34 14 0.000000
35 14 0.000000
36 14 0.000000
37 14 0.000000
38 14 0.000000
39 14 0.000000
40 14 0.000000
41 14 0.000000
42 14 0.000000
43 14 0.000000
44 14 0.000000
45 14 0.000000
0 13 0.000000
1 13 0.000000
2 13 0.000000
3 13 0.000000
4 13 0.000000
5 13 0.000000
6 13 0.000000
7 13 0.000000
8 13 0.000000
9 13 0.000000
10 13 0.000000
11 13 0.000000
12 13 0.000000
13 13 0.000000
14 13 0.000000
15 13 0.000000
16 13 0.000000
17 13 0.000000
18 13 0.000000
19 13 0.000000
20 13 0.000000
21 13 0.000000
22 13 0.000000
23 13 0.000000
24 13 0.000000
25 13 0.000000
26 13 0.000000
27 13 0.000000
28 13 5.258110
29 13 1.296740
30 13 0.000000
31 13 0.000000
32 13 0.000000
33 13 0.000000
34 13 0.000000
35 13 0.000000
36 13 0.000000
37 13 0.000000
38 13 0.000000
39 13 0.000000
40 13 0.000000
41 13 0.000000
42 13 0.000000
43 13 0.000000
44 13 0.000000
45 13 0.000000
0 12 0.000000
1 12 0.000000
2 12 0.000000
3 12 0.000000
4 12 0.000000
5 12 0.000000
6 12 0.000000
7 12 0.000000
8 12 0.000000
9 12 0.000000
10 12 0.000000
11 12 0.000000
12 12 0.000000
13 12 0.000000
14 12 0.000000
15 12 0.000000
16 12 0.000000
17 12 0.000000
18 12 0.000000
19 12 0.000000
20 12 0.000000
21 12 0.000000
22 12 0.000000
23 12 0.000000
24 12 0.000000
25 12 0.000000
26 12 0.000000
27 12 0.000000
28 12 0.000000
29 12 1.757400
30 12 0.249210
31 12 0.000000
32 12 0.000000
33 12 0.000000
34 12 0.000000
35 12 0.000000
36 12 0.000000
37 12 0.000000
38 12 0.000000
39 12 0.000000
40 12 0.000000
41 12 0.000000
42 12 0.000000
43 12 0.000000
44 12 0.000000
45 12 0.000000
0 11 0.000000
1 11 0.000000
2 11 0.000000
3 11 0.000000
4 11 0.000000
5 11 0.000000
6 11 0.000000
7 11 0.000000
8 11 0.000000
9 11 0.000000
10 11 0.000000
11 11 0.000000
12 11 0.000000
13 11 0.000000
14 11 0.000000
15 11 0.000000
16 11 0.000000
17 11 0.000000
18 11 0.000000
19 11 0.000000
20 11 0.000000
21 11 0.000000
22 11 0.000000
23 11 0.000000
24 11 0.000000
25 11 0.000000
26 11 0.000000
27 11 0.000000
28 11 0.000000
29 11 0.000000
30 11 0.000000
31 11 0.000000
32 11 0.000000
33 11 0.000000
34 11 0.000000
35 11 0.000000
36 11 0.000000
37 11 0.000000
38 11 0.000000
39 11 0.000000
40 11 0.000000
41 11 0.000000
42 11 0.000000
43 11 0.000000
44 11 0.000000
45 11 0.000000
0 10 0.000000
1 10 0.000000
2 10 0.000000
3 10 0.000000
4 10 0.000000
5 10 0.000000
6 10 0.000000
7 10 0.000000
8 10 0.000000
9 10 0.000000
10 10 0.000000
11 10 0.000000
12 10 0.000000
13 10 0.000000
14 10 0.000000
15 10 0.000000
16 10 0.000000
17 10 0.000000
18 10 0.000000
19 10 0.000000
20 10 0.000000
21 10 0.000000
22 10 0.000000
23 10 0.000000
24 10 0.000000
25 10 0.000000
26 10 0.000000
27 10 0.000000
28 10 0.000000
29 10 0.000000
30 10 0.000000
31 10 0.000000
32 10 0.000000
33 10 0.000000
34 10 0.000000
35 10 0.000000
36 10 0.000000
37 10 0.000000
38 10 0.000000
39 10 0.000000
40 10 0.000000
41 10 0.000000
42 10 0.000000
43 10 0.000000
44 10 0.000000
45 10 0.000000
0 9 0.000000
1 9 0.000000
2 9 0.000000
3 9 0.000000
4 9 0.000000
5 9 0.000000
6 9 0.000000
7 9 0.000000
8 9 0.000000
9 9 0.000000
10 9 0.000000
11 9 0.000000
12 9 0.000000
13 9 0.000000
14 9 0.000000
15 9 0.000000
16 9 0.000000
17 9 0.000000
18 9 0.000000
19 9 0.000000
20 9 0.000000
21 9 0.000000
22 9 0.000000
23 9 0.000000
24 9 0.000000
25 9 0.000000
26 9 0.000000
27 9 0.000000
28 9 0.000000
29 9 0.000000
30 9 0.000000
31 9 0.000000
32 9 0.000000
33 9 0.000000
34 9 0.000000
35 9 0.000000
36 9 0.000000
37 9 0.000000
38 9 0.000000
39 9 0.000000
40 9 0.000000
41 9 0.000000
42 9 0.000000
43 9 0.000000
44 9 0.000000
45 9 0.000000
0 8 0.000000
1 8 0.000000
2 8 0.000000
3 8 0.000000
4 8 0.000000
5 8 0.000000
6 8 0.000000
7 8 0.000000
8 8 0.000000
9 8 0.000000
10 8 0.000000
11 8 0.000000
12 8 0.000000
13 8 0.000000
14 8 0.000000
15 8 0.000000
16 8 0.000000
17 8 0.000000
18 8 0.000000
19 8 0.000000
20 8 0.000000
21 8 0.000000
22 8 0.000000
23 8 0.000000
24 8 0.000000
25 8 0.000000
26 8 0.000000
27 8 0.000000
28 8 0.000000
29 8 0.000000
30 8 0.000000
31 8 0.000000
32 8 0.000000
33 8 0.000000
34 8 0.000000
35 8 0.000000
36 8 0.000000
37 8 0.000000
38 8 0.000000
39 8 0.000000
40 8 0.000000
41 8 0.000000
42 8 0.000000
43 8 0.000000
44 8 0.000000
45 8 0.000000
0 7 0.000000
1 7 0.000000
2 7 0.000000
3 7 0.000000
4 7 0.000000
5 7 0.000000
6 7 0.000000
7 7 0.000000
8 7 0.000000
9 7 0.000000
10 7 0.000000
11 7 0.000000
12 7 0.000000
13 7 0.000000
14 7 0.000000
15 7 0.000000
16 7 0.000000
17 7 0.000000
18 7 0.000000
19 7 0.000000
20 7 0.000000
21 7 0.000000
22 7 0.000000
23 7 0.000000
24 7 0.000000
25 7 0.000000
26 7 0.000000
27 7 0.000000
28 7 0.000000
29 7 0.000000
30 7 0.000000
31 7 0.000000
32 7 0.000000
33 7 0.000000
34 7 0.000000
35 7 0.000000
36 7 0.000000
37 7 0.000000
38 7 0.000000
39 7 0.000000
40 7 0.000000
41 7 0.000000
42 7 0.000000
43 7 0.000000
44 7 0.000000
45 7 0.000000
0 6 0.000000
1 6 0.000000
2 6 0.000000
3 6 0.000000
4 6 0.000000
5 6 0.000000
6 6 0.000000
7 6 0.000000
8 6 0.000000
9 6 0.000000
10 6 0.000000
11 6 0.000000
12 6 0.000000
13 6 0.000000
14 6 0.000000
15 6 0.000000
16 6 0.000000
17 6 0.000000
18 6 0.000000
19 6 0.000000
20 6 0.000000
21 6 0.000000
22 6 0.000000
23 6 0.000000
24 6 0.000000
25 6 0.000000
26 6 0.000000
27 6 0.000000
28 6 0.000000
29 6 0.000000
30 6 0.000000
31 6 0.000000
32 6 0.000000
33 6 0.000000
34 6 0.000000
35 6 0.000000
36 6 0.000000
37 6 0.000000
38 6 0.000000
39 6 0.000000
40 6 0.000000
41 6 0.000000
42 6 0.000000
43 6 0.000000
44 6 0.000000
45 6 0.000000
0 5 0.000000
1 5 0.000000
2 5 0.000000
3 5 0.000000
4 5 0.000000
5 5 0.000000
6 5 0.000000
7 5 0.000000
8 5 0.000000
9 5 0.000000
10 5 0.000000
11 5 0.000000
12 5 0.000000
13 5 0.000000
14 5 0.000000
15 5 0.000000
16 5 0.000000
17 5 0.000000
18 5 0.000000
19 5 0.000000
20 5 0.000000
21 5 0.000000
22 5 0.000000
23 5 0.000000
24 5 0.000000
25 5 0.000000
26 5 0.000000
27 5 0.000000
28 5 0.000000
29 5 0.000000
30 5 0.000000
31 5 0.000000
32 5 0.000000
33 5 0.000000
34 5 0.000000
35 5 0.000000
36 5 0.000000
37 5 0.000000
38 5 0.000000
39 5 0.000000
40 5 0.000000
41 5 0.000000
42 5 0.000000
43 5 0.000000
44 5 0.000000
45 5 0.000000
0 4 0.000000
1 4 0.000000
2 4 0.000000
3 4 0.000000
4 4 0.000000
5 4 0.000000
6 4 0.000000
7 4 0.000000
8 4 0.000000
9 4 0.000000
10 4 0.000000
11 4 0.000000
12 4 0.000000
13 4 0.000000
14 4 0.000000
15 4 0.000000
16 4 0.000000
17 4 0.000000
18 4 0.000000
19 4 0.000000
20 4 0.000000
21 4 0.000000
22 4 0.000000
23 4 0.000000
24 4 0.000000
25 4 0.000000
26 4 0.000000
27 4 0.000000
28 4 0.000000
29 4 0.000000
30 4 0.000000
31 4 0.000000
32 4 0.000000
33 4 0.000000
34 4 0.000000
35 4 0.000000
36 4 0.000000
37 4 0.000000
38 4 0.000000
39 4 0.000000
40 4 0.000000
41 4 0.000000
42 4 0.000000
43 4 0.000000
44 4 0.000000
45 4 0.000000
0 3 0.000000
1 3 0.000000
2 3 0.000000
3 3 0.000000
4 3 0.000000
5 3 0.000000
6 3 0.000000
7 3 0.000000
8 3 0.000000
9 3 0.000000
10 3 0.000000
11 3 0.000000
12 3 0.000000
13 3 0.000000
14 3 0.000000
15 3 0.000000
16 3 0.000000
17 3 0.000000
18 3 0.000000
19 3 0.000000
20 3 0.000000
21 3 0.000000
22 3 0.000000
23 3 0.000000
24 3 0.000000
25 3 0.000000
26 3 0.000000
27 3 0.000000
28 3 0.000000
29 3 0.000000
30 3 0.000000
31 3 0.000000
32 3 0.000000
33 3 0.000000
34 3 0.000000
35 3 0.000000
36 3 0.000000
37 3 0.000000
38 3 0.000000
39 3 0.000000
40 3 0.000000
41 3 0.000000
42 3 0.000000
43 3 0.000000
44 3 0.000000
45 3 0.000000
0 2 0.000000
1 2 0.000000
2 2 0.000000
3 2 0.000000
4 2 0.000000
5 2 0.000000
6 2 0.000000
7 2 0.000000
8 2 0.000000
9 2 0.000000
10 2 0.000000
11 2 0.000000
12 2 0.000000
13 2 0.000000
14 2 0.000000
15 2 0.000000
16 2 0.000000
17 2 0.000000
18 2 0.000000
19 2 0.000000
20 2 0.000000
21 2 0.000000
22 2 0.000000
23 2 0.000000
24 2 0.000000
25 2 0.000000
26 2 0.000000
27 2 0.000000
28 2 0.000000
29 2 0.000000
30 2 0.000000
31 2 0.000000
32 2 0.000000
33 2 0.000000
34 2 0.000000
35 2 0.000000
36 2 0.000000
37 2 0.000000
38 2 0.000000
39 2 0.000000
40 2 0.000000
41 2 0.000000
42 2 0.000000
43 2 0.000000
44 2 0.000000
45 2 0.000000
0 1 0.000000
1 1 0.000000
2 1 0.000000
3 1 0.000000
4 1 0.000000
5 1 0.000000
6 1 0.000000
7 1 0.000000
8 1 0.000000
9 1 0.000000
10 1 0.000000
11 1 0.000000
12 1 0.000000
13 1 0.000000
14 1 0.000000
15 1 0.000000
16 1 0.000000
17 1 0.000000
18 1 0.000000
19 1 0.000000
20 1 0.000000
21 1 0.000000
22 1 0.000000
23 1 0.000000
24 1 0.000000
25 1 0.000000
26 1 0.000000
27 1 0.000000
28 1 0.000000
29 1 0.000000
30 1 0.000000
31 1 0.000000
32 1 0.000000
33 1 0.000000
34 1 0.000000
35 1 0.000000
36 1 0.000000
37 1 0.000000
38 1 0.000000
39 1 0.000000
40 1 0.000000
41 1 0.000000
42 1 0.000000
43 1 0.000000
44 1 0.000000
45 1 0.000000
0 0 0.000000
1 0 0.000000
2 0 0.000000
3 0 0.000000
4 0 0.000000
5 0 0.000000
6 0 0.000000
7 0 0.000000
8 0 0.000000
9 0 0.000000
10 0 0.000000
11 0 0.000000
12 0 0.000000
13 0 0.000000
14 0 0.000000
15 0 0.000000
16 0 0.000000
17 0 0.000000
18 0 0.000000
19 0 0.000000
20 0 0.000000
21 0 0.000000
22 0 0.000000
23 0 0.000000
24 0 0.000000
25 0 0.000000
26 0 0.000000
27 0 0.000000
28 0 0.000000
29 0 0.000000
30 0 0.000000
31 0 0.000000
32 0 0.000000
33 0 0.000000
34 0 0.000000
35 0 0.000000
36 0 0.000000
37 0 0.000000
38 0 0.000000
39 0 0.000000
40 0 0.000000
41 0 0.000000
42 0 0.000000
43 0 0.000000
44 0 0.000000
45 0 0.000000
