0 55 0.000000
1 55 0.000000
2 55 0.000000
3 55 0.000000
4 55 0.000000
5 55 0.000000
6 55 0.000000
7 55 0.000000
8 55 0.000000
9 55 0.000000
10 55 0.000000
11 55 0.000000
12 55 0.000000
13 55 0.000000
14 55 0.000000
15 55 0.000000
16 55 0.000000
17 55 0.000000
18 55 0.000000
19 55 0.000000
20 55 0.000000
21 55 0.000000
22 55 0.000000
23 55 0.000000
24 55 0.000000
25 55 0.000000
26 55 0.000000
27 55 0.000000
28 55 0.000000
29 55 0.000000
30 55 0.000000
31 55 0.000000
32 55 0.000000
33 55 0.000000
34 55 0.000000
35 55 0.000000
36 55 0.000000
37 55 0.000000
38 55 0.000000
39 55 0.000000
40 55 0.000000
41 55 0.000000
42 55 0.000000
43 55 0.000000
44 55 0.000000
45 55 0.000000
46 55 0.000000
0 54 0.000000
1 54 0.000000
2 54 0.000000
3 54 0.000000
4 54 0.000000
5 54 0.000000
6 54 0.000000
7 54 0.000000
8 54 0.000000
9 54 0.000000
10 54 0.000000
11 54 0.000000
12 54 0.000000
13 54 0.000000
14 54 0.000000
15 54 0.000000
16 54 0.000000
17 54 0.000000
18 54 0.000000
19 54 0.000000
20 54 0.000000
21 54 0.000000
22 54 0.000000
23 54 0.000000
24 54 0.000000
25 54 0.000000
26 54 0.000000
27 54 0.000000
28 54 0.000000
29 54 0.000000
30 54 0.000000
31 54 0.000000
32 54 0.000000
33 54 0.000000
34 54 0.000000
35 54 0.000000
36 54 0.000000
37 54 0.000000
38 54 0.000000
39 54 0.000000
40 54 0.000000
41 54 0.000000
42 54 0.000000
43 54 0.000000
44 54 0.000000
45 54 0.000000
46 54 0.000000
0 53 0.000000
1 53 0.000000
2 53 0.000000
3 53 0.000000
4 53 0.000000
5 53 0.000000
6 53 0.000000
7 53 0.000000
8 53 0.000000
9 53 0.000000
10 53 0.000000
11 53 0.000000
12 53 0.000000
13 53 0.000000
14 53 0.000000
15 53 0.000000
16 53 0.000000
17 53 0.000000
18 53 0.000000
19 53 0.000000
20 53 0.000000
21 53 0.000000
22 53 0.000000
23 53 0.000000
24 53 0.000000
25 53 0.000000
26 53 0.000000
27 53 0.000000
28 53 0.000000
29 53 0.000000
30 53 0.000000
31 53 0.000000
32 53 0.000000
33 53 0.000000
34 53 0.000000
35 53 0.000000
36 53 0.000000
37 53 0.000000
38 53 0.000000
39 53 0.000000
40 53 0.000000
41 53 0.000000
42 53 0.000000
43 53 0.000000
44 53 0.000000
45 53 0.000000
46 53 0.000000
0 52 0.000000
1 52 0.000000
2 52 0.000000
3 52 0.000000
4 52 0.000000
5 52 0.000000
6 52 0.000000
7 52 0.000000
8 52 0.000000
9 52 0.000000
10 52 0.000000
11 52 0.000000
12 52 0.000000
13 52 0.000000
14 52 0.000000
15 52 0.000000
16 52 0.000000
17 52 0.000000
18 52 0.000000
19 52 0.000000
20 52 0.000000
21 52 0.000000
22 52 0.000000
23 52 0.000000
24 52 0.000000
25 52 0.000000
26 52 0.000000
27 52 0.000000
28 52 0.000000
29 52 0.000000
30 52 0.000000
31 52 0.000000
32 52 0.000000
33 52 0.000000
34 52 0.000000
35 52 0.000000
36 52 0.000000
37 52 0.000000
38 52 0.000000
39 52 0.000000
40 52 0.000000
41 52 0.000000
42 52 0.000000
43 52 0.000000
44 52 0.000000
45 52 0.000000
46 52 0.000000
0 51 0.000000
1 51 0.000000
2 51 0.000000
3 51 0.000000
4 51 0.000000
5 51 0.000000
6 51 0.000000
7 51 0.000000
8 51 0.000000
9 51 0.000000
10 51 0.000000
11 51 0.000000
12 51 0.000000
13 51 0.000000
14 51 0.000000
15 51 0.000000
16 51 0.000000
17 51 0.000000
18 51 0.000000
19 51 0.000000
20 51 0.000000
21 51 0.000000
22 51 0.000000
23 51 0.000000
24 51 0.000000
25 51 0.000000
26 51 0.000000
27 51 0.000000
28 51 0.000000
29 51 0.000000
30 51 0.000000
31 51 0.000000
32 51 0.000000
33 51 0.000000
34 51 0.000000
35 51 0.000000
36 51 0.000000
37 51 0.000000
38 51 0.000000
39 51 0.000000
40 51 0.000000
41 51 0.000000
42 51 0.000000
43 51 0.000000
44 51 0.000000
45 51 0.000000
46 51 0.000000
0 50 0.000000
1 50 0.000000
2 50 0.000000
3 50 0.000000
4 50 0.000000
5 50 0.000000
6 50 0.000000
7 50 0.000000
8 50 0.000000
9 50 0.000000
10 50 0.000000
11 50 0.000000
12 50 0.000000
13 50 0.000000
14 50 0.000000
15 50 0.000000
16 50 0.000000
17 50 0.000000
18 50 0.000000
19 50 0.000000
20 50 0.000000
21 50 0.000000
22 50 0.000000
23 50 0.000000
24 50 0.000000
25 50 0.000000
26 50 0.000000
27 50 0.000000
28 50 0.000000
29 50 0.000000
30 50 0.000000
31 50 0.000000
32 50 0.000000
33 50 0.000000
34 50 0.000000
35 50 0.000000
36 50 0.000000
37 50 0.000000
38 50 0.000000
39 50 0.000000
40 50 0.000000
41 50 0.000000
42 50 0.000000
43 50 0.000000
44 50 0.000000
45 50 0.000000
46 50 0.000000
0 49 0.000000
1 49 0.000000
2 49 0.000000
3 49 0.000000
4 49 0.000000
5 49 0.000000
6 49 0.000000
7 49 0.000000
8 49 0.000000
9 49 0.000000
10 49 0.000000
11 49 0.000000
12 49 0.000000
13 49 0.000000
14 49 0.000000
15 49 0.000000
16 49 0.000000
17 49 0.000000
18 49 0.000000
19 49 0.000000
20 49 0.000000
21 49 0.000000
22 49 0.000000
23 49 0.000000
24 49 0.000000
25 49 0.000000
26 49 0.000000
27 49 0.000000
28 49 0.000000
29 49 0.000000
30 49 0.000000
31 49 0.000000
32 49 0.000000
33 49 0.000000
34 49 0.000000
35 49 0.000000
36 49 0.000000
37 49 0.000000
38 49 0.000000
39 49 0.000000
40 49 0.000000
41 49 0.000000
42 49 0.000000
43 49 0.000000
44 49 0.000000
45 49 0.000000
46 49 0.000000
0 48 0.000000
1 48 0.000000
2 48 0.000000
3 48 0.000000
4 48 0.000000
5 48 0.000000
6 48 0.000000
7 48 0.000000
8 48 0.000000
9 48 0.000000
10 48 0.000000
11 48 0.000000
12 48 0.000000
13 48 0.000000
14 48 0.000000
15 48 0.000000
16 48 0.000000
17 48 0.000000
18 48 0.000000
19 48 0.000000
20 48 0.000000
21 48 0.000000
22 48 0.000000
23 48 0.000000
24 48 0.000000
25 48 0.000000
26 48 0.000000
27 48 0.000000
28 48 0.000000
29 48 0.000000
30 48 0.000000
31 48 0.000000
32 48 0.000000
33 48 0.000000
34 48 0.000000
35 48 0.000000
36 48 0.000000
37 48 0.000000
38 48 0.000000
39 48 0.000000
40 48 0.000000
41 48 0.000000
42 48 0.000000
43 48 0.000000
44 48 0.000000
45 48 0.000000
46 48 0.000000
0 47 0.000000
1 47 0.000000
2 47 0.000000
3 47 0.000000
4 47 0.000000
5 47 0.000000
6 47 0.000000
7 47 0.000000
8 47 0.000000
9 47 0.000000
10 47 0.000000
11 47 0.000000
12 47 0.000000
13 47 0.000000
14 47 0.000000
15 47 0.000000
16 47 0.000000
17 47 0.000000
18 47 0.000000
19 47 0.000000
20 47 0.000000
21 47 0.000000
22 47 0.000000
23 47 0.000000
24 47 0.000000
25 47 0.000000
26 47 0.000000
27 47 0.000000
28 47 0.000000
29 47 0.000000
30 47 0.000000
31 47 0.000000
32 47 0.000000
33 47 0.000000
34 47 0.000000
35 47 0.000000
36 47 0.000000
37 47 0.000000
38 47 0.000000
39 47 0.000000
40 47 0.000000
41 47 0.000000
42 47 0.000000
43 47 0.000000
44 47 0.000000
45 47 0.000000
46 47 0.000000
0 46 0.000000
1 46 0.000000
2 46 0.000000
3 46 0.000000
4 46 0.000000
5 46 0.000000
6 46 0.000000
7 46 0.000000
8 46 0.000000
9 46 0.000000
10 46 0.000000
11 46 0.000000
12 46 0.000000
13 46 0.000000
14 46 0.000000
15 46 0.000000
16 46 0.000000
17 46 0.000000
18 46 0.000000
19 46 0.000000
20 46 0.000000
21 46 0.000000
22 46 0.000000
23 46 0.000000
24 46 0.000000
25 46 0.000000
26 46 0.000000
27 46 0.000000
28 46 0.000000
29 46 0.000000
30 46 0.000000
31 46 0.000000
32 46 0.000000
33 46 0.000000
34 46 0.000000
35 46 0.000000
36 46 0.000000
37 46 0.000000
38 46 0.000000
39 46 0.000000
40 46 0.000000
41 46 0.000000
42 46 0.000000
43 46 0.000000
44 46 0.000000
45 46 0.000000
46 46 0.000000
0 45 0.000000
1 45 0.000000
2 45 0.000000
3 45 0.000000
4 45 0.000000
5 45 0.000000
6 45 0.000000
7 45 0.000000
8 45 0.000000
9 45 0.000000
10 45 0.000000
11 45 0.000000
12 45 0.000000
13 45 0.000000
14 45 4957.000000
15 45 4951.000000
16 45 4949.000000
17 45 4966.000000
18 45 0.000000
19 45 0.000000
20 45 0.000000
21 45 0.000000
22 45 0.000000
23 45 0.000000
24 45 0.000000
25 45 0.000000
26 45 0.000000
27 45 0.000000
28 45 0.000000
29 45 0.000000
30 45 0.000000
31 45 0.000000
32 45 0.000000
33 45 0.000000
34 45 0.000000
35 45 0.000000
36 45 0.000000
37 45 0.000000
38 45 0.000000
39 45 0.000000
40 45 0.000000
41 45 0.000000
42 45 0.000000
43 45 0.000000
44 45 0.000000
45 45 0.000000
46 45 0.000000
0 44 0.000000
1 44 0.000000
2 44 0.000000
3 44 0.000000
4 44 0.000000
5 44 0.000000
6 44 0.000000
7 44 0.000000
8 44 0.000000
9 44 0.000000
10 44 0.000000
11 44 0.000000
12 44 0.000000
13 44 4980.000000
14 44 4972.000000
15 44 4963.545518
16 44 4957.472258
17 44 4965.000000
18 44 4999.000000
19 44 0.000000
20 44 0.000000
21 44 0.000000
22 44 0.000000
23 44 0.000000
24 44 0.000000
25 44 0.000000
26 44 0.000000
27 44 0.000000
28 44 0.000000
29 44 0.000000
30 44 0.000000
31 44 0.000000
32 44 0.000000
33 44 0.000000
34 44 0.000000
35 44 0.000000
36 44 0.000000
37 44 0.000000
38 44 0.000000
39 44 0.000000
40 44 0.000000
41 44 0.000000
42 44 0.000000
43 44 0.000000
44 44 0.000000
45 44 0.000000
46 44 0.000000
0 43 0.000000
1 43 0.000000
2 43 0.000000
3 43 0.000000
4 43 0.000000
5 43 0.000000
6 43 0.000000
7 43 0.000000
8 43 0.000000
9 43 0.000000
10 43 0.000000
11 43 0.000000
12 43 0.000000
13 43 4997.000000
14 43 4986.343843
15 43 4952.392609
16 43 4944.965754
17 43 4984.367807
18 43 5006.000000
19 43 0.000000
20 43 0.000000
21 43 0.000000
22 43 0.000000
23 43 0.000000
24 43 0.000000
25 43 0.000000
26 43 0.000000
27 43 0.000000
28 43 0.000000
29 43 0.000000
30 43 0.000000
31 43 0.000000
32 43 0.000000
33 43 0.000000
34 43 0.000000
35 43 0.000000
36 43 0.000000
37 43 0.000000
38 43 0.000000
39 43 0.000000
40 43 0.000000
41 43 0.000000
42 43 0.000000
43 43 0.000000
44 43 0.000000
45 43 0.000000
46 43 0.000000
0 42 0.000000
1 42 0.000000
2 42 0.000000
3 42 0.000000
4 42 0.000000
5 42 0.000000
6 42 0.000000
7 42 0.000000
8 42 0.000000
9 42 0.000000
10 42 0.000000
11 42 0.000000
12 42 0.000000
13 42 5013.000000
14 42 5006.890895
15 42 4966.081287
16 42 4962.139362
17 42 5007.330635
18 42 5022.000000
19 42 5044.000000
20 42 0.000000
21 42 0.000000
22 42 0.000000
23 42 0.000000
24 42 0.000000
25 42 0.000000
26 42 0.000000
27 42 0.000000
28 42 0.000000
29 42 0.000000
30 42 0.000000
31 42 0.000000
32 42 0.000000
33 42 0.000000
34 42 0.000000
35 42 0.000000
36 42 0.000000
37 42 0.000000
38 42 0.000000
39 42 0.000000
40 42 0.000000
41 42 0.000000
42 42 0.000000
43 42 0.000000
44 42 0.000000
45 42 0.000000
46 42 0.000000
0 41 0.000000
1 41 0.000000
2 41 0.000000
3 41 0.000000
4 41 0.000000
5 41 0.000000
6 41 0.000000
7 41 0.000000
8 41 0.000000
9 41 0.000000
10 41 0.000000
11 41 0.000000
12 41 0.000000
13 41 5033.000000
14 41 5004.549417
15 41 4985.553837
16 41 4979.969246
17 41 5014.286812
18 41 5033.070212
19 41 5043.000000
20 41 5077.000000
21 41 0.000000
22 41 0.000000
23 41 0.000000
24 41 0.000000
25 41 0.000000
26 41 0.000000
27 41 0.000000
28 41 0.000000
29 41 0.000000
30 41 0.000000
31 41 0.000000
32 41 0.000000
33 41 0.000000
34 41 0.000000
35 41 0.000000
36 41 0.000000
37 41 0.000000
38 41 0.000000
39 41 0.000000
40 41 0.000000
41 41 0.000000
42 41 0.000000
43 41 0.000000
44 41 0.000000
45 41 0.000000
46 41 0.000000
0 40 0.000000
1 40 0.000000
2 40 0.000000
3 40 0.000000
4 40 0.000000
5 40 0.000000
6 40 0.000000
7 40 0.000000
8 40 0.000000
9 40 0.000000
10 40 0.000000
11 40 0.000000
12 40 0.000000
13 40 5057.000000
14 40 5021.489872
15 40 5003.024277
16 40 4994.554634
17 40 5008.240269
18 40 5034.554274
19 40 5044.299457
20 40 5070.000000
21 40 0.000000
22 40 0.000000
23 40 0.000000
24 40 0.000000
25 40 0.000000
26 40 0.000000
27 40 0.000000
28 40 0.000000
29 40 0.000000
30 40 0.000000
31 40 0.000000
32 40 0.000000
33 40 0.000000
34 40 0.000000
35 40 0.000000
36 40 0.000000
37 40 0.000000
38 40 0.000000
39 40 0.000000
40 40 0.000000
41 40 0.000000
42 40 0.000000
43 40 0.000000
44 40 0.000000
45 40 0.000000
46 40 0.000000
0 39 0.000000
1 39 0.000000
2 39 0.000000
3 39 0.000000
4 39 0.000000
5 39 0.000000
6 39 0.000000
7 39 0.000000
8 39 0.000000
9 39 0.000000
10 39 0.000000
11 39 0.000000
12 39 0.000000
13 39 5074.000000
14 39 5052.268368
15 39 5022.916340
16 39 5006.359039
17 39 5017.410572
18 39 5034.720322
19 39 5047.952272
20 39 5076.000000
21 39 5110.000000
22 39 0.000000
23 39 0.000000
24 39 0.000000
25 39 0.000000
26 39 0.000000
27 39 0.000000
28 39 0.000000
29 39 0.000000
30 39 0.000000
31 39 0.000000
32 39 0.000000
33 39 0.000000
34 39 0.000000
35 39 0.000000
36 39 0.000000
37 39 0.000000
38 39 0.000000
39 39 0.000000
40 39 0.000000
41 39 0.000000
42 39 0.000000
43 39 0.000000
44 39 0.000000
45 39 0.000000
46 39 0.000000
0 38 0.000000
1 38 0.000000
2 38 0.000000
3 38 0.000000
4 38 0.000000
5 38 0.000000
6 38 0.000000
7 38 0.000000
8 38 0.000000
9 38 0.000000
10 38 0.000000
11 38 0.000000
12 38 0.000000
13 38 5095.000000
14 38 5060.554220
15 38 5034.248455
16 38 5027.157906
17 38 5029.622322
18 38 5036.096756
19 38 5051.068382
20 38 5085.919219
21 38 5117.000000
22 38 0.000000
23 38 0.000000
24 38 0.000000
25 38 0.000000
26 38 0.000000
27 38 0.000000
28 38 0.000000
29 38 0.000000
30 38 0.000000
31 38 0.000000
32 38 0.000000
33 38 0.000000
34 38 0.000000
35 38 0.000000
36 38 0.000000
37 38 0.000000
38 38 0.000000
39 38 0.000000
40 38 0.000000
41 38 0.000000
42 38 0.000000
43 38 0.000000
44 38 0.000000
45 38 0.000000
46 38 0.000000
0 37 0.000000
1 37 0.000000
2 37 0.000000
3 37 0.000000
4 37 0.000000
5 37 0.000000
6 37 0.000000
7 37 0.000000
8 37 0.000000
9 37 0.000000
10 37 0.000000
11 37 0.000000
12 37 0.000000
13 37 5114.000000
14 37 5078.062881
15 37 5045.236691
16 37 5034.798180
17 37 5040.501747
18 37 5042.874321
19 37 5064.249535
20 37 5092.106339
21 37 5122.000000
22 37 0.000000
23 37 0.000000
24 37 0.000000
25 37 0.000000
26 37 0.000000
27 37 0.000000
28 37 0.000000
29 37 0.000000
30 37 0.000000
31 37 0.000000
32 37 0.000000
33 37 0.000000
34 37 0.000000
35 37 0.000000
36 37 0.000000
37 37 0.000000
38 37 0.000000
39 37 0.000000
40 37 0.000000
41 37 0.000000
42 37 0.000000
43 37 0.000000
44 37 0.000000
45 37 0.000000
46 37 0.000000
0 36 0.000000
1 36 0.000000
2 36 0.000000
3 36 0.000000
4 36 0.000000
5 36 0.000000
6 36 0.000000
7 36 0.000000
8 36 0.000000
9 36 0.000000
10 36 0.000000
11 36 0.000000
12 36 0.000000
13 36 5132.000000
14 36 5098.025637
15 36 5066.139019
16 36 5047.732437
17 36 5056.997238
18 36 5055.282562
19 36 5059.529770
20 36 5088.888144
21 36 5123.000000
22 36 5158.000000
23 36 0.000000
24 36 0.000000
25 36 0.000000
26 36 0.000000
27 36 0.000000
28 36 0.000000
29 36 0.000000
30 36 0.000000
31 36 0.000000
32 36 0.000000
33 36 0.000000
34 36 0.000000
35 36 0.000000
36 36 0.000000
37 36 0.000000
38 36 0.000000
39 36 0.000000
40 36 0.000000
41 36 0.000000
42 36 0.000000
43 36 0.000000
44 36 0.000000
45 36 0.000000
46 36 0.000000
0 35 0.000000
1 35 0.000000
2 35 0.000000
3 35 0.000000
4 35 0.000000
5 35 0.000000
6 35 0.000000
7 35 0.000000
8 35 0.000000
9 35 0.000000
10 35 0.000000
11 35 0.000000
12 35 0.000000
13 35 5149.000000
14 35 5129.167434
15 35 5092.613552
16 35 5068.648827
17 35 5063.641235
18 35 5068.990936
19 35 5066.107880
20 35 5085.502968
21 35 5113.238789
22 35 5157.000000
23 35 5175.000000
24 35 0.000000
25 35 0.000000
26 35 0.000000
27 35 0.000000
28 35 0.000000
29 35 0.000000
30 35 0.000000
31 35 0.000000
32 35 0.000000
33 35 0.000000
34 35 0.000000
35 35 0.000000
36 35 0.000000
37 35 0.000000
38 35 0.000000
39 35 0.000000
40 35 0.000000
41 35 0.000000
42 35 0.000000
43 35 0.000000
44 35 0.000000
45 35 0.000000
46 35 0.000000
0 34 0.000000
1 34 0.000000
2 34 0.000000
3 34 0.000000
4 34 0.000000
5 34 0.000000
6 34 0.000000
7 34 0.000000
8 34 0.000000
9 34 0.000000
10 34 0.000000
11 34 0.000000
12 34 0.000000
13 34 5173.000000
14 34 5154.000000
15 34 5130.088228
16 34 5082.476837
17 34 5064.708000
18 34 5073.186897
19 34 5078.999886
20 34 5089.807480
21 34 5118.065119
22 34 5145.011174
23 34 5181.000000
24 34 5194.000000
25 34 0.000000
26 34 0.000000
27 34 0.000000
28 34 0.000000
29 34 0.000000
30 34 0.000000
31 34 0.000000
32 34 0.000000
33 34 0.000000
34 34 0.000000
35 34 0.000000
36 34 0.000000
37 34 0.000000
38 34 0.000000
39 34 0.000000
40 34 0.000000
41 34 0.000000
42 34 0.000000
43 34 0.000000
44 34 0.000000
45 34 0.000000
46 34 0.000000
0 33 0.000000
1 33 0.000000
2 33 0.000000
3 33 0.000000
4 33 0.000000
5 33 0.000000
6 33 0.000000
7 33 0.000000
8 33 0.000000
9 33 0.000000
10 33 0.000000
11 33 0.000000
12 33 0.000000
13 33 0.000000
14 33 5166.000000
15 33 5152.340179
16 33 5096.072956
17 33 5066.078316
18 33 5070.237183
19 33 5073.046272
20 33 5088.139458
21 33 5110.074806
22 33 5125.099190
23 33 5170.968779
24 33 5208.000000
25 33 0.000000
26 33 0.000000
27 33 0.000000
28 33 0.000000
29 33 0.000000
30 33 0.000000
31 33 0.000000
32 33 0.000000
33 33 0.000000
34 33 0.000000
35 33 0.000000
36 33 0.000000
37 33 0.000000
38 33 0.000000
39 33 0.000000
40 33 0.000000
41 33 0.000000
42 33 0.000000
43 33 0.000000
44 33 0.000000
45 33 0.000000
46 33 0.000000
0 32 0.000000
1 32 0.000000
2 32 0.000000
3 32 0.000000
4 32 0.000000
5 32 0.000000
6 32 0.000000
7 32 0.000000
8 32 0.000000
9 32 0.000000
10 32 0.000000
11 32 0.000000
12 32 0.000000
13 32 0.000000
14 32 5182.000000
15 32 5161.278548
16 32 5108.551979
17 32 5065.275719
18 32 5066.501831
19 32 5079.123734
20 32 5090.835464
21 32 5096.722092
22 32 5112.056942
23 32 5150.924665
24 32 5204.000000
25 32 5251.000000
26 32 0.000000
27 32 0.000000
28 32 0.000000
29 32 0.000000
30 32 0.000000
31 32 0.000000
32 32 0.000000
33 32 0.000000
34 32 0.000000
35 32 0.000000
36 32 0.000000
37 32 0.000000
38 32 0.000000
39 32 0.000000
40 32 0.000000
41 32 0.000000
42 32 0.000000
43 32 0.000000
44 32 0.000000
45 32 0.000000
46 32 0.000000
0 31 0.000000
1 31 0.000000
2 31 0.000000
3 31 0.000000
4 31 0.000000
5 31 0.000000
6 31 0.000000
7 31 0.000000
8 31 0.000000
9 31 0.000000
10 31 0.000000
11 31 0.000000
12 31 0.000000
13 31 0.000000
14 31 5202.000000
15 31 5173.610638
16 31 5117.964981
17 31 5078.611954
18 31 5084.372093
19 31 5099.442184
20 31 5100.765541
21 31 5101.731750
22 31 5119.781105
23 31 5156.948620
24 31 5182.625581
25 31 5240.000000
26 31 5300.000000
27 31 0.000000
28 31 0.000000
29 31 0.000000
30 31 0.000000
31 31 0.000000
32 31 0.000000
33 31 0.000000
34 31 0.000000
35 31 0.000000
36 31 0.000000
37 31 0.000000
38 31 0.000000
39 31 0.000000
40 31 0.000000
41 31 0.000000
42 31 0.000000
43 31 0.000000
44 31 0.000000
45 31 0.000000
46 31 0.000000
0 30 0.000000
1 30 0.000000
2 30 0.000000
3 30 0.000000
4 30 0.000000
5 30 0.000000
6 30 0.000000
7 30 0.000000
8 30 0.000000
9 30 0.000000
10 30 0.000000
11 30 0.000000
12 30 0.000000
13 30 0.000000
14 30 5225.000000
15 30 5193.214324
16 30 5146.896950
17 30 5099.846344
18 30 5102.397324
19 30 5107.733681
20 30 5106.933632
21 30 5113.700371
22 30 5134.997116
23 30 5161.037964
24 30 5168.798422
25 30 5208.872130
26 30 5254.000000
27 30 0.000000
28 30 0.000000
29 30 0.000000
30 30 0.000000
31 30 0.000000
32 30 0.000000
33 30 0.000000
34 30 0.000000
35 30 0.000000
36 30 0.000000
37 30 0.000000
38 30 0.000000
39 30 0.000000
40 30 0.000000
41 30 0.000000
42 30 0.000000
43 30 0.000000
44 30 0.000000
45 30 0.000000
46 30 0.000000
0 29 0.000000
1 29 0.000000
2 29 0.000000
3 29 0.000000
4 29 0.000000
5 29 0.000000
6 29 0.000000
7 29 0.000000
8 29 0.000000
9 29 0.000000
10 29 0.000000
11 29 0.000000
12 29 0.000000
13 29 0.000000
14 29 5254.000000
15 29 5212.000000
16 29 5162.476015
17 29 5116.185898
18 29 5116.571083
19 29 5117.781593
20 29 5115.846306
21 29 5120.850449
22 29 5135.806671
23 29 5143.061874
24 29 5152.482216
25 29 5193.982671
26 29 5234.000000
27 29 5263.000000
28 29 5285.000000
29 29 5305.000000
30 29 5335.000000
31 29 5366.000000
32 29 5415.000000
33 29 5463.000000
34 29 0.000000
35 29 0.000000
36 29 0.000000
37 29 0.000000
38 29 0.000000
39 29 0.000000
40 29 0.000000
41 29 0.000000
42 29 0.000000
43 29 0.000000
44 29 0.000000
45 29 0.000000
46 29 0.000000
0 28 0.000000
1 28 0.000000
2 28 0.000000
3 28 0.000000
4 28 0.000000
5 28 0.000000
6 28 0.000000
7 28 0.000000
8 28 0.000000
9 28 0.000000
10 28 0.000000
11 28 0.000000
12 28 0.000000
13 28 0.000000
14 28 0.000000
15 28 5236.000000
16 28 5181.113186
17 28 5143.161335
18 28 5131.374069
19 28 5132.512100
20 28 5124.757019
21 28 5124.512901
22 28 5133.513680
23 28 5139.838997
24 28 5148.735775
25 28 5173.011963
26 28 5229.010949
27 28 5262.841501
28 28 5289.105923
29 28 5306.774760
30 28 5327.680556
31 28 5340.865522
32 28 5368.286658
33 28 5417.000000
34 28 0.000000
35 28 0.000000
36 28 0.000000
37 28 0.000000
38 28 0.000000
39 28 0.000000
40 28 0.000000
41 28 0.000000
42 28 0.000000
43 28 0.000000
44 28 0.000000
45 28 0.000000
46 28 0.000000
0 27 0.000000
1 27 0.000000
2 27 0.000000
3 27 0.000000
4 27 0.000000
5 27 0.000000
6 27 0.000000
7 27 0.000000
8 27 0.000000
9 27 0.000000
10 27 0.000000
11 27 0.000000
12 27 0.000000
13 27 0.000000
14 27 5300.000000
15 27 5261.000000
16 27 5213.825628
17 27 5169.947208
18 27 5152.585136
19 27 5138.897461
20 27 5130.812424
21 27 5130.572945
22 27 5137.591049
23 27 5153.962975
24 27 5159.107697
25 27 5165.435356
26 27 5199.840408
27 27 5232.249325
28 27 5266.642017
29 27 5309.834777
30 27 5327.101500
31 27 5342.358090
32 27 5369.051153
33 27 5392.000000
34 27 5439.000000
35 27 5502.000000
36 27 0.000000
37 27 0.000000
38 27 0.000000
39 27 0.000000
40 27 0.000000
41 27 0.000000
42 27 0.000000
43 27 0.000000
44 27 0.000000
45 27 0.000000
46 27 0.000000
0 26 0.000000
1 26 0.000000
2 26 0.000000
3 26 0.000000
4 26 0.000000
5 26 0.000000
6 26 0.000000
7 26 0.000000
8 26 0.000000
9 26 0.000000
10 26 0.000000
11 26 0.000000
12 26 0.000000
13 26 5360.000000
14 26 5301.000000
15 26 5275.296848
16 26 5247.744348
17 26 5189.926208
18 26 5165.373894
19 26 5154.067032
20 26 5138.580833
21 26 5132.046570
22 26 5135.262001
23 26 5154.102638
24 26 5168.311867
25 26 5178.479198
26 26 5212.091518
27 26 5240.183301
28 26 5273.073175
29 26 5311.588149
30 26 5336.064845
31 26 5352.115918
32 26 5372.423464
33 26 5393.905749
34 26 5426.170545
35 26 5458.000000
36 26 0.000000
37 26 0.000000
38 26 0.000000
39 26 0.000000
40 26 0.000000
41 26 0.000000
42 26 0.000000
43 26 0.000000
44 26 0.000000
45 26 0.000000
46 26 0.000000
0 25 0.000000
1 25 0.000000
2 25 0.000000
3 25 0.000000
4 25 0.000000
5 25 0.000000
6 25 0.000000
7 25 0.000000
8 25 0.000000
9 25 0.000000
10 25 0.000000
11 25 0.000000
12 25 0.000000
13 25 5352.000000
14 25 5309.520325
15 25 5278.489847
16 25 5258.832294
17 25 5203.858356
18 25 5171.123703
19 25 5165.794991
20 25 5152.173317
21 25 5139.672234
22 25 5141.619057
23 25 5156.979431
24 25 5169.351494
25 25 5198.014889
26 25 5244.729435
27 25 5269.000000
28 25 5314.000000
29 25 5363.000000
30 25 5378.938086
31 25 5385.384891
32 25 5384.432514
33 25 5398.839580
34 25 5423.625415
35 25 5454.000000
36 25 0.000000
37 25 0.000000
38 25 0.000000
39 25 0.000000
40 25 0.000000
41 25 0.000000
42 25 0.000000
43 25 0.000000
44 25 0.000000
45 25 0.000000
46 25 0.000000
0 24 0.000000
1 24 0.000000
2 24 0.000000
3 24 0.000000
4 24 0.000000
5 24 0.000000
6 24 0.000000
7 24 0.000000
8 24 0.000000
9 24 0.000000
10 24 0.000000
11 24 5408.000000
12 24 5386.000000
13 24 5349.000000
14 24 5322.963022
15 24 5302.021092
16 24 5280.641022
17 24 5247.702068
18 24 5199.846313
19 24 5179.141487
20 24 5164.746971
21 24 5149.146614
22 24 5143.722290
23 24 5152.217957
24 24 5167.910736
25 24 5210.649837
26 24 5262.692150
27 24 5297.000000
28 24 0.000000
29 24 5428.000000
30 24 5471.000000
31 24 5440.497426
32 24 5417.256839
33 24 5414.046226
34 24 5438.530229
35 24 5488.000000
36 24 0.000000
37 24 0.000000
38 24 0.000000
39 24 0.000000
40 24 0.000000
41 24 0.000000
42 24 0.000000
43 24 0.000000
44 24 0.000000
45 24 0.000000
46 24 0.000000
0 23 0.000000
1 23 0.000000
2 23 0.000000
3 23 0.000000
4 23 0.000000
5 23 0.000000
6 23 0.000000
7 23 0.000000
8 23 0.000000
9 23 0.000000
10 23 5423.000000
11 23 5403.000000
12 23 5385.119304
13 23 5363.912174
14 23 5347.263240
15 23 5331.871973
16 23 5313.696732
17 23 5295.433114
18 23 5254.882315
19 23 5224.460712
20 23 5179.250046
21 23 5162.061951
22 23 5148.667702
23 23 5143.271736
24 23 5157.183693
25 23 5203.714321
26 23 5269.493954
27 23 5301.000000
28 23 5361.000000
29 23 0.000000
30 23 5512.000000
31 23 5501.796244
32 23 5493.288586
33 23 5489.500113
34 23 5495.957191
35 23 5545.000000
36 23 0.000000
37 23 0.000000
38 23 0.000000
39 23 0.000000
40 23 0.000000
41 23 0.000000
42 23 0.000000
43 23 0.000000
44 23 0.000000
45 23 0.000000
46 23 0.000000
0 22 0.000000
1 22 0.000000
2 22 0.000000
3 22 0.000000
4 22 0.000000
5 22 0.000000
6 22 0.000000
7 22 0.000000
8 22 0.000000
9 22 0.000000
10 22 5417.000000
11 22 5429.266215
12 22 5411.049476
13 22 5406.286987
14 22 5394.928006
15 22 5370.124883
16 22 5347.394108
17 22 5326.691653
18 22 5292.401018
19 22 5256.575871
20 22 5212.861290
21 22 5176.575157
22 22 5152.254845
23 22 5144.610641
24 22 5155.982452
25 22 5192.961769
26 22 5251.072100
27 22 5309.852486
28 22 5377.000000
29 22 0.000000
30 22 5498.000000
31 22 5516.000000
32 22 5543.000000
33 22 5564.556204
34 22 5580.719395
35 22 5568.000000
36 22 0.000000
37 22 0.000000
38 22 0.000000
39 22 0.000000
40 22 0.000000
41 22 0.000000
42 22 0.000000
43 22 0.000000
44 22 0.000000
45 22 0.000000
46 22 0.000000
0 21 0.000000
1 21 0.000000
2 21 0.000000
3 21 0.000000
4 21 0.000000
5 21 0.000000
6 21 0.000000
7 21 0.000000
8 21 0.000000
9 21 0.000000
10 21 5402.000000
11 21 5445.000000
12 21 5447.826966
13 21 5456.742497
14 21 5465.118802
15 21 5461.000000
16 21 5422.000000
17 21 5386.000000
18 21 5336.000000
19 21 5292.000000
20 21 5240.751892
21 21 5191.414108
22 21 5162.790985
23 21 5150.063087
24 21 5162.414139
25 21 5197.501671
26 21 5248.676537
27 21 5300.312757
28 21 5351.000000
29 21 5397.000000
30 21 5431.000000
31 21 5466.000000
32 21 5526.000000
33 21 5574.000000
34 21 5609.000000
35 21 5553.000000
36 21 0.000000
37 21 0.000000
38 21 0.000000
39 21 0.000000
40 21 0.000000
41 21 0.000000
42 21 0.000000
43 21 0.000000
44 21 0.000000
45 21 0.000000
46 21 0.000000
0 20 0.000000
1 20 0.000000
2 20 0.000000
3 20 0.000000
4 20 0.000000
5 20 0.000000
6 20 0.000000
7 20 0.000000
8 20 0.000000
9 20 0.000000
10 20 0.000000
11 20 5430.000000
12 20 5469.000000
13 20 5496.000000
14 20 5520.000000
15 20 5539.000000
16 20 0.000000
17 20 0.000000
18 20 0.000000
19 20 5310.000000
20 20 5258.871332
21 20 5205.015099
22 20 5180.622284
23 20 5165.986183
24 20 5167.265793
25 20 5193.188057
26 20 5235.942165
27 20 5286.405016
28 20 5321.712926
29 20 5345.421086
30 20 5378.561684
31 20 5415.000000
32 20 5483.000000
33 20 0.000000
34 20 0.000000
35 20 0.000000
36 20 0.000000
37 20 0.000000
38 20 0.000000
39 20 0.000000
40 20 0.000000
41 20 0.000000
42 20 0.000000
43 20 0.000000
44 20 0.000000
45 20 0.000000
46 20 0.000000
0 19 0.000000
1 19 0.000000
2 19 0.000000
3 19 0.000000
4 19 0.000000
5 19 0.000000
6 19 0.000000
7 19 0.000000
8 19 0.000000
9 19 0.000000
10 19 0.000000
11 19 0.000000
12 19 0.000000
13 19 0.000000
14 19 0.000000
15 19 0.000000
16 19 0.000000
17 19 0.000000
18 19 5380.000000
19 19 5328.000000
20 19 5262.814388
21 19 5225.686447
22 19 5196.635948
23 19 5174.915237
24 19 5175.038986
25 19 5195.710831
26 19 5228.930046
27 19 5262.694752
28 19 5303.983105
29 19 5327.305780
30 19 5352.914810
31 19 5380.997454
32 19 5424.000000
33 19 5495.000000
34 19 0.000000
35 19 0.000000
36 19 0.000000
37 19 0.000000
38 19 0.000000
39 19 0.000000
40 19 0.000000
41 19 0.000000
42 19 0.000000
43 19 0.000000
44 19 0.000000
45 19 0.000000
46 19 0.000000
0 18 0.000000
1 18 0.000000
2 18 0.000000
3 18 0.000000
4 18 0.000000
5 18 0.000000
6 18 0.000000
7 18 0.000000
8 18 0.000000
9 18 0.000000
10 18 0.000000
11 18 0.000000
12 18 0.000000
13 18 0.000000
14 18 0.000000
15 18 0.000000
16 18 0.000000
17 18 0.000000
18 18 5387.000000
19 18 5332.979869
20 18 5277.491512
21 18 5243.072617
22 18 5214.062126
23 18 5195.395264
24 18 5192.768768
25 18 5202.439720
26 18 5229.327354
27 18 5251.911510
28 18 5285.559361
29 18 5319.548143
30 18 5342.644823
31 18 5378.271501
32 18 5415.417951
33 18 5456.000000
34 18 5482.000000
35 18 0.000000
36 18 0.000000
37 18 0.000000
38 18 0.000000
39 18 0.000000
40 18 0.000000
41 18 0.000000
42 18 0.000000
43 18 0.000000
44 18 0.000000
45 18 0.000000
46 18 0.000000
0 17 0.000000
1 17 0.000000
2 17 0.000000
3 17 0.000000
4 17 0.000000
5 17 0.000000
6 17 0.000000
7 17 0.000000
8 17 0.000000
9 17 0.000000
10 17 0.000000
11 17 0.000000
12 17 0.000000
13 17 0.000000
14 17 0.000000
15 17 0.000000
16 17 0.000000
17 17 0.000000
18 17 5380.000000
19 17 5336.566309
20 17 5294.764620
21 17 5264.084995
22 17 5242.447884
23 17 5227.330421
24 17 5218.295700
25 17 5223.702026
26 17 5243.479523
27 17 5265.717339
28 17 5290.360527
29 17 5336.979537
30 17 5368.668063
31 17 5409.124018
32 17 5427.291172
33 17 5453.811888
34 17 5442.000000
35 17 0.000000
36 17 0.000000
37 17 0.000000
38 17 0.000000
39 17 0.000000
40 17 0.000000
41 17 0.000000
42 17 0.000000
43 17 0.000000
44 17 0.000000
45 17 0.000000
46 17 0.000000
0 16 0.000000
1 16 0.000000
2 16 0.000000
3 16 0.000000
4 16 0.000000
5 16 0.000000
6 16 0.000000
7 16 0.000000
8 16 0.000000
9 16 0.000000
10 16 0.000000
11 16 0.000000
12 16 0.000000
13 16 0.000000
14 16 0.000000
15 16 0.000000
16 16 0.000000
17 16 5465.000000
18 16 5399.000000
19 16 5354.744625
20 16 5311.173630
21 16 5278.082638
22 16 5267.060848
23 16 5254.522026
24 16 5240.950470
25 16 5245.774082
26 16 5257.780914
27 16 5280.620922
28 16 5305.256584
29 16 5344.977842
30 16 5394.000000
31 16 5445.000000
32 16 5478.253420
33 16 5463.679094
34 16 5394.000000
35 16 0.000000
36 16 0.000000
37 16 0.000000
38 16 0.000000
39 16 0.000000
40 16 0.000000
41 16 0.000000
42 16 0.000000
43 16 0.000000
44 16 0.000000
45 16 0.000000
46 16 0.000000
0 15 0.000000
1 15 0.000000
2 15 0.000000
3 15 0.000000
4 15 0.000000
5 15 0.000000
6 15 0.000000
7 15 0.000000
8 15 0.000000
9 15 0.000000
10 15 0.000000
11 15 0.000000
12 15 0.000000
13 15 0.000000
14 15 0.000000
15 15 0.000000
16 15 5524.000000
17 15 5496.000000
18 15 5437.606281
19 15 5385.047008
20 15 5344.202106
21 15 5317.898411
22 15 5285.192604
23 15 5274.526920
24 15 5265.635284
25 15 5264.233505
26 15 5276.563698
27 15 5295.489780
28 15 5316.676062
29 15 5348.782390
30 15 5402.597348
31 15 5450.000000
32 15 5475.000000
33 15 5431.000000
34 15 5366.000000
35 15 0.000000
36 15 0.000000
37 15 0.000000
38 15 0.000000
39 15 0.000000
40 15 0.000000
41 15 0.000000
42 15 0.000000
43 15 0.000000
44 15 0.000000
45 15 0.000000
46 15 0.000000
0 14 0.000000
1 14 0.000000
2 14 0.000000
3 14 0.000000
4 14 0.000000
5 14 0.000000
6 14 0.000000
7 14 0.000000
8 14 0.000000
9 14 0.000000
10 14 0.000000
11 14 0.000000
12 14 0.000000
13 14 0.000000
14 14 0.000000
15 14 0.000000
16 14 5517.000000
17 14 5501.032242
18 14 5455.867346
19 14 5402.337509
20 14 5366.726628
21 14 5341.209470
22 14 5313.720224
23 14 5293.763815
24 14 5287.841038
25 14 5286.473385
26 14 5293.398014
27 14 5311.722961
28 14 5334.169443
29 14 5368.100878
30 14 5414.000000
31 14 5464.000000
32 14 0.000000
33 14 0.000000
34 14 0.000000
35 14 0.000000
36 14 0.000000
37 14 0.000000
38 14 0.000000
39 14 0.000000
40 14 0.000000
41 14 0.000000
42 14 0.000000
43 14 0.000000
44 14 0.000000
45 14 0.000000
46 14 0.000000
0 13 0.000000
1 13 0.000000
2 13 0.000000
3 13 0.000000
4 13 0.000000
5 13 0.000000
6 13 0.000000
7 13 0.000000
8 13 0.000000
9 13 0.000000
10 13 0.000000
11 13 0.000000
12 13 0.000000
13 13 0.000000
14 13 0.000000
15 13 0.000000
16 13 5533.000000
17 13 5525.504565
18 13 5487.194685
19 13 5430.647873
20 13 5389.705289
21 13 5364.618707
22 13 5347.708570
23 13 5330.253099
24 13 5324.991619
25 13 5327.560324
26 13 5336.795981
27 13 5350.491857
28 13 5372.761003
29 13 5402.649638
30 13 5456.000000
31 13 0.000000
32 13 0.000000
33 13 0.000000
34 13 0.000000
35 13 0.000000
36 13 0.000000
37 13 0.000000
38 13 0.000000
39 13 0.000000
40 13 0.000000
41 13 0.000000
42 13 0.000000
43 13 0.000000
44 13 0.000000
45 13 0.000000
46 13 0.000000
0 12 0.000000
1 12 0.000000
2 12 0.000000
3 12 0.000000
4 12 0.000000
5 12 0.000000
6 12 0.000000
7 12 0.000000
8 12 0.000000
9 12 0.000000
10 12 0.000000
11 12 0.000000
12 12 0.000000
13 12 0.000000
14 12 0.000000
15 12 0.000000
16 12 5528.000000
17 12 5540.000000
18 12 5534.000000
19 12 5491.000000
20 12 5446.000000
21 12 5422.000000
22 12 5412.250185
23 12 5405.796235
24 12 5402.521208
25 12 5400.212964
26 12 5405.632500
27 12 5408.327414
28 12 5435.398701
29 12 5501.000000
30 12 5543.000000
31 12 0.000000
32 12 0.000000
33 12 0.000000
34 12 0.000000
35 12 0.000000
36 12 0.000000
37 12 0.000000
38 12 0.000000
39 12 0.000000
40 12 0.000000
41 12 0.000000
42 12 0.000000
43 12 0.000000
44 12 0.000000
45 12 0.000000
46 12 0.000000
0 11 0.000000
1 11 0.000000
2 11 0.000000
3 11 0.000000
4 11 0.000000
5 11 0.000000
6 11 0.000000
7 11 0.000000
8 11 0.000000
9 11 0.000000
10 11 0.000000
11 11 0.000000
12 11 0.000000
13 11 0.000000
14 11 0.000000
15 11 0.000000
16 11 0.000000
17 11 0.000000
18 11 0.000000
19 11 0.000000
20 11 0.000000
21 11 5533.000000
22 11 5528.000000
23 11 5516.000000
24 11 5506.000000
25 11 5497.000000
26 11 5491.000000
27 11 5501.000000
28 11 5543.000000
29 11 5610.000000
30 11 0.000000
31 11 0.000000
32 11 0.000000
33 11 0.000000
34 11 0.000000
35 11 0.000000
36 11 0.000000
37 11 0.000000
38 11 0.000000
39 11 0.000000
40 11 0.000000
41 11 0.000000
42 11 0.000000
43 11 0.000000
44 11 0.000000
45 11 0.000000
46 11 0.000000
0 10 0.000000
1 10 0.000000
2 10 0.000000
3 10 0.000000
4 10 0.000000
5 10 0.000000
6 10 0.000000
7 10 0.000000
8 10 0.000000
9 10 0.000000
10 10 0.000000
11 10 0.000000
12 10 0.000000
13 10 0.000000
14 10 0.000000
15 10 0.000000
16 10 0.000000
17 10 0.000000
18 10 0.000000
19 10 0.000000
20 10 0.000000
21 10 0.000000
22 10 0.000000
23 10 0.000000
24 10 0.000000
25 10 0.000000
26 10 0.000000
27 10 0.000000
28 10 0.000000
29 10 0.000000
30 10 0.000000
31 10 0.000000
32 10 0.000000
33 10 0.000000
34 10 0.000000
35 10 0.000000
36 10 0.000000
37 10 0.000000
38 10 0.000000
39 10 0.000000
40 10 0.000000
41 10 0.000000
42 10 0.000000
43 10 0.000000
44 10 0.000000
45 10 0.000000
46 10 0.000000
0 9 0.000000
1 9 0.000000
2 9 0.000000
3 9 0.000000
4 9 0.000000
5 9 0.000000
6 9 0.000000
7 9 0.000000
8 9 0.000000
9 9 0.000000
10 9 0.000000
11 9 0.000000
12 9 0.000000
13 9 0.000000
14 9 0.000000
15 9 0.000000
16 9 0.000000
17 9 0.000000
18 9 0.000000
19 9 0.000000
20 9 0.000000
21 9 0.000000
22 9 0.000000
23 9 0.000000
24 9 0.000000
25 9 0.000000
26 9 0.000000
27 9 0.000000
28 9 0.000000
29 9 0.000000
30 9 0.000000
31 9 0.000000
32 9 0.000000
33 9 0.000000
34 9 0.000000
35 9 0.000000
36 9 0.000000
37 9 0.000000
38 9 0.000000
39 9 0.000000
40 9 0.000000
41 9 0.000000
42 9 0.000000
43 9 0.000000
44 9 0.000000
45 9 0.000000
46 9 0.000000
0 8 0.000000
1 8 0.000000
2 8 0.000000
3 8 0.000000
4 8 0.000000
5 8 0.000000
6 8 0.000000
7 8 0.000000
8 8 0.000000
9 8 0.000000
10 8 0.000000
11 8 0.000000
12 8 0.000000
13 8 0.000000
14 8 0.000000
15 8 0.000000
16 8 0.000000
17 8 0.000000
18 8 0.000000
19 8 0.000000
20 8 0.000000
21 8 0.000000
22 8 0.000000
23 8 0.000000
24 8 0.000000
25 8 0.000000
26 8 0.000000
27 8 0.000000
28 8 0.000000
29 8 0.000000
30 8 0.000000
31 8 0.000000
32 8 0.000000
33 8 0.000000
34 8 0.000000
35 8 0.000000
36 8 0.000000
37 8 0.000000
38 8 0.000000
39 8 0.000000
40 8 0.000000
41 8 0.000000
42 8 0.000000
43 8 0.000000
44 8 0.000000
45 8 0.000000
46 8 0.000000
0 7 0.000000
1 7 0.000000
2 7 0.000000
3 7 0.000000
4 7 0.000000
5 7 0.000000
6 7 0.000000
7 7 0.000000
8 7 0.000000
9 7 0.000000
10 7 0.000000
11 7 0.000000
12 7 0.000000
13 7 0.000000
14 7 0.000000
15 7 0.000000
16 7 0.000000
17 7 0.000000
18 7 0.000000
19 7 0.000000
20 7 0.000000
21 7 0.000000
22 7 0.000000
23 7 0.000000
24 7 0.000000
25 7 0.000000
26 7 0.000000
27 7 0.000000
28 7 0.000000
29 7 0.000000
30 7 0.000000
31 7 0.000000
32 7 0.000000
33 7 0.000000
34 7 0.000000
35 7 0.000000
36 7 0.000000
37 7 0.000000
38 7 0.000000
39 7 0.000000
40 7 0.000000
41 7 0.000000
42 7 0.000000
43 7 0.000000
44 7 0.000000
45 7 0.000000
46 7 0.000000
0 6 0.000000
1 6 0.000000
2 6 0.000000
3 6 0.000000
4 6 0.000000
5 6 0.000000
6 6 0.000000
7 6 0.000000
8 6 0.000000
9 6 0.000000
10 6 0.000000
11 6 0.000000
12 6 0.000000
13 6 0.000000
14 6 0.000000
15 6 0.000000
16 6 0.000000
17 6 0.000000
18 6 0.000000
19 6 0.000000
20 6 0.000000
21 6 0.000000
22 6 0.000000
23 6 0.000000
24 6 0.000000
25 6 0.000000
26 6 0.000000
27 6 0.000000
28 6 0.000000
29 6 0.000000
30 6 0.000000
31 6 0.000000
32 6 0.000000
33 6 0.000000
34 6 0.000000
35 6 0.000000
36 6 0.000000
37 6 0.000000
38 6 0.000000
39 6 0.000000
40 6 0.000000
41 6 0.000000
42 6 0.000000
43 6 0.000000
44 6 0.000000
45 6 0.000000
46 6 0.000000
0 5 0.000000
1 5 0.000000
2 5 0.000000
3 5 0.000000
4 5 0.000000
5 5 0.000000
6 5 0.000000
7 5 0.000000
8 5 0.000000
9 5 0.000000
10 5 0.000000
11 5 0.000000
12 5 0.000000
13 5 0.000000
14 5 0.000000
15 5 0.000000
16 5 0.000000
17 5 0.000000
18 5 0.000000
19 5 0.000000
20 5 0.000000
21 5 0.000000
22 5 0.000000
23 5 0.000000
24 5 0.000000
25 5 0.000000
26 5 0.000000
27 5 0.000000
28 5 0.000000
29 5 0.000000
30 5 0.000000
31 5 0.000000
32 5 0.000000
33 5 0.000000
34 5 0.000000
35 5 0.000000
36 5 0.000000
37 5 0.000000
38 5 0.000000
39 5 0.000000
40 5 0.000000
41 5 0.000000
42 5 0.000000
43 5 0.000000
44 5 0.000000
45 5 0.000000
46 5 0.000000
0 4 0.000000
1 4 0.000000
2 4 0.000000
3 4 0.000000
4 4 0.000000
5 4 0.000000
6 4 0.000000
7 4 0.000000
8 4 0.000000
9 4 0.000000
10 4 0.000000
11 4 0.000000
12 4 0.000000
13 4 0.000000
14 4 0.000000
15 4 0.000000
16 4 0.000000
17 4 0.000000
18 4 0.000000
19 4 0.000000
20 4 0.000000
21 4 0.000000
22 4 0.000000
23 4 0.000000
24 4 0.000000
25 4 0.000000
26 4 0.000000
27 4 0.000000
28 4 0.000000
29 4 0.000000
30 4 0.000000
31 4 0.000000
32 4 0.000000
33 4 0.000000
34 4 0.000000
35 4 0.000000
36 4 0.000000
37 4 0.000000
38 4 0.000000
39 4 0.000000
40 4 0.000000
41 4 0.000000
42 4 0.000000
43 4 0.000000
44 4 0.000000
45 4 0.000000
46 4 0.000000
0 3 0.000000
1 3 0.000000
2 3 0.000000
3 3 0.000000
4 3 0.000000
5 3 0.000000
6 3 0.000000
7 3 0.000000
8 3 0.000000
9 3 0.000000
10 3 0.000000
11 3 0.000000
12 3 0.000000
13 3 0.000000
14 3 0.000000
15 3 0.000000
16 3 0.000000
17 3 0.000000
18 3 0.000000
19 3 0.000000
20 3 0.000000
21 3 0.000000
22 3 0.000000
23 3 0.000000
24 3 0.000000
25 3 0.000000
26 3 0.000000
27 3 0.000000
28 3 0.000000
29 3 0.000000
30 3 0.000000
31 3 0.000000
32 3 0.000000
33 3 0.000000
34 3 0.000000
35 3 0.000000
36 3 0.000000
37 3 0.000000
38 3 0.000000
39 3 0.000000
40 3 0.000000
41 3 0.000000
42 3 0.000000
43 3 0.000000
44 3 0.000000
45 3 0.000000
46 3 0.000000
0 2 0.000000
1 2 0.000000
2 2 0.000000
3 2 0.000000
4 2 0.000000
5 2 0.000000
6 2 0.000000
7 2 0.000000
8 2 0.000000
9 2 0.000000
10 2 0.000000
11 2 0.000000
12 2 0.000000
13 2 0.000000
14 2 0.000000
15 2 0.000000
16 2 0.000000
17 2 0.000000
18 2 0.000000
19 2 0.000000
20 2 0.000000
21 2 0.000000
22 2 0.000000
23 2 0.000000
24 2 0.000000
25 2 0.000000
26 2 0.000000
27 2 0.000000
28 2 0.000000
29 2 0.000000
30 2 0.000000
31 2 0.000000
32 2 0.000000
33 2 0.000000
34 2 0.000000
35 2 0.000000
36 2 0.000000
37 2 0.000000
38 2 0.000000
39 2 0.000000
40 2 0.000000
41 2 0.000000
42 2 0.000000
43 2 0.000000
44 2 0.000000
45 2 0.000000
46 2 0.000000
0 1 0.000000
1 1 0.000000
2 1 0.000000
3 1 0.000000
4 1 0.000000
5 1 0.000000
6 1 0.000000
7 1 0.000000
8 1 0.000000
9 1 0.000000
10 1 0.000000
11 1 0.000000
12 1 0.000000
13 1 0.000000
14 1 0.000000
15 1 0.000000
16 1 0.000000
17 1 0.000000
18 1 0.000000
19 1 0.000000
20 1 0.000000
21 1 0.000000
22 1 0.000000
23 1 0.000000
24 1 0.000000
25 1 0.000000
26 1 0.000000
27 1 0.000000
28 1 0.000000
29 1 0.000000
30 1 0.000000
31 1 0.000000
32 1 0.000000
33 1 0.000000
34 1 0.000000
35 1 0.000000
36 1 0.000000
37 1 0.000000
38 1 0.000000
39 1 0.000000
40 1 0.000000
41 1 0.000000
42 1 0.000000
43 1 0.000000
44 1 0.000000
45 1 0.000000
46 1 0.000000
0 0 0.000000
1 0 0.000000
2 0 0.000000
3 0 0.000000
4 0 0.000000
5 0 0.000000
6 0 0.000000
7 0 0.000000
8 0 0.000000
9 0 0.000000
10 0 0.000000
11 0 0.000000
12 0 0.000000
13 0 0.000000
14 0 0.000000
15 0 0.000000
16 0 0.000000
17 0 0.000000
18 0 0.000000
19 0 0.000000
20 0 0.000000
21 0 0.000000
22 0 0.000000
23 0 0.000000
24 0 0.000000
25 0 0.000000
26 0 0.000000
27 0 0.000000
28 0 0.000000
29 0 0.000000
30 0 0.000000
31 0 0.000000
32 0 0.000000
33 0 0.000000
34 0 0.000000
35 0 0.000000
36 0 0.000000
37 0 0.000000
38 0 0.000000
39 0 0.000000
40 0 0.000000
41 0 0.000000
42 0 0.000000
43 0 0.000000
44 0 0.000000
45 0 0.000000
46 0 0.000000
