0.010000 3.251269 -5.050087 0.046275 44351.425632 -0.000000
10.010000 1623.141409 -2552.446727 17.128198 43406.837371 -0.000000
20.010000 3235.882959 -5150.533051 22.005552 42416.615399 -0.000000
30.010000 4844.088813 -7782.357632 24.586443 41390.415896 -0.000000
40.010000 6448.960472 -10391.398768 26.053332 40384.779612 -0.000000
50.010000 8051.375834 -12968.437516 26.840247 39409.369368 -0.000000
60.010000 9651.987961 -15390.331678 32.192571 38582.735047 -0.000000
70.010000 11251.237585 -17698.209742 37.912711 37868.386494 -0.000000
80.010000 12849.407809 -19904.178281 44.312434 37254.188478 -0.000000
90.010000 14446.716159 -22007.201467 49.246400 36743.539691 -0.000000
100.010000 16043.345758 -24039.122435 57.414777 36300.079958 -0.000000
110.010000 17639.435677 -25952.553584 81.130498 35959.023015 -0.000000
120.010000 19235.082722 -27793.169202 108.472876 35686.712071 -0.000000
130.010000 20830.364106 -29553.944671 151.982922 35477.707945 -0.000000
140.010000 22425.342119 -31268.571574 197.353570 35312.688414 -0.000000
150.010000 24020.067589 -32962.916413 234.240264 35176.182356 -0.000000
160.010000 25614.582265 -34658.786220 264.561669 35044.505825 -0.000000
170.010000 27208.920480 -36302.609741 306.081419 34953.500771 -0.000000
180.010000 28803.110473 -37944.066669 341.927457 34870.387803 -0.000000
190.010000 30397.175524 -39573.219722 383.413721 34793.813540 -0.000000
200.010000 31991.134892 -41197.798008 424.746277 34721.862069 -0.000000
210.010000 33585.004587 -42787.176416 486.286712 34664.812925 -0.000000
220.010000 35178.797951 -44367.168136 548.545075 34616.356208 -0.000000
230.010000 36772.526148 -45949.886114 604.377628 34571.533878 -0.000000
240.010000 38366.198569 -47520.381817 666.425301 34532.662924 -0.000000
250.010000 39959.823121 -49060.278577 747.198360 34505.617661 -0.000000
260.010000 41553.406492 -50587.578053 832.664570 34486.435351 -0.000000
270.010000 43146.954386 -52115.898596 914.088967 34470.238307 -0.000000
280.010000 44740.471696 -53645.088154 992.298314 34456.356716 -0.000000
290.010000 46333.962624 -55175.025445 1067.840740 34444.367931 -0.000000
300.010000 47927.430775 -56705.610297 1141.131518 34433.960457 -0.000000
310.010000 49520.879242 -58236.758513 1212.500773 34424.891457 -0.000000
320.010000 51114.310677 -59768.398515 1282.217931 34416.965735 -0.000000
330.010000 52707.727356 -61300.468958 1350.506705 34410.023202 -0.000000
340.010000 54301.131235 -62832.916935 1417.555181 34403.930631 -0.000000
350.010000 55894.523996 -64365.696604 1483.522993 34398.575916 -0.000000
360.010000 57487.907086 -65898.768083 1548.546635 34393.863889 -0.000000
370.010000 59081.281754 -67432.096573 1612.743512 34389.713193 -0.000000
380.010000 60674.649079 -68965.651634 1676.215101 34386.053873 -0.000000
390.010000 62268.009992 -70499.406578 1739.049455 34382.825492 -0.000000
400.010000 63861.365301 -72033.337974 1801.323234 34379.975630 -0.000000
410.010000 65454.715708 -73567.425216 1863.103363 34377.458669 -0.000000
420.010000 67048.061818 -75101.650166 1924.448395 34375.234802 -0.000000
430.010000 68641.404164 -76635.996840 1985.409660 34373.269214 -0.000000
440.010000 70234.743206 -78170.451141 2046.032226 34371.531393 -0.000000
450.010000 71828.079346 -79705.000629 2106.355715 34369.994561 -0.000000
460.010000 73421.412935 -81239.634322 2166.414999 34368.635178 -0.000000
470.010000 75014.744281 -82774.342516 2226.240800 34367.432534 -0.000000
480.010000 76608.073653 -84309.116636 2285.860204 34366.368387 -0.000000
490.010000 78201.401286 -85843.949104 2345.297105 34365.426656 -0.000000
500.010000 79794.727387 -87378.833217 2404.572597 34364.593157 -0.000000
510.010000 81388.052138 -88913.763048 2463.705305 34363.855373 -0.000000
520.010000 82981.375696 -90448.733352 2522.711688 34363.202250 -0.000000
530.010000 84574.698204 -91983.739490 2581.606288 34362.624024 -0.000000
540.010000 86168.019784 -93518.777358 2640.401962 34362.112067 -0.000000
550.010000 87761.340544 -95053.843321 2699.110077 34361.658753 -0.000000
560.010000 89354.660580 -96588.934164 2757.740689 34361.257339 -0.000000
570.010000 90947.979977 -98124.047041 2816.302690 34360.901863 -0.000000
580.010000 92541.298808 -99659.179432 2874.803949 34360.587049 -0.000000
590.010000 94134.617139 -101194.329105 2933.251427 34360.308234 -0.000000
600.010000 95727.935029 -102729.494086 2991.651285 34360.061289 -0.000000
610.010000 97321.252527 -104264.672626 3050.008976 34359.842562 -0.000000
620.010000 98914.569680 -105799.863176 3108.329325 34359.648820 -0.000000
630.010000 100507.886526 -107335.064364 3166.616606 34359.477202 -0.000000
640.010000 102101.203102 -108870.274977 3224.874598 34359.325178 -0.000000
650.010000 103694.519439 -110405.493939 3283.106652 34359.190504 -0.000000
660.010000 105287.835563 -111940.720297 3341.315730 34359.071196 -0.000000
670.010000 106881.151499 -113475.953207 3399.504458 34358.965499 -0.000000
680.010000 108474.467270 -115011.191922 3457.675160 34358.871857 -0.000000
690.010000 110067.782893 -116546.435781 3515.829894 34358.788892 -0.000000
700.010000 111661.098385 -118081.684197 3573.970483 34358.715385 -0.000000
710.010000 113254.413763 -119616.936650 3632.098541 34358.650255 -0.000000
720.010000 114847.729038 -121152.192681 3690.215497 34358.592548 -0.000000
730.010000 116441.044222 -122687.451882 3748.322618 34358.541415 -0.000000
740.010000 118034.359326 -124222.713892 3806.421026 34358.496108 -0.000000
750.010000 119627.674360 -125757.978390 3864.511713 34358.455960 -0.000000
760.010000 121220.989330 -127293.245094 3922.595560 34358.420384 -0.000000
770.010000 122814.304244 -128828.513752 3980.673346 34358.388859 -0.000000
780.010000 124407.619110 -130363.784142 4038.745762 34358.360923 -0.000000
790.010000 126000.933931 -131899.056067 4096.813420 34358.336166 -0.000000
800.010000 127594.248713 -133434.329352 4154.876862 34358.314228 -0.000000
810.010000 129187.563462 -134969.603842 4212.936567 34358.294785 -0.000000
820.010000 130780.878179 -136504.879400 4270.992961 34358.277555 -0.000000
830.010000 132374.192871 -138040.155905 4329.046422 34358.262286 -0.000000
840.010000 133967.507540 -139575.433249 4387.097282 34358.248753 -0.000000
850.010000 135560.822187 -141110.711336 4445.145839 34358.236760 -0.000000
860.010000 137154.136816 -142645.990082 4503.192354 34358.226130 -0.000000
870.010000 138747.451428 -144181.269412 4561.237059 34358.216710 -0.000000
880.010000 140340.766025 -145716.549260 4619.280161 34358.208361 -0.000000
890.010000 141934.080609 -147251.829566 4677.321842 34358.200961 -0.000000
900.010000 143527.395181 -148787.110279 4735.362263 34358.194402 -0.000000
910.010000 145120.709743 -150322.391353 4793.401568 34358.188589 -0.000000
920.010000 146714.024297 -151857.672745 4851.439884 34358.183437 -0.000000
930.010000 148307.338842 -153392.954421 4909.477323 34358.178871 -0.000000
940.010000 149900.653380 -154928.236348 4967.513984 34358.174824 -0.000000
950.010000 151493.967911 -156463.518497 5025.549957 34358.171236 -0.000000
960.010000 153087.282437 -157998.800843 5083.585320 34358.168057 -0.000000
970.010000 154680.596958 -159534.083364 5141.620142 34358.165239 -0.000000
980.010000 156273.911475 -161069.366039 5199.654484 34358.162741 -0.000000
990.010000 157867.225987 -162604.648852 5257.688401 34358.160527 -0.000000
