0.010000 2.182693 -5.300367 0.132581 59233.972364 -0.000000
10.010000 1073.765424 -2666.256056 67.620186 57577.111831 -0.000000
20.010000 2112.618684 -5388.186842 109.435375 55852.219145 -0.000000
30.010000 3126.034229 -8155.930510 136.707967 54070.618458 -0.000000
40.010000 4118.951264 -10856.019223 169.447486 52330.707285 -0.000000
50.010000 5094.805150 -13556.461924 185.731097 50589.834879 -0.000000
60.010000 6056.136900 -16225.077896 195.269524 48873.012245 -0.000000
70.010000 7005.210799 -18848.549077 201.984280 47191.900221 -0.000000
80.010000 7943.442104 -21385.577544 214.948353 45580.138998 -0.000000
90.010000 8872.022744 -23788.835255 229.600843 44090.809447 -0.000000
100.010000 9792.228607 -26114.156238 236.847056 42678.448124 -0.000000
110.010000 10705.032501 -28377.299737 241.014042 41323.941539 -0.000000
120.010000 11611.162897 -30625.459715 243.869231 39979.056775 -0.000000
130.010000 12511.316792 -32728.790555 258.444999 38761.304069 -0.000000
140.010000 13406.105845 -34717.627555 274.790325 37650.910802 -0.000000
150.010000 14296.049754 -36697.832281 280.975639 36554.464676 -0.000000
160.010000 15181.705092 -38621.532414 288.217266 35509.178259 -0.000000
170.010000 16063.338953 -40479.997762 300.274708 34520.289334 -0.000000
180.010000 16941.235154 -42316.494578 309.220620 33552.742811 -0.000000
190.010000 17815.748948 -44116.764891 322.079356 32614.127559 -0.000000
200.010000 18687.202102 -45841.346685 338.673333 31744.404946 -0.000000
210.010000 19555.767460 -47509.687868 357.283387 30926.019071 -0.000000
220.010000 20421.620891 -49176.811696 373.320526 30108.711537 -0.000000
230.010000 21284.961000 -50769.200042 398.360025 29354.623803 -0.000000
240.010000 22145.971696 -52316.652139 423.324943 28643.217488 -0.000000
250.010000 23004.861546 -53810.847179 446.533593 27984.703650 -0.000000
260.010000 23861.773027 -55260.499015 469.232186 27369.264703 -0.000000
270.010000 24716.874261 -56689.018731 491.237179 26773.841231 -0.000000
280.010000 25570.314032 -58048.472632 530.096058 26228.968223 -0.000000
290.010000 26422.186600 -59368.484516 576.463484 25714.461483 -0.000000
300.010000 27272.583979 -60676.247825 621.736505 25211.822533 -0.000000
310.010000 28121.675177 -61936.234658 671.590477 24751.072928 -0.000000
320.010000 28969.634291 -63149.478173 725.731779 24331.647226 -0.000000
330.010000 29816.593426 -64347.432243 775.615203 23930.768869 -0.000000
340.010000 30662.623916 -65540.534349 823.804857 23535.507601 -0.000000
350.010000 31507.786414 -66686.663382 881.797316 23176.548608 -0.000000
360.010000 32352.137342 -67816.433003 939.911820 22833.015413 -0.000000
370.010000 33195.728726 -68939.694105 996.808772 22496.448743 -0.000000
380.010000 34038.628980 -70003.638493 1062.366271 22209.847110 -0.000000
390.010000 34880.895445 -71064.550300 1121.255127 21932.312915 -0.000000
400.010000 35722.574746 -72134.645081 1174.509992 21650.642570 -0.000000
410.010000 36563.727534 -73191.685983 1225.445878 21383.818572 -0.000000
420.010000 37404.396800 -74246.844067 1278.576232 21116.199400 -0.000000
430.010000 38244.619383 -75294.723921 1334.385799 20852.732563 -0.000000
440.010000 39084.421636 -76321.991699 1394.960641 20604.692196 -0.000000
450.010000 39923.827705 -77352.893225 1451.656241 20356.501141 -0.000000
460.010000 40762.867218 -78361.244489 1515.357947 20123.487684 -0.000000
470.010000 41601.567151 -79331.674582 1588.804530 19918.310942 -0.000000
480.010000 42439.952293 -80272.176220 1664.622823 19740.376153 -0.000000
490.010000 43278.060059 -81183.998102 1745.971736 19585.313127 -0.000000
500.010000 44115.912356 -82104.357643 1818.743049 19430.034570 -0.000000
510.010000 44953.529454 -83026.568659 1890.085803 19274.097899 -0.000000
520.010000 45790.930395 -83918.362616 1967.761071 19142.029616 -0.000000
530.010000 46628.132781 -84800.158085 2039.654060 19025.543545 -0.000000
540.010000 47465.152523 -85681.995774 2110.569005 18909.810653 -0.000000
550.010000 48302.003969 -86564.247976 2182.722257 18792.256646 -0.000000
560.010000 49138.699854 -87440.024810 2258.932865 18676.965089 -0.000000
570.010000 49975.251188 -88304.906209 2338.903592 18568.664298 -0.000000
580.010000 50811.667732 -89155.548358 2420.497173 18472.845114 -0.000000
590.010000 51647.958477 -89998.434380 2499.264812 18387.482198 -0.000000
600.010000 52484.131850 -90847.160281 2571.924648 18302.269835 -0.000000
610.010000 53320.195692 -91701.787618 2640.149685 18215.481303 -0.000000
620.010000 54156.157818 -92527.053648 2728.955369 18137.371717 -0.000000
630.010000 54992.031117 -93333.585620 2826.970889 18068.697524 -0.000000
640.010000 55827.822908 -94142.511080 2920.759617 18001.775128 -0.000000
650.010000 56663.538569 -94956.059645 3010.457062 17934.244780 -0.000000
660.010000 57499.183016 -95774.312428 3096.902345 17865.191162 -0.000000
670.010000 58334.760478 -96585.282347 3185.596646 17801.104405 -0.000000
680.010000 59170.274469 -97390.091883 3275.025052 17742.380453 -0.000000
690.010000 60005.728031 -98186.940845 3367.721478 17688.288629 -0.000000
700.010000 60841.124103 -98987.510045 3456.589389 17634.247591 -0.000000
710.010000 61676.465701 -99791.834229 3542.548542 17579.305852 -0.000000
720.010000 62511.755678 -100585.916061 3634.306313 17528.756228 -0.000000
730.010000 63346.996590 -101379.775103 3724.633437 17479.810974 -0.000000
740.010000 64182.190909 -102177.028154 3812.046431 17430.339249 -0.000000
750.010000 65017.341038 -102968.469997 3902.402069 17383.691898 -0.000000
760.010000 65852.449154 -103745.986707 4000.262695 17343.422678 -0.000000
770.010000 66687.517360 -104518.381527 4099.914774 17306.443985 -0.000000
780.010000 67522.548134 -105293.291813 4196.099672 17270.379577 -0.000000
790.010000 68357.544193 -106053.246298 4298.851138 17242.669686 -0.000000
800.010000 69192.508159 -106800.164796 4408.346759 17221.219533 -0.000000
810.010000 70027.442696 -107547.772257 4514.336332 17202.557037 -0.000000
820.010000 70862.350683 -108296.588318 4617.143805 17185.841491 -0.000000
830.010000 71697.234958 -109046.495436 4717.314472 17170.647983 -0.000000
840.010000 72532.098079 -109797.400436 4815.237001 17156.683576 -0.000000
850.010000 73366.942241 -110549.227442 4911.207258 17143.730475 -0.000000
860.010000 74201.769290 -111301.913699 5005.460297 17131.618229 -0.000000
870.010000 75036.580772 -112055.406899 5098.188483 17120.208327 -0.000000
880.010000 75871.377988 -112809.663347 5189.552681 17109.384898 -0.000000
890.010000 76706.162039 -113564.646649 5279.689613 17099.048716 -0.000000
900.010000 77540.933863 -114320.326734 5368.716954 17089.113114 -0.000000
910.010000 78375.694263 -115076.679111 5456.737014 17079.501077 -0.000000
920.010000 79210.443927 -115833.684291 5543.839487 17070.143091 -0.000000
930.010000 80045.183447 -116591.327337 5630.103559 17060.975492 -0.000000
940.010000 80879.913324 -117349.597521 5715.599559 17051.939187 -0.000000
950.010000 81714.633989 -118108.488039 5800.390256 17042.978637 -0.000000
960.010000 82549.345798 -118867.995810 5884.531880 17034.041052 -0.000000
970.010000 83384.049051 -119628.121308 5968.074930 17025.075758 -0.000000
980.010000 84218.743989 -120388.868439 6051.064789 17016.033707 -0.000000
990.010000 85053.430803 -121150.244444 6133.542182 17006.867125 -0.000000
