0.010000 2.937073 -4.273691 0.181294 22517.531341 -0.000000
10.010000 1466.620718 -2159.060867 68.494690 21758.114498 -0.000000
20.010000 2925.827807 -4338.786921 105.468111 21000.622212 -0.000000
30.010000 4383.241505 -6500.009153 132.183318 20270.098556 -0.000000
40.010000 5839.690717 -8572.054063 164.743499 19621.942728 -0.000000
50.010000 7295.531552 -10552.089719 194.305601 19068.185835 -0.000000
60.010000 8750.948454 -12349.506958 214.579923 18705.911194 -0.000000
70.010000 10206.055642 -14068.903677 234.238386 18421.963211 -0.000000
80.010000 11660.961152 -15680.935012 280.211864 18218.863919 -0.000000
90.010000 13115.715018 -17229.565570 326.688343 18078.510757 -0.000000
100.010000 14570.345803 -18743.436874 374.892302 17971.066287 -0.000000
110.010000 16024.873919 -20239.863426 424.951363 17879.108799 -0.000000
120.010000 17479.314034 -21648.380001 519.788177 17830.195537 -0.000000
130.010000 18933.677321 -23025.271764 626.904479 17800.550771 -0.000000
140.010000 20387.972879 -24382.328950 739.974924 17784.718712 -0.000000
150.010000 21842.208326 -25740.124272 847.605547 17773.528226 -0.000000
160.010000 23296.390134 -27098.445066 951.778598 17765.216204 -0.000000
170.010000 24750.523823 -28457.154685 1053.572283 17758.846602 -0.000000
180.010000 26204.615390 -29816.161131 1153.661683 17753.842336 -0.000000
190.010000 27658.674196 -31175.404079 1252.500307 17749.819584 -0.000000
200.010000 29112.703728 -32534.836587 1350.405559 17746.511370 -0.000000
210.010000 30566.706411 -33894.424244 1447.605453 17743.726514 -0.000000
220.010000 32020.684352 -35254.142159 1544.266748 17741.325259 -0.000000
230.010000 33474.639395 -36613.972418 1640.513032 17739.203772 -0.000000
240.010000 34928.573158 -37973.902308 1736.436876 17737.283814 -0.000000
250.010000 36382.487072 -39333.923038 1832.108279 17735.505607 -0.000000
260.010000 37836.382407 -40694.028819 1927.580667 17733.822786 -0.000000
270.010000 39290.260294 -42054.216197 2022.895220 17732.198755 -0.000000
280.010000 40744.121742 -43414.483567 2118.084034 17730.604032 -0.000000
290.010000 42197.967658 -44774.830827 2213.172423 17729.014313 -0.000000
300.010000 43651.798854 -46135.259122 2308.180588 17727.409062 -0.000000
310.010000 45105.616063 -47495.770659 2403.124809 17725.770526 -0.000000
320.010000 46559.419947 -48856.368574 2498.018261 17724.083055 -0.000000
330.010000 48013.211102 -50217.056829 2592.871533 17722.332696 -0.000000
340.010000 49466.990071 -51577.840117 2687.692937 17720.506985 -0.000000
350.010000 50920.757346 -52938.723791 2782.488653 17718.594883 -0.000000
360.010000 52374.513376 -54299.713778 2877.262793 17716.586800 -0.000000
370.010000 53828.258571 -55660.816496 2972.017463 17714.474619 -0.000000
380.010000 55281.993308 -57022.038775 3066.752888 17712.251665 -0.000000
390.010000 56735.717933 -58383.387776 3161.467670 17709.912520 -0.000000
400.010000 58189.432765 -59744.870927 3256.159200 17707.452685 -0.000000
410.010000 59643.138096 -61106.113701 3351.133226 17704.941228 -0.000000
420.010000 61096.834231 -62459.525901 3452.350151 17704.008250 -0.000000
430.010000 62550.521778 -63812.981269 3553.385317 17703.205276 -0.000000
440.010000 64004.201597 -65166.474389 3654.289772 17702.487533 -0.000000
450.010000 65457.874469 -66520.001589 3755.087331 17701.835659 -0.000000
460.010000 66911.541026 -67873.559856 3855.790959 17701.240336 -0.000000
470.010000 68365.201788 -69227.146502 3956.409786 17700.695637 -0.000000
480.010000 69818.857196 -70580.759081 4056.951521 17700.196746 -0.000000
490.010000 71272.507638 -71934.395363 4157.423142 17699.739298 -0.000000
500.010000 72726.153455 -73288.053328 4257.831075 17699.319231 -0.000000
510.010000 74179.794955 -74641.731152 4358.181226 17698.932769 -0.000000
520.010000 75633.432411 -75995.427201 4458.478980 17698.576435 -0.000000
530.010000 77087.066070 -77349.140010 4558.729215 17698.247065 -0.000000
540.010000 78540.696156 -78702.868271 4658.936318 17697.941800 -0.000000
550.010000 79994.322870 -80056.610818 4759.104213 17697.658086 -0.000000
560.010000 81447.946398 -81410.366614 4859.236394 17697.393651 -0.000000
570.010000 82901.566910 -82764.134731 4959.335962 17697.146490 -0.000000
580.010000 84355.184561 -84117.914345 5059.405663 17696.914840 -0.000000
590.010000 85808.799497 -85471.704716 5159.447927 17696.697154 -0.000000
600.010000 87262.411850 -86825.505181 5259.464904 17696.492079 -0.000000
610.010000 88716.021746 -88179.315146 5359.458497 17696.298431 -0.000000
620.010000 90169.629302 -89533.134072 5459.430394 17696.115177 -0.000000
630.010000 91623.234626 -90886.961474 5559.382093 17695.941414 -0.000000
640.010000 93076.837821 -92240.796907 5659.314932 17695.776350 -0.000000
650.010000 94530.438984 -93594.639969 5759.230106 17695.619291 -0.000000
660.010000 95984.038205 -94948.490288 5859.128688 17695.469625 -0.000000
670.010000 97437.635571 -96302.347524 5959.011643 17695.326814 -0.000000
680.010000 98891.231162 -97656.211360 6058.879846 17695.190379 -0.000000
690.010000 100344.825056 -99010.081505 6158.734091 17695.059896 -0.000000
700.010000 101798.417325 -100363.957685 6258.575104 17694.934987 -0.000000
710.010000 103252.008040 -101717.839647 6358.403547 17694.815310 -0.000000
720.010000 104705.597265 -103071.727150 6458.220033 17694.700560 -0.000000
730.010000 106159.185063 -104425.619970 6558.025125 17694.590459 -0.000000
740.010000 107612.771494 -105779.517896 6657.819346 17694.484756 -0.000000
750.010000 109066.356614 -107133.420728 6757.603184 17694.383220 -0.000000
760.010000 110519.940477 -108487.328275 6857.377093 17694.285641 -0.000000
770.010000 111973.523135 -109841.240358 6957.141499 17694.191824 -0.000000
780.010000 113427.104636 -111195.156805 7056.896801 17694.101590 -0.000000
790.010000 114880.685028 -112549.077453 7156.643375 17694.014772 -0.000000
800.010000 116334.264355 -113903.002147 7256.381578 17693.931216 -0.000000
810.010000 117787.842659 -115256.930738 7356.111745 17693.850776 -0.000000
820.010000 119241.419982 -116610.863083 7455.834194 17693.773318 -0.000000
830.010000 120694.996362 -117964.799047 7555.549228 17693.698715 -0.000000
840.010000 122148.571837 -119318.738499 7655.257134 17693.626845 -0.000000
850.010000 123602.146442 -120672.681314 7754.958185 17693.557597 -0.000000
860.010000 125055.720211 -122026.627373 7854.652643 17693.490863 -0.000000
870.010000 126509.293176 -123380.576559 7954.340757 17693.426543 -0.000000
880.010000 127962.865370 -124734.528762 8054.022764 17693.364540 -0.000000
890.010000 129416.436821 -126088.483875 8153.698891 17693.304763 -0.000000
900.010000 130870.007558 -127442.441797 8253.369358 17693.247125 -0.000000
910.010000 132323.577610 -128796.402429 8353.034371 17693.191545 -0.000000
920.010000 133777.147002 -130150.365675 8452.694132 17693.137942 -0.000000
930.010000 135230.715759 -131504.331445 8552.348831 17693.086242 -0.000000
940.010000 136684.283905 -132858.299651 8651.998652 17693.036372 -0.000000
950.010000 138137.851463 -134212.270208 8751.643773 17692.988265 -0.000000
960.010000 139591.418455 -135566.243034 8851.284361 17692.941854 -0.000000
970.010000 141044.984903 -136920.218052 8950.920582 17692.897077 -0.000000
980.010000 142498.550826 -138274.195184 9050.552590 17692.853872 -0.000000
990.010000 143952.116245 -139628.174358 9150.180536 17692.812182 -0.000000
