0.010000 1.955862 -4.360707 0.184156 60727.235917 -0.000000
10.010000 968.430827 -2189.891654 86.072515 59422.291600 -0.000000
20.010000 1915.525828 -4403.027734 145.844074 58096.478982 -0.000000
30.010000 2847.492126 -6639.143822 185.182873 56752.990411 -0.000000
40.010000 3767.260316 -8876.119119 219.107941 55401.858253 -0.000000
50.010000 4677.139115 -11101.076434 245.829345 54060.058347 -0.000000
60.010000 5578.712099 -13294.837349 265.900496 52747.799277 -0.000000
70.010000 6473.312978 -15454.179545 284.025654 51464.932813 -0.000000
80.010000 7361.862891 -17537.274949 305.302736 50249.110250 -0.000000
90.010000 8245.050843 -19590.171177 319.394060 49065.310660 -0.000000
100.010000 9123.548547 -21617.293856 327.613603 47908.466149 -0.000000
110.010000 9997.906104 -23585.695963 339.150736 46802.884472 -0.000000
120.010000 10868.558098 -25506.900701 352.821653 45738.660817 -0.000000
130.010000 11735.869066 -27362.754094 365.513253 44737.426798 -0.000000
140.010000 12600.096954 -29167.699202 382.353304 43779.869532 -0.000000
150.010000 13461.510402 -30890.565143 398.296801 42902.473546 -0.000000
160.010000 14320.395579 -32587.957857 414.497185 42047.765630 -0.000000
170.010000 15176.937498 -34249.127580 427.574620 41230.060394 -0.000000
180.010000 16031.281703 -35867.854712 440.039832 40453.212259 -0.000000
190.010000 16883.553914 -37422.234834 453.591785 39737.552399 -0.000000
200.010000 17733.880774 -38938.263248 465.174358 39060.268275 -0.000000
210.010000 18582.421166 -40441.077281 471.810457 38399.358538 -0.000000
220.010000 19429.356272 -41925.838046 482.750944 37750.592393 -0.000000
230.010000 20274.819450 -43370.259911 493.308226 37141.076427 -0.000000
240.010000 21118.891602 -44784.386180 506.098976 36558.231562 -0.000000
250.010000 21961.639500 -46166.779043 520.984828 36003.700747 -0.000000
260.010000 22803.142206 -47525.297589 535.478828 35472.190910 -0.000000
270.010000 23643.494383 -48859.870181 550.356605 34963.092719 -0.000000
280.010000 24482.770553 -50146.308155 576.036181 34490.251342 -0.000000
290.010000 25321.021103 -51431.111450 593.014625 34026.720154 -0.000000
300.010000 26158.293777 -52704.312587 608.626922 33575.179396 -0.000000
310.010000 26994.634601 -53943.935285 625.208705 33155.315740 -0.000000
320.010000 27830.087393 -55183.888246 636.462031 32739.562247 -0.000000
330.010000 28664.693920 -56402.613073 657.183605 32334.722374 -0.000000
340.010000 29498.494080 -57586.361315 685.592630 31956.365270 -0.000000
350.010000 30331.529847 -58728.705610 714.869108 31617.780266 -0.000000
360.010000 31163.852249 -59857.605417 737.210663 31298.861307 -0.000000
370.010000 31995.508925 -61001.983441 752.249335 30971.101288 -0.000000
380.010000 32826.534974 -62155.113454 764.787036 30636.459623 -0.000000
390.010000 33656.961741 -63252.989091 787.992145 30345.805645 -0.000000
400.010000 34486.818519 -64331.505197 810.897540 30074.240923 -0.000000
410.010000 35316.132766 -65409.900300 828.047795 29808.009814 -0.000000
420.010000 36144.930466 -66485.285250 846.121992 29543.348368 -0.000000
430.010000 36973.236336 -67527.771479 870.018966 29305.271036 -0.000000
440.010000 37801.073929 -68558.401013 891.016540 29081.481521 -0.000000
450.010000 38628.465820 -69594.617228 908.951055 28854.722683 -0.000000
460.010000 39455.433673 -70610.717835 936.591152 28637.949833 -0.000000
470.010000 40281.998083 -71600.076363 968.999021 28442.747847 -0.000000
480.010000 41108.178470 -72580.445799 999.564679 28257.993140 -0.000000
490.010000 41933.993446 -73536.356076 1034.151835 28093.310684 -0.000000
500.010000 42759.461088 -74476.285334 1068.609204 27944.391701 -0.000000
510.010000 43584.599076 -75423.307387 1095.252767 27795.864073 -0.000000
520.010000 44409.424710 -76376.945968 1116.903161 27645.400733 -0.000000
530.010000 45233.954469 -77317.045192 1147.040200 27499.694229 -0.000000
540.010000 46058.203684 -78255.549003 1176.369757 27356.110077 -0.000000
550.010000 46882.186796 -79172.072770 1212.419535 27227.519644 -0.000000
560.010000 47705.917541 -80071.503091 1252.666637 27111.572967 -0.000000
570.010000 48529.408978 -80956.365154 1295.200733 27007.668246 -0.000000
580.010000 49352.673727 -81840.313194 1333.910690 26908.274999 -0.000000
590.010000 50175.724207 -82706.079229 1378.250268 26821.219866 -0.000000
600.010000 50998.572669 -83566.849910 1419.421685 26742.126231 -0.000000
610.010000 51821.230965 -84431.326183 1454.592849 26665.137091 -0.000000
620.010000 52643.710408 -85299.445002 1484.980441 26589.110124 -0.000000
630.010000 53466.021591 -86171.189184 1511.387953 26513.269613 -0.000000
640.010000 54288.174215 -87046.574998 1534.427655 26436.996722 -0.000000
650.010000 55110.177023 -87922.599537 1556.496907 26360.906878 -0.000002
660.010000 55932.037817 -88761.351713 1602.004262 26298.508652 -0.000000
670.010000 56753.763571 -89588.555157 1650.883278 26244.151947 -0.000000
680.010000 57575.361066 -90416.209158 1696.472697 26192.506023 -0.000000
690.010000 58396.837506 -91246.283320 1737.998570 26142.382429 -0.000000
700.010000 59218.201859 -92071.306099 1782.062734 26094.659840 -0.000000
710.010000 60039.461641 -92888.059744 1830.921899 26050.306813 -0.000000
720.010000 60860.623283 -93700.579642 1880.908013 26008.962443 -0.000000
730.010000 61681.693013 -94515.042621 1927.649594 25968.827614 -0.000000
740.010000 62502.676798 -95331.404217 1971.578425 25929.520972 -0.000000
750.010000 63323.580226 -96149.636198 2013.021355 25890.749491 -0.000000
760.010000 64144.408427 -96960.310151 2059.067595 25854.857499 -0.000000
770.010000 64965.166042 -97765.871787 2107.048735 25822.072338 -0.000000
780.010000 65785.857280 -98572.977290 2152.318381 25790.388428 -0.000000
790.010000 66606.486034 -99381.582893 2195.203633 25759.526329 -0.000000
800.010000 67427.055913 -100176.927729 2247.146733 25732.808272 -0.000000
810.010000 68247.570243 -100971.740966 2297.737614 25707.918485 -0.000000
820.010000 69068.032132 -101763.841413 2349.238429 25684.779113 -0.000000
830.010000 69888.444528 -102545.457799 2407.686047 25665.127505 -0.000000
840.010000 70708.810234 -103327.974289 2463.832939 25646.829830 -0.000000
850.010000 71529.131953 -104111.334624 2518.045574 25629.578581 -0.000000
860.010000 72349.412308 -104895.493455 2570.533408 25613.212271 -0.000000
870.010000 73169.653799 -105680.411944 2621.448540 25597.620143 -0.000000
880.010000 73989.858783 -106466.055964 2670.913370 25582.716277 -0.000000
890.010000 74810.029448 -107252.395111 2719.031096 25568.430071 -0.000000
900.010000 75630.167821 -108039.402065 2765.890904 25554.701683 -0.000000
910.010000 76450.275770 -108827.052126 2811.571076 25541.479400 -0.000000
920.010000 77270.355014 -109615.322867 2856.141081 25528.717898 -0.000000
930.010000 78090.407132 -110404.193853 2899.663092 25516.377020 -0.000000
940.010000 78910.433578 -111185.601019 2949.502950 25505.156443 -0.000000
950.010000 79730.435689 -111960.850352 3004.180206 25495.231966 -0.000000
960.010000 80550.414726 -112728.650345 3065.224709 25486.366507 -0.000000
970.010000 81370.371928 -113492.185034 3129.569878 25478.443853 -0.000000
980.010000 82190.308553 -114256.079420 3192.916613 25471.139359 -0.000000
990.010000 83010.225887 -115020.305963 3255.372650 25464.374113 -0.000000
