10 18 54.275064 0.686690
10 19 53.692899 0.641408
10 20 52.484792 0.596515
10 21 49.418896 0.584107
10 22 45.859922 0.589827
11 18 51.139866 0.577847
11 19 50.981359 0.518012
11 20 53.348569 0.459159
11 21 50.868702 0.438777
11 22 48.278167 0.439164
12 14 89.051200 0.735225
12 15 72.226838 0.677800
12 16 62.826317 0.589798
12 17 57.496591 0.502695
12 18 55.952879 0.440983
12 19 59.425216 0.370553
12 20 66.158321 0.318140
12 21 61.573982 0.287883
12 22 52.976271 0.268506
12 23 44.683605 0.210700
13 13 112.746632 0.773807
13 14 87.925198 0.728036
13 15 70.638721 0.633987
13 16 67.948737 0.522356
13 17 66.326065 0.421869
13 18 65.913714 0.335612
13 19 72.188441 0.262538
13 20 78.555374 0.210626
13 21 72.059928 0.168113
13 22 58.010641 0.123778
13 23 45.026217 0.056128
13 24 26.761056 -0.061950
13 25 0.000000 -0.224338
13 26 0.000000 -0.277252
13 27 0.000000 -0.363115
13 28 0.000000 -0.467785
13 29 0.000000 -0.580488
13 30 0.000000 -0.686235
13 31 0.000000 -0.768523
13 32 0.000000 -0.796834
14 13 102.381232 0.780618
14 14 77.970673 0.712997
14 15 67.754280 0.576417
14 16 76.949465 0.451298
14 17 80.623092 0.352296
14 18 79.433460 0.262179
14 19 84.048737 0.183547
14 20 89.297602 0.124930
14 21 83.840025 0.072058
14 22 71.780165 0.011241
14 23 58.616575 -0.067767
14 24 38.295799 -0.183206
14 25 0.000000 -0.395934
14 26 0.000000 -0.444566
14 27 0.000000 -0.508269
14 28 0.000000 -0.575172
14 29 0.000000 -0.635371
14 30 0.000000 -0.688090
14 31 0.000000 -0.747233
14 32 0.000000 -0.785866
14 33 0.000000 -0.785293
14 34 0.000000 -0.780606
15 12 122.541585 0.876879
15 13 88.159546 0.821778
15 14 63.717712 0.698686
15 15 63.820888 0.517071
15 16 80.966764 0.387272
15 17 89.268635 0.289911
15 18 91.454962 0.201578
15 19 97.314227 0.123893
15 20 102.392589 0.061374
15 21 97.930764 0.003329
15 22 88.007636 -0.061837
15 23 77.408757 -0.140189
15 24 64.260516 -0.238587
15 25 46.544704 -0.369182
15 26 17.172765 -0.567765
15 27 0.000000 -0.698936
15 28 0.000000 -0.732582
15 29 0.000000 -0.754113
15 30 0.000000 -0.767940
15 31 0.000000 -0.800379
15 32 0.000000 -0.844324
15 33 0.000000 -0.865651
15 34 0.000000 -0.865978
15 35 0.000000 -0.864216
16 11 128.030299 0.963337
16 12 96.030066 0.917016
16 13 65.321107 0.837009
16 14 51.436300 0.654187
16 15 62.003414 0.453613
16 16 81.546423 0.327480
16 17 93.093684 0.231567
16 18 100.756512 0.147941
16 19 108.332461 0.075329
16 20 112.454433 0.012492
16 21 108.081063 -0.048228
16 22 99.229957 -0.114798
16 23 89.122880 -0.191436
16 24 78.577312 -0.282166
16 25 67.935195 -0.390008
16 26 53.473186 -0.516921
16 27 28.527652 -0.683487
16 28 0.000000 -0.862860
16 29 0.000000 -0.895418
16 30 0.000000 -0.923526
16 31 0.000000 -0.959205
16 32 0.000000 -0.996835
16 33 0.000000 -1.011075
16 34 0.000000 -0.986783
16 35 0.000000 -0.950004
16 36 0.000000 -0.925868
16 37 0.000000 -0.922347
17 11 84.136102 0.996254
17 12 64.097578 0.957692
17 13 48.262329 0.822108
17 14 47.653200 0.588150
17 15 63.411820 0.400897
17 16 80.358025 0.274686
17 17 95.419653 0.179133
17 18 107.685005 0.101184
17 19 115.010391 0.033076
17 20 117.187355 -0.029898
17 21 113.278910 -0.092798
17 22 106.310046 -0.160309
17 23 97.665033 -0.235317
17 24 88.524142 -0.320543
17 25 80.763799 -0.416043
17 26 70.380784 -0.520598
17 27 54.217035 -0.641211
17 28 31.215569 -0.803365
17 29 0.000000 -1.012897
17 30 0.000000 -1.071418
17 31 0.000000 -1.135760
17 32 0.000000 -1.181260
17 33 0.000000 -1.193737
17 34 0.000000 -1.169272
17 35 0.000000 -1.111817
17 36 0.000000 -1.057387
17 37 0.000000 -1.041267
17 38 0.000000 -1.059360
17 39 0.000000 -1.067807
17 40 0.000000 -1.058597
18 11 57.821993 1.000000
18 12 50.676810 1.000000
18 13 45.076746 0.785045
18 14 53.062607 0.551304
18 15 65.206606 0.370053
18 16 79.501468 0.234074
18 17 98.838863 0.137335
18 18 113.338277 0.062855
18 19 119.375291 -0.003788
18 20 121.044730 -0.068005
18 21 118.869608 -0.132527
18 22 113.761935 -0.200377
18 23 106.965083 -0.273932
18 24 99.838909 -0.354698
18 25 93.741502 -0.441732
18 26 85.964455 -0.533845
18 27 75.055199 -0.633520
18 28 62.624672 -0.744446
18 29 48.082199 -0.870091
18 30 31.307474 -1.019649
18 31 0.000000 -1.255901
18 32 0.000000 -1.320619
18 33 0.000000 -1.364878
18 34 0.000000 -1.388690
18 35 0.000000 -1.355698
18 36 0.000000 -1.290679
18 37 0.000000 -1.245205
18 38 0.000000 -1.213764
18 39 0.000000 -1.191441
18 40 0.000000 -1.176057
18 41 0.000000 -1.157273
18 42 0.000000 -1.142739
19 11 54.421257 1.000000
19 12 48.316147 1.000000
19 13 47.169301 0.773005
19 14 56.062068 0.541019
19 15 65.584705 0.350832
19 16 81.369358 0.206794
19 17 103.208360 0.109337
19 18 117.342163 0.034764
19 19 122.831032 -0.033362
19 20 126.048982 -0.099450
19 21 126.362991 -0.164893
19 22 123.297947 -0.232587
19 23 118.540232 -0.304633
19 24 113.665233 -0.381588
19 25 108.978168 -0.463084
19 26 104.291219 -0.548491
19 27 99.686740 -0.636082
19 28 91.843346 -0.726018
19 29 79.630727 -0.824577
19 30 67.385948 -0.938933
19 31 55.655064 -1.071054
19 32 41.018277 -1.208240
19 33 0.000000 -1.469056
19 34 0.000000 -1.528400
19 35 0.000000 -1.541670
19 36 0.000000 -1.506367
19 37 0.000000 -1.473447
19 38 0.000000 -1.439490
19 39 0.000000 -1.403753
19 40 0.000000 -1.365402
19 41 0.000000 -1.313603
19 42 0.000000 -1.269340
19 43 0.000000 -1.245582
20 11 63.221738 1.000000
20 12 53.329695 1.000000
20 13 47.603074 0.804808
20 14 52.374801 0.549069
20 15 64.270551 0.338662
20 16 83.349259 0.191290
20 17 105.597960 0.093012
20 18 118.575160 0.016443
20 19 124.051889 -0.054408
20 20 129.481003 -0.122401
20 21 131.917960 -0.188532
20 22 131.221272 -0.256145
20 23 129.721386 -0.326555
20 24 126.734424 -0.400047
20 25 122.609376 -0.477917
20 26 120.733781 -0.559557
20 27 121.195203 -0.640669
20 28 116.337841 -0.721650
20 29 104.976441 -0.809649
20 30 93.857550 -0.909890
20 31 83.667234 -1.020944
20 32 69.245589 -1.143007
20 33 47.097538 -1.300527
20 34 4.899952 -1.564956
20 35 0.000000 -1.614382
20 36 0.000000 -1.612575
20 37 0.000000 -1.621891
20 38 0.000000 -1.624969
20 39 0.000000 -1.608808
20 40 0.000000 -1.582191
20 41 0.000000 -1.538153
20 42 0.000000 -1.462407
20 43 0.000000 -1.367592
20 44 0.000000 -1.305073
21 11 77.933111 1.000000
21 12 62.084689 1.000000
21 13 47.843833 0.864596
21 14 45.898803 0.587802
21 15 58.652929 0.344557
21 16 79.580987 0.187155
21 17 102.282570 0.085032
21 18 115.261875 0.005699
21 19 120.675319 -0.067795
21 20 127.327716 -0.137530
21 21 131.170815 -0.204203
21 22 131.875494 -0.271645
21 23 132.699206 -0.340774
21 24 131.470025 -0.411740
21 25 128.366676 -0.486648
21 26 128.094779 -0.565070
21 27 130.024895 -0.642774
21 28 126.079667 -0.720934
21 29 116.352889 -0.805694
21 30 106.070870 -0.900509
21 31 95.074210 -1.005569
21 32 82.769813 -1.123095
21 33 68.607416 -1.256670
21 34 44.245872 -1.420497
21 35 0.000000 -1.640975
21 36 0.000000 -1.640561
21 37 0.000000 -1.678567
21 38 0.000000 -1.709606
21 39 0.000000 -1.710860
21 40 0.000000 -1.708493
21 41 0.000000 -1.697159
21 42 0.000000 -1.643246
21 43 0.000000 -1.524042
21 44 0.000000 -1.401765
21 45 0.000000 -1.333601
22 12 64.111056 1.000000
22 13 49.103709 0.923194
22 14 41.389279 0.673939
22 15 47.047020 0.387441
22 16 66.639075 0.198533
22 17 89.708549 0.085771
22 18 104.055126 0.001182
22 19 111.189115 -0.075402
22 20 118.492344 -0.146636
22 21 122.891798 -0.213602
22 22 123.442052 -0.280388
22 23 124.049022 -0.348440
22 24 124.473836 -0.417181
22 25 123.373508 -0.488227
22 26 122.983511 -0.562819
22 27 122.981575 -0.639314
22 28 118.574191 -0.718914
22 29 110.928133 -0.805386
22 30 101.601275 -0.900662
22 31 90.325563 -1.007115
22 32 80.066021 -1.127711
22 33 68.808360 -1.259220
22 34 43.539687 -1.415858
22 35 0.000000 -1.611162
22 36 0.000000 -1.611942
22 37 0.000000 -1.670303
22 38 0.000000 -1.713072
22 39 0.000000 -1.715886
22 40 0.000000 -1.727101
22 41 0.000000 -1.753000
22 42 0.000000 -1.754829
22 43 0.000000 -1.681865
22 44 0.000000 -1.541055
22 45 0.000000 -1.414185
22 46 0.000000 -1.347370
23 13 48.028611 0.957323
23 14 40.694597 0.793668
23 15 35.189667 0.501499
23 16 46.697069 0.240550
23 17 69.392431 0.103756
23 18 83.896402 0.007833
23 19 93.207998 -0.075792
23 20 101.224529 -0.150601
23 21 105.316932 -0.219104
23 22 106.019606 -0.285121
23 23 107.366939 -0.350604
23 24 110.007833 -0.412571
23 25 109.981789 -0.474527
23 26 106.402444 -0.544254
23 27 102.529956 -0.623197
23 28 98.818188 -0.710037
23 29 94.528528 -0.804438
23 30 87.271935 -0.906797
23 31 76.240135 -1.020037
23 32 62.739426 -1.149651
23 33 43.243555 -1.302318
23 34 0.000000 -1.536703
23 35 0.000000 -1.517572
23 36 0.000000 -1.528210
23 37 0.000000 -1.595397
23 38 0.000000 -1.648928
23 39 0.000000 -1.669285
23 40 0.000000 -1.699908
23 41 0.000000 -1.753555
23 42 0.000000 -1.800946
23 43 0.000000 -1.788987
23 44 0.000000 -1.689028
23 45 0.000000 -1.540195
23 46 0.000000 -1.444060
24 14 37.015809 0.866110
24 15 34.338989 0.637231
24 16 37.480175 0.357759
24 17 47.424403 0.168256
24 18 58.517114 0.042933
24 19 66.005111 -0.060095
24 20 73.417337 -0.148394
24 21 76.545321 -0.224892
24 22 78.262382 -0.287404
24 23 83.973956 -0.339201
24 24 92.723213 -0.376672
24 25 93.996128 -0.424168
24 26 87.209780 -0.490101
24 27 80.193253 -0.575337
24 28 76.533416 -0.676470
24 29 73.258021 -0.789910
24 30 65.227547 -0.916094
24 31 51.281237 -1.053654
24 32 26.390596 -1.231169
24 33 0.000000 -1.400176
24 34 0.000000 -1.413440
24 35 0.000000 -1.401021
24 36 0.000000 -1.411681
24 37 0.000000 -1.471309
24 38 0.000000 -1.531101
24 39 0.000000 -1.581817
24 40 0.000000 -1.655375
24 41 0.000000 -1.749263
24 42 0.000000 -1.825554
24 43 0.000000 -1.848952
24 44 0.000000 -1.793825
24 45 0.000000 -1.659850
24 46 0.000000 -1.542100
25 16 33.656440 0.476008
25 17 33.841122 0.318861
25 18 33.156770 0.150381
25 19 33.968435 0.000840
25 20 35.108113 -0.131210
25 21 32.016557 -0.252606
25 22 49.378163 -0.243375
25 23 63.781172 -0.258357
25 24 77.039824 -0.281412
25 25 79.389540 -0.323626
25 26 72.904906 -0.386831
25 27 65.861990 -0.474364
25 28 59.319664 -0.587904
25 29 48.485793 -0.734478
25 30 25.043884 -0.940323
25 31 0.000000 -1.143416
25 32 0.000000 -1.203012
25 33 0.000000 -1.239336
25 34 0.000000 -1.249920
25 35 0.000000 -1.232358
25 36 0.000000 -1.234976
25 37 0.000000 -1.292092
25 38 0.000000 -1.370739
25 39 0.000000 -1.466118
25 40 0.000000 -1.603827
25 41 0.000000 -1.759417
25 42 0.000000 -1.866426
25 43 0.000000 -1.902023
25 44 0.000000 -1.859650
25 45 0.000000 -1.730720
25 46 0.000000 -1.584674
25 47 0.000000 -1.491045
26 17 33.315858 0.495635
26 18 33.088198 0.348663
26 19 33.823906 0.182045
26 20 32.851339 0.029273
26 21 29.008239 -0.087261
26 22 41.940114 -0.066054
26 23 51.668009 -0.100707
26 24 68.206375 -0.137143
26 25 73.875974 -0.182379
26 26 69.337145 -0.243288
26 27 62.787806 -0.327990
26 28 53.676145 -0.438671
26 29 35.108639 -0.594207
26 30 0.000000 -0.838284
26 31 0.000000 -0.917380
26 32 0.000000 -0.986573
26 33 0.000000 -1.025875
26 34 0.000000 -1.025245
26 35 0.000000 -0.993388
26 36 0.000000 -0.988971
26 37 0.000000 -1.063227
26 38 0.000000 -1.207596
26 39 0.000000 -1.388996
26 40 0.000000 -1.592925
26 41 0.000000 -1.792034
26 42 0.000000 -1.917984
26 43 0.000000 -1.951633
26 44 0.000000 -1.901317
26 45 0.000000 -1.773708
26 46 0.000000 -1.624834
26 47 0.000000 -1.530157
27 22 37.742280 0.183045
27 23 51.533417 0.107663
27 24 68.435298 0.030770
27 25 76.413983 -0.033418
27 26 73.157692 -0.099489
27 27 65.869099 -0.182888
27 28 55.331709 -0.285274
27 29 36.779203 -0.414293
27 30 0.000000 -0.640589
27 31 0.000000 -0.702112
27 32 0.000000 -0.762744
27 33 0.000000 -0.788190
27 34 0.000000 -0.755586
27 35 0.000000 -0.726176
27 36 0.000000 -0.774601
27 37 0.000000 -0.910180
27 38 0.000000 -1.158011
27 39 0.000000 -1.433486
27 40 0.000000 -1.658048
27 41 0.000000 -1.851890
27 42 0.000000 -1.971045
27 43 0.000000 -1.989749
27 44 0.000000 -1.923374
27 45 0.000000 -1.805178
27 46 0.000000 -1.669422
27 47 0.000000 -1.572985
28 21 40.861604 0.604362
28 22 46.085580 0.411923
28 23 62.304144 0.287859
28 24 73.572540 0.184764
28 25 78.709823 0.102284
28 26 75.183439 0.028214
28 27 65.648422 -0.055413
28 28 52.197102 -0.153863
28 29 31.871494 -0.285700
28 30 0.000000 -0.503534
28 31 0.000000 -0.570270
28 32 0.000000 -0.609395
28 33 0.000000 -0.607276
28 34 0.000000 -0.543426
28 35 0.000000 -0.504003
28 39 0.000000 -1.559097
28 40 0.000000 -1.743226
28 41 0.000000 -1.902786
28 42 0.000000 -2.015943
28 43 0.000000 -2.029726
28 44 0.000000 -1.949668
28 45 0.000000 -1.836520
28 46 0.000000 -1.714945
28 47 0.000000 -1.605938
29 19 47.570063 1.000000
29 20 47.286421 0.868066
29 21 52.936037 0.673374
29 22 66.011035 0.523704
29 23 78.601045 0.408644
29 24 81.373610 0.309289
29 25 80.178978 0.222817
29 26 72.760020 0.146698
29 27 57.111586 0.068030
29 28 40.293554 -0.029138
29 29 16.006238 -0.201712
29 40 0.000000 -1.814614
29 41 0.000000 -1.930822
29 42 0.000000 -2.054495
29 43 0.000000 -2.086102
29 44 0.000000 -2.006709
29 45 0.000000 -1.889041
29 46 0.000000 -1.790321
30 18 69.400850 1.000000
30 19 65.665710 0.980501
30 20 66.300086 0.846495
30 21 75.831722 0.709526
30 22 86.872116 0.595234
30 23 89.564802 0.496183
30 24 84.895050 0.406407
30 25 78.253635 0.325996
30 26 64.639724 0.260670
30 27 46.270655 0.205600
30 28 33.508279 0.133835
30 40 0.000000 -1.877080
30 41 0.000000 -1.965250
30 42 0.000000 -2.098593
30 43 0.000000 -2.159428
30 44 0.000000 -2.095918
30 45 0.000000 -1.962833
30 46 0.000000 -1.862787
31 18 81.046897 1.000000
31 19 81.227920 0.961072
31 20 84.731196 0.857012
31 21 88.416622 0.752704
31 22 89.601859 0.655256
31 23 84.257833 0.566774
31 24 74.687720 0.487137
31 25 62.643309 0.420119
31 26 49.893980 0.384301
31 27 40.481936 0.362632
31 40 0.000000 -1.952316
31 41 0.000000 -2.028123
31 42 0.000000 -2.147767
31 43 0.000000 -2.226211
31 44 0.000000 -2.187691
31 45 0.000000 -2.037233
31 46 0.000000 -1.902114
32 18 84.421990 1.000000
32 19 82.568561 0.970011
32 20 82.599258 0.877899
32 21 82.400887 0.785626
32 22 80.786154 0.698724
32 23 74.985250 0.624112
32 24 65.185592 0.565378
32 25 52.822031 0.534322
32 26 44.620665 0.537673
32 40 0.000000 -2.035771
32 41 0.000000 -2.114196
32 42 0.000000 -2.209364
32 43 0.000000 -2.280211
32 44 0.000000 -2.255289
32 45 0.000000 -2.111109
32 46 0.000000 -1.948858
33 41 0.000000 -2.209848
33 42 0.000000 -2.293671
33 43 0.000000 -2.346841
33 44 0.000000 -2.316082
33 45 0.000000 -2.195810
34 42 0.000000 -2.372858
34 43 0.000000 -2.403063
34 44 0.000000 -2.376358
