10 20 132.171352 1.000000
10 21 119.198827 1.000000
10 22 106.404016 1.000000
11 19 87.090120 1.000000
11 20 83.086886 1.000000
11 21 71.534745 1.000000
11 22 77.535987 1.000000
11 48 0.000000 -3.158703
11 49 0.000000 -3.264653
11 50 0.000000 -3.410088
11 51 0.000000 -3.539023
11 52 0.000000 -3.634535
11 53 0.000000 -3.673504
11 54 0.000000 -3.680972
12 13 54.649796 1.000000
12 14 58.681802 1.000000
12 15 59.656137 1.000000
12 16 63.367380 1.000000
12 17 63.970931 1.000000
12 18 67.983744 1.000000
12 19 59.523599 1.000000
12 20 50.325478 1.000000
12 21 34.941825 1.000000
12 22 48.115821 0.856728
12 23 63.286067 0.571431
12 25 43.143953 -0.091807
12 26 46.113824 -0.233067
12 27 50.081269 -0.339983
12 46 0.000000 -2.891633
12 47 0.000000 -3.098696
12 48 0.000000 -3.259375
12 49 0.000000 -3.364685
12 50 0.000000 -3.473968
12 51 0.000000 -3.573136
12 52 0.000000 -3.657883
12 53 0.000000 -3.692481
12 54 0.000000 -3.694808
13 12 49.182566 1.000000
13 13 47.562825 1.000000
13 14 51.477989 1.000000
13 15 56.046133 1.000000
13 16 60.820570 1.000000
13 17 62.448730 1.000000
13 18 59.218712 1.000000
13 19 51.403477 1.000000
13 20 44.100839 1.000000
13 21 36.817057 0.963373
13 22 38.361004 0.533530
13 23 65.504085 0.341568
13 24 66.780958 0.123840
13 25 65.540991 -0.054292
13 26 69.231046 -0.202066
13 27 69.802053 -0.304306
13 28 58.360719 -0.392136
13 40 27.329856 -2.128756
13 41 3.411252 -2.331079
13 42 0.000000 -2.437207
13 43 0.000000 -2.529273
13 44 0.000000 -2.660615
13 45 0.000000 -2.841199
13 46 0.000000 -3.046307
13 47 0.000000 -3.237566
13 48 0.000000 -3.355120
13 49 0.000000 -3.417846
13 50 0.000000 -3.478988
13 51 0.000000 -3.537221
13 52 0.000000 -3.604780
13 53 0.000000 -3.673642
13 54 0.000000 -3.707639
14 11 62.533435 1.000000
14 12 48.506657 1.000000
14 13 40.215062 1.000000
14 14 44.885760 1.000000
14 15 52.615510 1.000000
14 16 59.422951 1.000000
14 17 61.501385 1.000000
14 18 59.511615 1.000000
14 19 53.343365 1.000000
14 20 45.944009 1.000000
14 21 44.305823 0.762409
14 22 52.945465 0.343657
14 23 78.270651 0.167227
14 24 82.307731 0.016648
14 25 85.774619 -0.120021
14 26 95.815847 -0.227106
14 27 91.031914 -0.308991
14 28 69.446675 -0.396103
14 29 45.728680 -0.528203
14 30 12.532365 -0.776309
14 37 66.058809 -1.611070
14 38 72.397554 -1.711631
14 39 78.138070 -1.830216
14 40 72.025454 -1.966164
14 41 64.300917 -2.097907
14 42 56.979226 -2.235235
14 43 43.277954 -2.406914
14 44 16.385980 -2.688913
14 45 0.000000 -2.976290
14 46 0.000000 -3.208764
14 47 0.000000 -3.352548
14 48 0.000000 -3.359437
14 49 0.000000 -3.358761
14 50 0.000000 -3.412668
14 51 0.000000 -3.473136
14 52 0.000000 -3.522669
15 11 54.442652 1.000000
15 12 44.702153 1.000000
15 13 39.283841 1.000000
15 14 44.507913 1.000000
15 15 50.491192 1.000000
15 16 56.197359 1.000000
15 17 59.218393 1.000000
15 18 58.591919 1.000000
15 19 51.112442 1.000000
15 20 44.834314 1.000000
15 21 43.549330 0.586937
15 22 65.621255 0.227662
15 23 93.837822 0.061646
15 24 105.900594 -0.065227
15 25 114.817307 -0.172421
15 26 124.915561 -0.257657
15 27 117.525248 -0.328413
15 28 91.104886 -0.403165
15 29 67.251704 -0.505513
15 30 55.167969 -0.635746
15 31 57.427338 -0.747992
15 32 61.298332 -0.860574
15 33 62.619459 -0.975212
15 34 65.000765 -1.101860
15 35 66.547417 -1.254116
15 36 78.816513 -1.404041
15 37 93.084883 -1.532768
15 38 99.070254 -1.651422
15 39 101.823272 -1.781083
15 40 104.704876 -1.912522
15 41 102.943473 -2.042804
15 42 94.813718 -2.181307
15 43 81.005972 -2.340809
15 44 63.076398 -2.540163
15 45 41.966338 -2.801332
15 46 0.000000 -3.205086
15 47 0.000000 -3.279981
15 48 0.000000 -3.270759
15 49 0.000000 -3.277764
16 11 41.052566 1.000000
16 12 39.386464 1.000000
16 13 40.501494 1.000000
16 14 44.800396 1.000000
16 15 47.418960 1.000000
16 16 50.017385 1.000000
16 17 52.419690 1.000000
16 18 52.064773 1.000000
16 19 45.373009 1.000000
16 20 42.391969 0.976631
16 21 45.239110 0.478931
16 22 68.587220 0.162979
16 23 96.550669 -0.008656
16 24 120.420194 -0.126429
16 25 139.214447 -0.216885
16 26 151.548348 -0.289776
16 27 147.444652 -0.354868
16 28 126.072095 -0.423821
16 29 105.301546 -0.508561
16 30 95.953478 -0.608869
16 31 94.638600 -0.713875
16 32 96.392797 -0.822913
16 33 98.700726 -0.935881
16 34 98.242084 -1.059465
16 35 96.268497 -1.203470
16 36 104.505793 -1.353844
16 37 120.557559 -1.483138
16 38 123.007823 -1.603707
16 39 117.495539 -1.735224
16 40 116.796857 -1.873245
16 41 111.810490 -2.009100
16 42 99.524911 -2.153325
16 43 84.897848 -2.315203
16 44 66.797203 -2.504817
16 45 39.815498 -2.747519
16 46 0.000000 -3.062216
16 47 0.000000 -3.104935
16 48 0.000000 -3.119163
17 11 66.148049 1.000000
17 12 38.355543 1.000000
17 13 33.297786 1.000000
17 14 42.691513 1.000000
17 15 45.202053 1.000000
17 16 46.104989 1.000000
17 17 47.693889 1.000000
17 18 46.858141 1.000000
17 19 43.853519 1.000000
17 20 43.649824 0.853136
17 21 53.439260 0.463337
17 22 65.822173 0.154544
17 23 89.567298 -0.051088
17 24 124.698738 -0.170461
17 25 154.499963 -0.251865
17 26 171.941818 -0.317841
17 27 176.185642 -0.378729
17 28 166.996336 -0.442290
17 29 152.715555 -0.515718
17 30 143.050735 -0.601816
17 31 139.080313 -0.698768
17 32 139.600742 -0.803102
17 33 139.909352 -0.911090
17 34 133.159981 -1.027813
17 35 125.086403 -1.161820
17 36 126.505519 -1.302735
17 37 130.027470 -1.431360
17 38 121.061694 -1.554589
17 39 106.801520 -1.691348
17 40 97.079603 -1.843060
17 41 84.817049 -1.997329
17 42 68.587771 -2.166333
17 43 59.195620 -2.344030
17 44 42.328294 -2.575560
17 45 0.000000 -2.909938
17 46 0.000000 -2.964944
17 47 0.000000 -2.986061
17 48 0.000000 -2.976689
18 12 74.184382 1.000000
18 13 54.456033 1.000000
18 14 38.406764 1.000000
18 15 42.121673 1.000000
18 16 45.396371 1.000000
18 17 47.613270 1.000000
18 18 47.778967 1.000000
18 19 47.928104 1.000000
18 20 53.902859 0.821648
18 21 60.605280 0.513673
18 22 61.052438 0.188594
18 23 82.169167 -0.067943
18 24 125.353468 -0.194814
18 25 161.741244 -0.273357
18 26 184.896437 -0.335720
18 27 196.975686 -0.392526
18 28 197.146356 -0.450282
18 29 188.100683 -0.514767
18 30 175.523337 -0.590242
18 31 163.607072 -0.679016
18 32 156.540813 -0.778811
18 33 150.679393 -0.884097
18 34 137.908686 -0.997184
18 35 124.551632 -1.125943
18 36 118.363419 -1.263398
18 37 111.396159 -1.393103
18 38 95.859690 -1.519585
18 39 73.447011 -1.664698
18 40 53.508947 -1.846476
18 41 42.832207 -2.046868
18 42 18.799694 -2.309676
19 13 97.636485 1.000000
19 14 82.747470 1.000000
19 15 63.839666 1.000000
19 16 55.021577 1.000000
19 17 53.141791 1.000000
19 18 53.558091 1.000000
19 19 57.539683 1.000000
19 20 64.862862 0.869742
19 21 63.119855 0.590853
19 22 56.814579 0.239703
19 23 77.605883 -0.064336
19 24 123.684748 -0.200956
19 25 161.789485 -0.281093
19 26 189.911003 -0.341425
19 27 206.936561 -0.393475
19 28 208.919930 -0.444444
19 29 196.563328 -0.501051
19 30 175.005652 -0.568908
19 31 152.711858 -0.653007
19 32 137.518356 -0.752442
19 33 125.769353 -0.860225
19 34 109.978541 -0.975662
19 35 96.200059 -1.108007
19 36 93.328977 -1.251089
19 37 90.503018 -1.378931
19 38 72.807945 -1.503762
19 39 39.925584 -1.670165
19 40 0.000000 -1.917794
20 14 135.720056 1.000000
20 15 118.388647 1.000000
20 16 89.916572 1.000000
20 17 66.848455 1.000000
20 18 58.982994 1.000000
20 19 63.973622 1.000000
20 20 67.996416 0.948651
20 21 61.031265 0.671808
20 22 53.424355 0.300617
20 23 70.801569 -0.044582
20 24 114.700230 -0.196537
20 25 153.839081 -0.279533
20 26 186.516579 -0.337259
20 27 207.530032 -0.382919
20 28 206.440621 -0.425958
20 29 181.639358 -0.475622
20 30 148.475841 -0.538766
20 31 120.708873 -0.623568
20 32 103.731958 -0.727230
20 33 94.460520 -0.843430
20 34 82.077666 -0.959901
20 35 67.782497 -1.082474
21 15 171.673834 1.000000
21 16 137.574035 1.000000
21 17 90.773029 1.000000
21 18 63.847554 1.000000
21 19 60.654379 1.000000
21 20 61.793101 1.000000
21 21 55.122556 0.747679
21 22 49.923611 0.378307
21 23 57.663117 -0.011730
21 24 97.328209 -0.188791
21 25 140.534490 -0.272280
21 26 177.772913 -0.323571
21 27 200.857142 -0.360745
21 28 195.483642 -0.396504
21 29 159.282722 -0.439413
21 30 121.575088 -0.496987
21 31 96.349756 -0.586078
21 32 80.847966 -0.682725
22 16 170.426931 1.000000
22 17 119.040983 1.000000
22 18 73.384825 1.000000
22 19 53.735463 1.000000
22 20 48.982883 1.000000
22 21 43.896308 0.834998
22 22 42.093353 0.465063
22 23 41.118603 0.026424
22 24 77.915079 -0.176919
22 25 127.058379 -0.254013
22 26 167.336131 -0.294432
22 27 186.991384 -0.324960
22 28 176.317523 -0.355844
22 29 138.238198 -0.390135
22 30 105.475807 -0.430214
23 17 133.178029 1.000000
23 18 85.574021 1.000000
23 19 55.490548 1.000000
23 20 46.742041 1.000000
23 21 38.940822 0.952963
23 22 37.214175 0.558297
23 23 36.114922 0.098857
23 24 67.446097 -0.129720
23 25 115.912312 -0.208739
23 26 155.304582 -0.247259
23 27 168.193294 -0.276041
23 28 151.156643 -0.303415
23 29 117.735552 -0.329666
23 30 93.770204 -0.355872
24 19 59.533319 1.000000
24 20 53.477412 1.000000
24 21 40.110351 0.993066
24 22 35.911506 0.591025
24 23 43.744928 0.185998
24 24 68.118277 -0.039408
24 25 105.958128 -0.141716
24 26 142.486185 -0.187712
24 27 152.122907 -0.215473
24 28 132.829359 -0.237495
24 29 105.775202 -0.256282
24 30 89.198777 -0.274125
25 19 106.475631 1.000000
25 20 75.453529 1.000000
25 21 49.136227 0.988287
25 22 42.026113 0.639703
25 23 51.936814 0.304008
25 24 66.345246 0.070920
25 25 92.862053 -0.062385
25 26 127.014887 -0.118433
25 27 139.627585 -0.145977
25 28 125.738985 -0.163786
25 29 104.812543 -0.178439
25 30 90.127614 -0.192457
26 19 138.357697 1.000000
26 20 100.133226 1.000000
26 21 65.383513 0.984921
26 22 51.844009 0.738459
26 23 52.555426 0.448383
26 24 56.876307 0.204232
26 25 73.494962 0.036898
26 26 106.524151 -0.034280
26 27 126.415861 -0.068398
26 28 121.087449 -0.088972
26 29 105.620729 -0.104707
26 30 93.055896 -0.117309
27 20 111.182722 1.000000
27 21 79.215907 0.966337
27 22 60.605128 0.791712
27 23 56.827495 0.560361
27 24 59.115058 0.356636
27 25 67.349546 0.183587
27 26 92.386074 0.075819
27 27 114.852920 0.018314
27 28 115.697575 -0.013966
27 29 105.294651 -0.035476
27 30 96.862566 -0.050429
28 21 78.004698 0.904076
28 22 68.213778 0.786145
28 23 68.824798 0.612861
28 24 74.823024 0.463912
28 25 77.946807 0.320189
28 26 88.829815 0.192774
28 27 103.582205 0.105956
28 28 108.533693 0.056191
28 29 105.574645 0.026000
28 30 101.445746 0.006423
29 21 81.075299 0.888539
29 22 75.240849 0.791247
29 23 81.809707 0.662070
29 24 90.307239 0.547943
29 25 86.360893 0.429152
29 26 81.909397 0.301129
29 27 84.747485 0.186419
29 28 93.884409 0.113846
29 29 102.047916 0.073738
29 30 103.440854 0.043685
30 21 95.174863 0.905222
30 22 85.960904 0.834267
30 23 90.031713 0.734067
30 24 92.125034 0.636185
30 25 76.519797 0.533941
30 26 61.098723 0.402533
30 27 62.037158 0.247931
30 28 81.489541 0.153474
30 29 96.528735 0.113438
31 21 122.220401 0.936997
31 22 102.344218 0.895779
31 23 88.972457 0.822787
31 24 73.646848 0.738387
31 25 52.674310 0.662886
31 26 39.771520 0.549576
32 21 158.630812 0.970820
32 22 121.216168 0.955344
32 23 80.369025 0.923520
32 24 46.758386 0.891925
32 25 34.464766 0.929846
33 21 184.320956 0.992978
33 22 134.659273 0.994498
33 23 77.625252 1.000000
33 24 43.371582 1.000000
33 25 33.895790 1.000000
