0.00 0.592372 5.07
1.00 0.590743 5.07
2.00 0.589106 5.07
3.00 0.587461 5.07
4.00 0.585808 5.06
5.00 0.584154 5.06
6.00 0.582493 5.06
7.00 0.580830 5.05
8.00 0.579162 5.05
9.00 0.577487 5.05
10.00 0.575805 5.05
11.00 0.574116 5.05
12.00 0.572419 5.05
13.00 0.570715 5.05
14.00 0.569004 5.05
15.00 0.567284 5.05
16.00 0.565556 5.05
17.00 0.563820 5.05
18.00 0.562075 5.05
19.00 0.560321 5.05
20.00 0.558558 5.05
21.00 0.556785 5.05
22.00 0.555017 5.04
23.00 0.553240 5.04
24.00 0.551455 5.04
25.00 0.549660 5.04
26.00 0.547860 5.03
27.00 0.546067 5.03
28.00 0.544272 5.02
29.00 0.542500 5.01
30.00 0.540741 5.00
31.00 0.538983 4.99
32.00 0.537223 4.99
33.00 0.535486 4.97
34.00 0.533749 4.97
35.00 0.532004 4.97
36.00 0.530258 4.96
37.00 0.528523 4.96
38.00 0.526793 4.95
39.00 0.525069 4.94
40.00 0.523342 4.94
41.00 0.521627 4.93
42.00 0.519913 4.93
43.00 0.518190 4.93
44.00 0.516458 4.93
45.00 0.514717 4.93
46.00 0.512966 4.93
47.00 0.511205 4.93
48.00 0.509451 4.92
49.00 0.507697 4.92
50.00 0.505934 4.92
51.00 0.504165 4.91
52.00 0.502462 4.88
53.00 0.500767 4.88
54.00 0.499062 4.88
55.00 0.497348 4.88
56.00 0.495624 4.88
57.00 0.493890 4.88
58.00 0.492150 4.87
59.00 0.490438 4.84
60.00 0.488764 4.83
61.00 0.487087 4.83
62.00 0.485411 4.82
63.00 0.483740 4.82
64.00 0.482059 4.82
65.00 0.480367 4.82
66.00 0.478677 4.81
67.00 0.476994 4.81
68.00 0.475301 4.81
69.00 0.473607 4.79
70.00 0.471952 4.78
71.00 0.470291 4.78
72.00 0.468625 4.77
73.00 0.466975 4.77
74.00 0.465341 4.74
75.00 0.463738 4.71
76.00 0.462168 4.71
77.00 0.460589 4.71
78.00 0.459002 4.71
79.00 0.457406 4.71
80.00 0.455832 4.68
81.00 0.454286 4.68
82.00 0.452736 4.67
83.00 0.451234 4.65
84.00 0.449738 4.65
85.00 0.448235 4.64
86.00 0.446738 4.63
87.00 0.445250 4.61
88.00 0.443810 4.60
89.00 0.442369 4.60
90.00 0.440937 4.59
91.00 0.439498 4.59
92.00 0.438058 4.57
93.00 0.436661 4.57
94.00 0.435257 4.57
95.00 0.433844 4.57
96.00 0.432422 4.56
97.00 0.431019 4.55
98.00 0.429624 4.55
99.00 0.428221 4.55
100.00 0.426813 4.54
101.00 0.425425 4.52
102.00 0.424054 4.52
103.00 0.422676 4.52
104.00 0.421296 4.50
105.00 0.419967 4.49
106.00 0.418644 4.49
107.00 0.417313 4.49
108.00 0.415973 4.49
109.00 0.414624 4.49
110.00 0.413267 4.49
111.00 0.411924 4.48
112.00 0.410574 4.48
113.00 0.409215 4.48
114.00 0.407856 4.47
115.00 0.406492 4.47
116.00 0.405137 4.46
117.00 0.403802 4.45
118.00 0.402464 4.45
119.00 0.401123 4.43
120.00 0.399816 4.41
121.00 0.398535 4.41
122.00 0.397254 4.40
123.00 0.395976 4.39
124.00 0.394706 4.37
125.00 0.393472 4.34
126.00 0.392278 4.33
127.00 0.391097 4.32
128.00 0.389935 4.31
129.00 0.388785 4.30
130.00 0.387636 4.30
131.00 0.386483 4.29
132.00 0.385337 4.29
133.00 0.384191 4.28
134.00 0.383050 4.26
135.00 0.381962 4.25
136.00 0.380873 4.25
137.00 0.379779 4.25
138.00 0.378695 4.24
139.00 0.377616 4.24
140.00 0.376531 4.24
141.00 0.375440 4.24
142.00 0.374342 4.24
143.00 0.373238 4.24
144.00 0.372127 4.24
145.00 0.371021 4.23
146.00 0.369920 4.23
147.00 0.368812 4.23
148.00 0.367714 4.21
149.00 0.366643 4.21
150.00 0.365566 4.20
151.00 0.364503 4.18
152.00 0.363461 4.18
153.00 0.362414 4.18
154.00 0.361368 4.17
155.00 0.360326 4.17
156.00 0.359277 4.17
157.00 0.358222 4.17
158.00 0.357171 4.15
159.00 0.356138 4.15
160.00 0.355112 4.14
161.00 0.354084 4.12
162.00 0.353077 4.11
163.00 0.352081 4.11
164.00 0.351079 4.11
165.00 0.350072 4.10
166.00 0.349089 4.08
167.00 0.348109 4.08
168.00 0.347145 4.07
169.00 0.346178 4.07
170.00 0.345222 4.06
171.00 0.344265 4.06
172.00 0.343303 4.06
173.00 0.342334 4.06
174.00 0.341360 4.06
175.00 0.340380 4.06
176.00 0.339393 4.06
177.00 0.338423 4.04
178.00 0.337469 4.04
179.00 0.336510 4.04
180.00 0.335547 4.02
181.00 0.334595 4.01
182.00 0.333646 4.01
183.00 0.332690 4.01
184.00 0.331729 4.01
185.00 0.330773 4.00
186.00 0.329846 3.99
187.00 0.328921 3.98
188.00 0.328002 3.98
189.00 0.327077 3.98
190.00 0.326159 3.96
191.00 0.325256 3.96
192.00 0.324360 3.95
193.00 0.323478 3.93
194.00 0.322627 3.92
195.00 0.321777 3.92
196.00 0.320923 3.92
197.00 0.320065 3.92
198.00 0.319202 3.92
199.00 0.318334 3.92
200.00 0.317462 3.92
201.00 0.316601 3.90
202.00 0.315757 3.89
203.00 0.314915 3.88
204.00 0.314089 3.88
205.00 0.313264 3.87
206.00 0.312455 3.86
207.00 0.311653 3.86
208.00 0.310854 3.85
209.00 0.310067 3.85
210.00 0.309276 3.85
211.00 0.308480 3.85
212.00 0.307679 3.85
213.00 0.306873 3.85
214.00 0.306062 3.85
215.00 0.305245 3.85
216.00 0.304423 3.85
217.00 0.303595 3.85
218.00 0.302762 3.85
219.00 0.301929 3.84
220.00 0.301103 3.82
221.00 0.300321 3.81
222.00 0.299542 3.81
223.00 0.298758 3.81
224.00 0.297969 3.81
225.00 0.297200 3.78
226.00 0.296462 3.77
227.00 0.295729 3.76
228.00 0.295002 3.75
229.00 0.294283 3.75
230.00 0.293561 3.75
231.00 0.292834 3.75
232.00 0.292103 3.75
233.00 0.291368 3.75
234.00 0.290640 3.74
235.00 0.289930 3.73
236.00 0.289226 3.73
237.00 0.288531 3.72
238.00 0.287837 3.72
239.00 0.287139 3.72
240.00 0.286446 3.71
241.00 0.285758 3.71
242.00 0.285081 3.70
243.00 0.284408 3.70
244.00 0.283737 3.69
245.00 0.283073 3.69
246.00 0.282415 3.68
247.00 0.281766 3.68
248.00 0.281120 3.67
249.00 0.280485 3.67
250.00 0.279859 3.66
251.00 0.279238 3.66
252.00 0.278613 3.66
253.00 0.277984 3.65
254.00 0.277366 3.65
255.00 0.276744 3.65
256.00 0.276119 3.65
257.00 0.275490 3.65
258.00 0.274873 3.63
259.00 0.274284 3.61
260.00 0.273704 3.61
261.00 0.273122 3.61
262.00 0.272536 3.61
263.00 0.271947 3.61
264.00 0.271354 3.61
265.00 0.270758 3.61
266.00 0.270158 3.61
267.00 0.269555 3.61
268.00 0.268947 3.61
269.00 0.268346 3.60
270.00 0.267750 3.58
271.00 0.267189 3.57
272.00 0.266628 3.56
273.00 0.266069 3.56
274.00 0.265507 3.56
275.00 0.264942 3.56
276.00 0.264376 3.54
277.00 0.263845 3.51
278.00 0.263328 3.50
279.00 0.262815 3.50
280.00 0.262300 3.50
281.00 0.261783 3.50
282.00 0.261268 3.49
283.00 0.260763 3.49
284.00 0.260256 3.49
285.00 0.259746 3.49
286.00 0.259233 3.49
287.00 0.258718 3.49
288.00 0.258200 3.49
289.00 0.257679 3.49
290.00 0.257155 3.49
291.00 0.256628 3.49
292.00 0.256098 3.49
293.00 0.255569 3.48
294.00 0.255057 3.47
295.00 0.254553 3.47
296.00 0.254059 3.45
297.00 0.253580 3.45
298.00 0.253098 3.45
299.00 0.252614 3.45
300.00 0.252128 3.45
301.00 0.251639 3.45
302.00 0.251148 3.45
303.00 0.250654 3.45
304.00 0.250174 3.42
305.00 0.249717 3.42
306.00 0.249271 3.41
307.00 0.248825 3.41
308.00 0.248389 3.40
309.00 0.247954 3.40
310.00 0.247519 3.39
311.00 0.247091 3.39
312.00 0.246662 3.39
313.00 0.246231 3.39
314.00 0.245799 3.39
315.00 0.245365 3.39
316.00 0.244950 3.37
317.00 0.244537 3.37
318.00 0.244123 3.37
319.00 0.243720 3.36
320.00 0.243324 3.35
321.00 0.242930 3.35
322.00 0.242534 3.35
323.00 0.242136 3.35
324.00 0.241737 3.35
325.00 0.241336 3.35
326.00 0.240933 3.35
327.00 0.240529 3.34
328.00 0.240127 3.34
329.00 0.239722 3.34
330.00 0.239316 3.34
331.00 0.238907 3.34
332.00 0.238497 3.34
333.00 0.238084 3.34
334.00 0.237677 3.33
335.00 0.237284 3.32
336.00 0.236900 3.32
337.00 0.236514 3.32
338.00 0.236127 3.32
339.00 0.235744 3.31
340.00 0.235363 3.31
341.00 0.234980 3.31
342.00 0.234595 3.31
343.00 0.234223 3.29
344.00 0.233857 3.29
345.00 0.233508 3.28
346.00 0.233159 3.28
347.00 0.232809 3.28
348.00 0.232463 3.27
349.00 0.232118 3.27
350.00 0.231772 3.27
351.00 0.231425 3.27
352.00 0.231076 3.27
353.00 0.230727 3.26
354.00 0.230389 3.26
355.00 0.230051 3.26
356.00 0.229711 3.26
357.00 0.229370 3.26
358.00 0.229027 3.26
359.00 0.228683 3.26
360.00 0.228337 3.26
361.00 0.227989 3.26
362.00 0.227640 3.26
363.00 0.227289 3.26
364.00 0.226935 3.26
365.00 0.226591 3.25
366.00 0.226260 3.24
367.00 0.225934 3.24
368.00 0.225606 3.24
369.00 0.225286 3.22
370.00 0.224971 3.22
371.00 0.224667 3.20
372.00 0.224379 3.20
373.00 0.224096 3.19
374.00 0.223813 3.19
375.00 0.223530 3.19
376.00 0.223246 3.19
377.00 0.222962 3.19
378.00 0.222677 3.19
379.00 0.222391 3.19
380.00 0.222104 3.19
381.00 0.221816 3.19
382.00 0.221542 3.18
383.00 0.221269 3.18
384.00 0.220994 3.18
385.00 0.220719 3.18
386.00 0.220443 3.18
387.00 0.220167 3.18
388.00 0.219888 3.18
389.00 0.219609 3.18
390.00 0.219329 3.18
391.00 0.219047 3.18
392.00 0.218764 3.18
393.00 0.218479 3.18
394.00 0.218194 3.18
395.00 0.217906 3.18
396.00 0.217617 3.18
397.00 0.217327 3.18
398.00 0.217040 3.17
399.00 0.216773 3.16
400.00 0.216512 3.16
401.00 0.216250 3.16
402.00 0.215987 3.16
403.00 0.215724 3.16
404.00 0.215459 3.16
405.00 0.215193 3.16
406.00 0.214926 3.16
407.00 0.214657 3.16
408.00 0.214388 3.16
409.00 0.214116 3.16
410.00 0.213844 3.16
411.00 0.213569 3.16
412.00 0.213293 3.16
413.00 0.213016 3.16
414.00 0.212737 3.15
415.00 0.212471 3.15
416.00 0.212211 3.14
417.00 0.211951 3.14
418.00 0.211691 3.14
419.00 0.211430 3.14
420.00 0.211167 3.14
421.00 0.210903 3.14
422.00 0.210638 3.14
423.00 0.210372 3.14
424.00 0.210104 3.14
425.00 0.209835 3.14
426.00 0.209570 3.13
427.00 0.209312 3.13
428.00 0.209054 3.13
429.00 0.208794 3.13
430.00 0.208533 3.13
431.00 0.208270 3.13
432.00 0.208016 3.12
433.00 0.207762 3.12
434.00 0.207507 3.12
435.00 0.207259 3.11
436.00 0.207019 3.11
437.00 0.206778 3.11
438.00 0.206537 3.11
439.00 0.206295 3.11
440.00 0.206052 3.11
441.00 0.205808 3.11
442.00 0.205563 3.11
443.00 0.205316 3.11
444.00 0.205069 3.11
445.00 0.204820 3.11
446.00 0.204571 3.11
447.00 0.204319 3.11
448.00 0.204067 3.11
449.00 0.203817 3.10
450.00 0.203570 3.10
451.00 0.203322 3.10
452.00 0.203084 3.09
453.00 0.202846 3.09
454.00 0.202607 3.09
455.00 0.202367 3.09
456.00 0.202138 3.08
457.00 0.201911 3.08
458.00 0.201684 3.08
459.00 0.201456 3.08
460.00 0.201239 3.07
461.00 0.201024 3.06
462.00 0.200813 3.06
463.00 0.200602 3.06
464.00 0.200391 3.06
465.00 0.200179 3.06
466.00 0.199972 3.05
467.00 0.199773 3.04
468.00 0.199578 3.04
469.00 0.199382 3.04
470.00 0.199187 3.04
471.00 0.198992 3.04
472.00 0.198796 3.04
473.00 0.198604 3.03
474.00 0.198425 3.03
475.00 0.198245 3.03
476.00 0.198066 3.03
477.00 0.197894 3.02
478.00 0.197728 3.01
479.00 0.197567 3.01
480.00 0.197407 3.01
481.00 0.197247 3.01
482.00 0.197088 3.00
483.00 0.196933 3.00
484.00 0.196779 3.00
485.00 0.196625 3.00
486.00 0.196471 3.00
487.00 0.196318 3.00
488.00 0.196164 3.00
489.00 0.196010 3.00
490.00 0.195856 3.00
491.00 0.195702 3.00
492.00 0.195548 3.00
493.00 0.195394 3.00
494.00 0.195239 3.00
495.00 0.195084 3.00
496.00 0.194929 3.00
497.00 0.194773 3.00
498.00 0.194617 3.00
499.00 0.194460 3.00
500.00 0.194303 3.00
501.00 0.194146 3.00
502.00 0.193988 3.00
503.00 0.193830 2.99
504.00 0.193675 2.99
505.00 0.193520 2.99
506.00 0.193365 2.99
507.00 0.193209 2.99
508.00 0.193053 2.99
509.00 0.192896 2.99
510.00 0.192744 2.98
511.00 0.192599 2.98
512.00 0.192455 2.98
513.00 0.192310 2.98
514.00 0.192168 2.97
515.00 0.192034 2.97
516.00 0.191900 2.97
517.00 0.191778 2.96
518.00 0.191659 2.96
519.00 0.191541 2.96
520.00 0.191423 2.96
521.00 0.191305 2.96
522.00 0.191188 2.96
523.00 0.191071 2.96
524.00 0.190955 2.96
525.00 0.190838 2.96
526.00 0.190722 2.96
527.00 0.190606 2.96
528.00 0.190490 2.96
529.00 0.190374 2.96
530.00 0.190258 2.96
531.00 0.190142 2.96
532.00 0.190026 2.96
533.00 0.189909 2.96
534.00 0.189793 2.96
535.00 0.189677 2.95
536.00 0.189562 2.95
537.00 0.189447 2.95
538.00 0.189332 2.95
539.00 0.189216 2.95
540.00 0.189100 2.95
541.00 0.188984 2.95
542.00 0.188868 2.95
543.00 0.188751 2.95
544.00 0.188634 2.95
545.00 0.188517 2.95
546.00 0.188399 2.95
547.00 0.188281 2.95
548.00 0.188163 2.95
549.00 0.188043 2.95
550.00 0.187925 2.94
551.00 0.187811 2.94
552.00 0.187697 2.94
553.00 0.187582 2.94
554.00 0.187467 2.94
555.00 0.187352 2.94
556.00 0.187237 2.94
557.00 0.187121 2.94
558.00 0.187005 2.94
559.00 0.186889 2.94
560.00 0.186772 2.94
561.00 0.186655 2.94
562.00 0.186540 2.93
563.00 0.186431 2.93
564.00 0.186322 2.93
565.00 0.186212 2.93
566.00 0.186103 2.93
567.00 0.185993 2.93
568.00 0.185887 2.92
569.00 0.185788 2.92
570.00 0.185689 2.92
571.00 0.185589 2.92
572.00 0.185490 2.92
573.00 0.185391 2.92
574.00 0.185292 2.92
575.00 0.185193 2.92
576.00 0.185094 2.92
577.00 0.184995 2.92
578.00 0.184904 2.91
579.00 0.184817 2.91
580.00 0.184730 2.91
581.00 0.184644 2.91
582.00 0.184558 2.91
583.00 0.184472 2.91
584.00 0.184387 2.91
585.00 0.184302 2.91
586.00 0.184217 2.91
587.00 0.184131 2.91
588.00 0.184046 2.91
589.00 0.183961 2.91
590.00 0.183877 2.91
591.00 0.183792 2.91
592.00 0.183707 2.91
593.00 0.183622 2.91
594.00 0.183537 2.91
595.00 0.183451 2.91
596.00 0.183366 2.91
597.00 0.183281 2.91
598.00 0.183196 2.91
599.00 0.183110 2.91
600.00 0.183024 2.91
601.00 0.182939 2.91
602.00 0.182853 2.91
603.00 0.182766 2.91
604.00 0.182680 2.91
605.00 0.182593 2.91
606.00 0.182507 2.91
607.00 0.182419 2.91
608.00 0.182332 2.91
609.00 0.182244 2.91
610.00 0.182157 2.91
611.00 0.182069 2.90
612.00 0.181990 2.89
613.00 0.181911 2.89
614.00 0.181833 2.89
615.00 0.181754 2.89
616.00 0.181678 2.88
617.00 0.181602 2.88
618.00 0.181526 2.88
619.00 0.181451 2.88
620.00 0.181375 2.88
621.00 0.181300 2.88
622.00 0.181229 2.87
623.00 0.181160 2.87
624.00 0.181092 2.87
625.00 0.181025 2.87
626.00 0.180957 2.87
627.00 0.180890 2.87
628.00 0.180823 2.87
629.00 0.180755 2.87
630.00 0.180688 2.87
631.00 0.180621 2.87
632.00 0.180554 2.87
633.00 0.180487 2.87
634.00 0.180421 2.87
635.00 0.180354 2.87
636.00 0.180287 2.87
637.00 0.180220 2.87
638.00 0.180153 2.87
639.00 0.180086 2.87
640.00 0.180019 2.87
641.00 0.179952 2.87
642.00 0.179885 2.87
643.00 0.179818 2.87
644.00 0.179750 2.87
645.00 0.179683 2.87
646.00 0.179615 2.87
647.00 0.179548 2.87
648.00 0.179480 2.87
649.00 0.179412 2.87
650.00 0.179344 2.87
651.00 0.179276 2.87
652.00 0.179207 2.87
653.00 0.179139 2.87
654.00 0.179070 2.87
655.00 0.179001 2.87
656.00 0.178932 2.87
657.00 0.178863 2.87
658.00 0.178793 2.87
659.00 0.178723 2.87
660.00 0.178653 2.87
661.00 0.178583 2.87
662.00 0.178513 2.87
663.00 0.178442 2.87
664.00 0.178375 2.86
665.00 0.178314 2.86
666.00 0.178253 2.86
667.00 0.178193 2.86
668.00 0.178133 2.86
669.00 0.178072 2.86
670.00 0.178012 2.86
671.00 0.177952 2.86
672.00 0.177892 2.86
673.00 0.177832 2.86
674.00 0.177772 2.86
675.00 0.177712 2.86
676.00 0.177653 2.86
677.00 0.177593 2.86
678.00 0.177534 2.85
679.00 0.177480 2.85
680.00 0.177425 2.85
681.00 0.177370 2.85
682.00 0.177316 2.85
683.00 0.177262 2.85
684.00 0.177208 2.85
685.00 0.177154 2.85
686.00 0.177100 2.85
687.00 0.177046 2.85
688.00 0.176992 2.85
689.00 0.176938 2.85
690.00 0.176884 2.85
691.00 0.176830 2.85
692.00 0.176776 2.85
693.00 0.176722 2.85
694.00 0.176668 2.85
695.00 0.176614 2.85
696.00 0.176560 2.85
697.00 0.176506 2.85
698.00 0.176452 2.85
699.00 0.176398 2.85
700.00 0.176344 2.85
701.00 0.176289 2.85
702.00 0.176235 2.85
703.00 0.176180 2.85
704.00 0.176125 2.85
705.00 0.176070 2.85
706.00 0.176016 2.85
707.00 0.175960 2.85
708.00 0.175905 2.85
709.00 0.175850 2.85
710.00 0.175794 2.85
711.00 0.175738 2.85
712.00 0.175683 2.85
713.00 0.175632 2.84
714.00 0.175583 2.84
715.00 0.175534 2.84
716.00 0.175485 2.84
717.00 0.175435 2.84
718.00 0.175386 2.84
719.00 0.175337 2.84
720.00 0.175289 2.84
721.00 0.175240 2.84
722.00 0.175191 2.84
723.00 0.175142 2.84
724.00 0.175093 2.84
725.00 0.175044 2.84
726.00 0.174995 2.84
727.00 0.174946 2.84
728.00 0.174897 2.84
729.00 0.174848 2.84
730.00 0.174799 2.84
731.00 0.174750 2.84
732.00 0.174701 2.84
733.00 0.174652 2.84
734.00 0.174602 2.84
735.00 0.174553 2.84
736.00 0.174503 2.84
737.00 0.174454 2.84
738.00 0.174404 2.84
739.00 0.174354 2.84
740.00 0.174304 2.84
741.00 0.174254 2.84
742.00 0.174204 2.84
743.00 0.174154 2.84
744.00 0.174104 2.84
745.00 0.174053 2.84
746.00 0.174009 2.83
747.00 0.173966 2.83
748.00 0.173923 2.83
749.00 0.173880 2.83
750.00 0.173838 2.83
751.00 0.173795 2.83
752.00 0.173753 2.83
753.00 0.173711 2.83
754.00 0.173668 2.83
755.00 0.173626 2.83
756.00 0.173587 2.82
757.00 0.173549 2.82
758.00 0.173511 2.82
759.00 0.173473 2.82
760.00 0.173435 2.82
761.00 0.173397 2.82
762.00 0.173360 2.82
763.00 0.173323 2.82
764.00 0.173286 2.82
765.00 0.173249 2.82
766.00 0.173212 2.82
767.00 0.173175 2.82
768.00 0.173138 2.82
769.00 0.173102 2.82
770.00 0.173065 2.82
771.00 0.173029 2.82
772.00 0.172992 2.82
773.00 0.172956 2.82
774.00 0.172920 2.82
775.00 0.172884 2.82
776.00 0.172848 2.82
777.00 0.172812 2.82
778.00 0.172776 2.82
779.00 0.172740 2.82
780.00 0.172705 2.82
781.00 0.172672 2.81
782.00 0.172643 2.81
783.00 0.172615 2.81
784.00 0.172587 2.81
785.00 0.172560 2.81
786.00 0.172533 2.81
787.00 0.172506 2.81
788.00 0.172479 2.81
789.00 0.172453 2.81
790.00 0.172427 2.81
791.00 0.172403 2.80
792.00 0.172381 2.80
793.00 0.172358 2.80
794.00 0.172337 2.80
795.00 0.172315 2.80
796.00 0.172294 2.80
797.00 0.172273 2.80
798.00 0.172253 2.80
799.00 0.172233 2.80
800.00 0.172213 2.80
801.00 0.172193 2.80
802.00 0.172173 2.80
803.00 0.172154 2.80
804.00 0.172135 2.80
805.00 0.172116 2.80
806.00 0.172098 2.80
807.00 0.172080 2.80
808.00 0.172062 2.80
809.00 0.172044 2.80
810.00 0.172026 2.80
811.00 0.172008 2.80
812.00 0.171991 2.80
813.00 0.171974 2.80
814.00 0.171957 2.80
815.00 0.171940 2.80
816.00 0.171924 2.80
817.00 0.171907 2.80
818.00 0.171891 2.80
819.00 0.171875 2.80
820.00 0.171859 2.80
821.00 0.171843 2.80
822.00 0.171827 2.80
823.00 0.171812 2.80
824.00 0.171796 2.80
825.00 0.171781 2.80
826.00 0.171766 2.80
827.00 0.171751 2.80
828.00 0.171736 2.80
829.00 0.171721 2.80
830.00 0.171707 2.80
831.00 0.171692 2.80
832.00 0.171678 2.80
833.00 0.171664 2.80
834.00 0.171650 2.80
835.00 0.171636 2.80
836.00 0.171622 2.80
837.00 0.171608 2.80
838.00 0.171594 2.80
839.00 0.171581 2.80
840.00 0.171567 2.80
841.00 0.171554 2.80
842.00 0.171540 2.80
843.00 0.171527 2.80
844.00 0.171514 2.80
845.00 0.171501 2.80
846.00 0.171488 2.80
847.00 0.171475 2.80
848.00 0.171463 2.80
849.00 0.171450 2.80
850.00 0.171438 2.80
851.00 0.171425 2.80
852.00 0.171413 2.80
853.00 0.171400 2.80
854.00 0.171388 2.80
855.00 0.171376 2.80
856.00 0.171364 2.80
857.00 0.171352 2.80
858.00 0.171340 2.80
859.00 0.171328 2.80
860.00 0.171316 2.80
861.00 0.171305 2.80
862.00 0.171293 2.80
863.00 0.171282 2.80
864.00 0.171270 2.80
865.00 0.171259 2.80
866.00 0.171247 2.80
867.00 0.171236 2.80
868.00 0.171225 2.80
869.00 0.171213 2.80
870.00 0.171202 2.80
871.00 0.171191 2.80
872.00 0.171180 2.80
873.00 0.171169 2.80
874.00 0.171158 2.80
875.00 0.171148 2.80
876.00 0.171137 2.80
877.00 0.171126 2.80
878.00 0.171115 2.80
879.00 0.171105 2.80
880.00 0.171094 2.80
881.00 0.171084 2.80
882.00 0.171073 2.80
883.00 0.171063 2.80
884.00 0.171052 2.80
885.00 0.171042 2.80
886.00 0.171032 2.80
887.00 0.171021 2.80
888.00 0.171011 2.80
889.00 0.171001 2.80
890.00 0.170991 2.80
891.00 0.170981 2.80
892.00 0.170971 2.80
893.00 0.170960 2.80
894.00 0.170951 2.80
895.00 0.170941 2.80
896.00 0.170931 2.80
897.00 0.170921 2.80
898.00 0.170911 2.80
899.00 0.170901 2.80
900.00 0.170891 2.80
901.00 0.170882 2.80
902.00 0.170872 2.80
903.00 0.170862 2.80
904.00 0.170853 2.80
905.00 0.170843 2.80
906.00 0.170833 2.80
907.00 0.170824 2.80
908.00 0.170814 2.80
909.00 0.170805 2.80
910.00 0.170795 2.80
911.00 0.170786 2.80
912.00 0.170776 2.80
913.00 0.170767 2.80
914.00 0.170757 2.80
915.00 0.170748 2.80
916.00 0.170739 2.80
917.00 0.170729 2.80
918.00 0.170720 2.80
919.00 0.170711 2.80
920.00 0.170702 2.80
921.00 0.170692 2.80
922.00 0.170683 2.80
923.00 0.170674 2.80
924.00 0.170665 2.80
925.00 0.170656 2.80
926.00 0.170646 2.80
927.00 0.170637 2.80
928.00 0.170628 2.80
929.00 0.170619 2.80
930.00 0.170610 2.80
931.00 0.170601 2.80
932.00 0.170592 2.80
933.00 0.170583 2.80
934.00 0.170574 2.80
935.00 0.170565 2.80
936.00 0.170556 2.80
937.00 0.170547 2.80
938.00 0.170538 2.80
939.00 0.170529 2.80
940.00 0.170520 2.80
941.00 0.170511 2.80
942.00 0.170502 2.80
943.00 0.170493 2.80
944.00 0.170484 2.80
945.00 0.170475 2.80
946.00 0.170466 2.80
947.00 0.170457 2.80
948.00 0.170448 2.80
949.00 0.170439 2.80
950.00 0.170430 2.80
951.00 0.170421 2.80
952.00 0.170412 2.80
953.00 0.170403 2.80
954.00 0.170394 2.80
955.00 0.170385 2.80
956.00 0.170376 2.80
957.00 0.170367 2.80
958.00 0.170358 2.80
959.00 0.170350 2.80
960.00 0.170341 2.80
961.00 0.170332 2.80
962.00 0.170323 2.80
963.00 0.170314 2.80
964.00 0.170305 2.80
965.00 0.170296 2.80
966.00 0.170287 2.80
967.00 0.170278 2.80
968.00 0.170269 2.80
969.00 0.170260 2.80
970.00 0.170251 2.80
971.00 0.170242 2.80
972.00 0.170233 2.80
973.00 0.170224 2.80
974.00 0.170215 2.80
975.00 0.170206 2.80
976.00 0.170197 2.80
977.00 0.170188 2.80
978.00 0.170179 2.80
979.00 0.170170 2.80
980.00 0.170161 2.80
981.00 0.170151 2.80
982.00 0.170142 2.80
983.00 0.170133 2.80
984.00 0.170124 2.80
985.00 0.170115 2.80
986.00 0.170106 2.80
987.00 0.170097 2.80
988.00 0.170087 2.80
989.00 0.170078 2.80
990.00 0.170069 2.80
991.00 0.170060 2.80
992.00 0.170050 2.80
993.00 0.170041 2.80
994.00 0.170032 2.80
995.00 0.170022 2.80
996.00 0.170013 2.80
997.00 0.170004 2.80
998.00 0.169994 2.80
999.00 0.169985 2.80
1000.00 0.169975 2.80
