0.00 0.262455 3.22
1.00 0.261593 3.22
2.00 0.260729 3.22
3.00 0.259865 3.22
4.00 0.259000 3.22
5.00 0.258134 3.22
6.00 0.257268 3.22
7.00 0.256400 3.22
8.00 0.255530 3.22
9.00 0.254660 3.22
10.00 0.253787 3.22
11.00 0.252912 3.22
12.00 0.252035 3.22
13.00 0.251170 3.20
14.00 0.250323 3.20
15.00 0.249481 3.19
16.00 0.248644 3.19
17.00 0.247821 3.18
18.00 0.246998 3.18
19.00 0.246177 3.18
20.00 0.245354 3.18
21.00 0.244531 3.18
22.00 0.243706 3.18
23.00 0.242879 3.18
24.00 0.242064 3.17
25.00 0.241263 3.16
26.00 0.240471 3.16
27.00 0.239677 3.16
28.00 0.238897 3.15
29.00 0.238115 3.15
30.00 0.237331 3.15
31.00 0.236549 3.14
32.00 0.235773 3.14
33.00 0.234995 3.14
34.00 0.234213 3.14
35.00 0.233426 3.14
36.00 0.232653 3.12
37.00 0.231913 3.12
38.00 0.231191 3.11
39.00 0.230469 3.11
40.00 0.229745 3.11
41.00 0.229020 3.10
42.00 0.228303 3.10
43.00 0.227582 3.10
44.00 0.226857 3.10
45.00 0.226142 3.09
46.00 0.225437 3.09
47.00 0.224728 3.09
48.00 0.224015 3.09
49.00 0.223298 3.09
50.00 0.222590 3.07
51.00 0.221896 3.07
52.00 0.221224 3.05
53.00 0.220562 3.05
54.00 0.219905 3.04
55.00 0.219258 3.03
56.00 0.218638 3.02
57.00 0.218019 3.02
58.00 0.217412 3.01
59.00 0.216815 3.01
60.00 0.216217 3.01
61.00 0.215630 3.00
62.00 0.215064 2.99
63.00 0.214503 2.99
64.00 0.213957 2.98
65.00 0.213416 2.98
66.00 0.212886 2.97
67.00 0.212371 2.96
68.00 0.211867 2.96
69.00 0.211362 2.96
70.00 0.210859 2.95
71.00 0.210366 2.95
72.00 0.209872 2.95
73.00 0.209388 2.93
74.00 0.208910 2.93
75.00 0.208430 2.93
76.00 0.207948 2.93
77.00 0.207465 2.93
78.00 0.206981 2.92
79.00 0.206510 2.92
80.00 0.206037 2.92
81.00 0.205562 2.92
82.00 0.205085 2.92
83.00 0.204606 2.92
84.00 0.204124 2.92
85.00 0.203649 2.91
86.00 0.203186 2.91
87.00 0.202720 2.91
88.00 0.202252 2.91
89.00 0.201794 2.90
90.00 0.201355 2.89
91.00 0.200921 2.89
92.00 0.200487 2.89
93.00 0.200078 2.87
94.00 0.199697 2.86
95.00 0.199319 2.86
96.00 0.198940 2.86
97.00 0.198563 2.86
98.00 0.198191 2.85
99.00 0.197827 2.85
100.00 0.197463 2.85
101.00 0.197098 2.85
102.00 0.196734 2.85
103.00 0.196368 2.85
104.00 0.196002 2.85
105.00 0.195650 2.84
106.00 0.195306 2.84
107.00 0.194961 2.84
108.00 0.194616 2.84
109.00 0.194270 2.84
110.00 0.193923 2.84
111.00 0.193574 2.84
112.00 0.193224 2.84
113.00 0.192873 2.84
114.00 0.192519 2.84
115.00 0.192166 2.83
116.00 0.191826 2.83
117.00 0.191485 2.83
118.00 0.191143 2.83
119.00 0.190799 2.83
120.00 0.190454 2.83
121.00 0.190117 2.81
122.00 0.189803 2.81
123.00 0.189490 2.81
124.00 0.189176 2.81
125.00 0.188869 2.80
126.00 0.188567 2.80
127.00 0.188274 2.79
128.00 0.187989 2.78
129.00 0.187707 2.78
130.00 0.187426 2.78
131.00 0.187146 2.78
132.00 0.186865 2.78
133.00 0.186590 2.77
134.00 0.186330 2.77
135.00 0.186087 2.75
136.00 0.185866 2.75
137.00 0.185646 2.75
138.00 0.185429 2.75
139.00 0.185213 2.75
140.00 0.184998 2.75
141.00 0.184785 2.75
142.00 0.184596 2.74
143.00 0.184409 2.74
144.00 0.184224 2.74
145.00 0.184040 2.74
146.00 0.183858 2.74
147.00 0.183676 2.74
148.00 0.183494 2.74
149.00 0.183314 2.74
150.00 0.183133 2.74
151.00 0.182953 2.74
152.00 0.182772 2.74
153.00 0.182592 2.74
154.00 0.182411 2.74
155.00 0.182236 2.73
156.00 0.182063 2.73
157.00 0.181893 2.72
158.00 0.181724 2.72
159.00 0.181555 2.72
160.00 0.181385 2.72
161.00 0.181218 2.71
162.00 0.181050 2.71
163.00 0.180882 2.71
164.00 0.180715 2.70
165.00 0.180547 2.70
166.00 0.180383 2.69
167.00 0.180220 2.69
168.00 0.180056 2.69
169.00 0.179891 2.69
170.00 0.179726 2.69
171.00 0.179560 2.69
172.00 0.179393 2.69
173.00 0.179226 2.69
174.00 0.179058 2.69
175.00 0.178889 2.69
176.00 0.178719 2.69
177.00 0.178548 2.69
178.00 0.178389 2.68
179.00 0.178235 2.68
180.00 0.178081 2.68
181.00 0.177928 2.68
182.00 0.177793 2.67
183.00 0.177661 2.67
184.00 0.177529 2.67
185.00 0.177400 2.66
186.00 0.177274 2.66
187.00 0.177150 2.65
188.00 0.177038 2.65
189.00 0.176927 2.65
190.00 0.176817 2.65
191.00 0.176708 2.65
192.00 0.176599 2.65
193.00 0.176492 2.65
194.00 0.176385 2.65
195.00 0.176278 2.65
196.00 0.176174 2.64
197.00 0.176070 2.64
198.00 0.175966 2.64
199.00 0.175873 2.63
200.00 0.175785 2.63
201.00 0.175697 2.63
202.00 0.175610 2.62
203.00 0.175526 2.62
204.00 0.175444 2.62
205.00 0.175362 2.62
206.00 0.175280 2.62
207.00 0.175200 2.62
208.00 0.175120 2.62
209.00 0.175040 2.62
210.00 0.174961 2.62
211.00 0.174882 2.62
212.00 0.174804 2.62
213.00 0.174733 2.61
214.00 0.174667 2.61
215.00 0.174601 2.61
216.00 0.174537 2.61
217.00 0.174473 2.61
218.00 0.174409 2.61
219.00 0.174347 2.61
220.00 0.174284 2.61
221.00 0.174223 2.61
222.00 0.174162 2.61
223.00 0.174101 2.61
224.00 0.174041 2.61
225.00 0.173981 2.61
226.00 0.173922 2.61
227.00 0.173863 2.61
228.00 0.173804 2.61
229.00 0.173746 2.61
230.00 0.173688 2.61
231.00 0.173630 2.61
232.00 0.173572 2.61
233.00 0.173517 2.60
234.00 0.173463 2.60
235.00 0.173408 2.60
236.00 0.173355 2.60
237.00 0.173301 2.60
238.00 0.173248 2.60
239.00 0.173195 2.60
240.00 0.173142 2.60
241.00 0.173090 2.60
242.00 0.173038 2.60
243.00 0.172987 2.60
244.00 0.172935 2.60
245.00 0.172884 2.60
246.00 0.172833 2.60
247.00 0.172785 2.59
248.00 0.172740 2.59
249.00 0.172696 2.59
250.00 0.172657 2.58
251.00 0.172625 2.58
252.00 0.172598 2.57
253.00 0.172572 2.57
254.00 0.172547 2.57
255.00 0.172523 2.57
256.00 0.172500 2.57
257.00 0.172478 2.57
258.00 0.172456 2.57
259.00 0.172436 2.57
260.00 0.172416 2.57
261.00 0.172396 2.57
262.00 0.172377 2.57
263.00 0.172359 2.57
264.00 0.172341 2.57
265.00 0.172324 2.57
266.00 0.172307 2.57
267.00 0.172291 2.57
268.00 0.172275 2.57
269.00 0.172260 2.57
270.00 0.172244 2.57
271.00 0.172230 2.57
272.00 0.172215 2.57
273.00 0.172201 2.57
274.00 0.172188 2.57
275.00 0.172174 2.57
276.00 0.172161 2.57
277.00 0.172149 2.57
278.00 0.172136 2.57
279.00 0.172124 2.57
280.00 0.172112 2.57
281.00 0.172101 2.57
282.00 0.172089 2.57
283.00 0.172078 2.57
284.00 0.172068 2.57
285.00 0.172057 2.57
286.00 0.172047 2.57
287.00 0.172036 2.57
288.00 0.172027 2.57
289.00 0.172017 2.57
290.00 0.172007 2.57
291.00 0.171998 2.57
292.00 0.171989 2.57
293.00 0.171980 2.57
294.00 0.171972 2.57
295.00 0.171963 2.57
296.00 0.171955 2.57
297.00 0.171947 2.57
298.00 0.171939 2.57
299.00 0.171931 2.57
300.00 0.171923 2.57
301.00 0.171916 2.57
302.00 0.171908 2.57
303.00 0.171901 2.57
304.00 0.171894 2.57
305.00 0.171887 2.57
306.00 0.171880 2.57
307.00 0.171874 2.57
308.00 0.171867 2.57
309.00 0.171861 2.57
310.00 0.171855 2.57
311.00 0.171849 2.57
312.00 0.171843 2.57
313.00 0.171837 2.57
314.00 0.171831 2.57
315.00 0.171825 2.57
316.00 0.171820 2.57
317.00 0.171814 2.57
318.00 0.171809 2.57
319.00 0.171804 2.57
320.00 0.171799 2.57
321.00 0.171794 2.57
322.00 0.171789 2.57
323.00 0.171784 2.57
324.00 0.171779 2.57
325.00 0.171775 2.57
326.00 0.171770 2.57
327.00 0.171765 2.57
328.00 0.171761 2.57
329.00 0.171757 2.57
330.00 0.171753 2.57
331.00 0.171748 2.57
332.00 0.171744 2.57
333.00 0.171740 2.57
334.00 0.171736 2.57
335.00 0.171733 2.57
336.00 0.171729 2.57
337.00 0.171725 2.57
338.00 0.171722 2.57
339.00 0.171718 2.57
340.00 0.171714 2.57
341.00 0.171711 2.57
342.00 0.171708 2.57
343.00 0.171704 2.57
344.00 0.171701 2.57
345.00 0.171698 2.57
346.00 0.171695 2.57
347.00 0.171692 2.57
348.00 0.171689 2.57
349.00 0.171686 2.57
350.00 0.171683 2.57
351.00 0.171680 2.57
352.00 0.171677 2.57
353.00 0.171674 2.57
354.00 0.171672 2.57
355.00 0.171669 2.57
356.00 0.171666 2.57
357.00 0.171664 2.57
358.00 0.171661 2.57
359.00 0.171659 2.57
360.00 0.171657 2.57
361.00 0.171654 2.57
362.00 0.171652 2.57
363.00 0.171650 2.57
364.00 0.171647 2.57
365.00 0.171645 2.57
366.00 0.171643 2.57
367.00 0.171641 2.57
368.00 0.171639 2.57
369.00 0.171637 2.57
370.00 0.171635 2.57
371.00 0.171633 2.57
372.00 0.171631 2.57
373.00 0.171629 2.57
374.00 0.171627 2.57
375.00 0.171625 2.57
376.00 0.171623 2.57
377.00 0.171621 2.57
378.00 0.171620 2.57
379.00 0.171618 2.57
380.00 0.171616 2.57
381.00 0.171615 2.57
382.00 0.171613 2.57
383.00 0.171611 2.57
384.00 0.171610 2.57
385.00 0.171608 2.57
386.00 0.171607 2.57
387.00 0.171605 2.57
388.00 0.171604 2.57
389.00 0.171602 2.57
390.00 0.171601 2.57
391.00 0.171600 2.57
392.00 0.171598 2.57
393.00 0.171597 2.57
394.00 0.171595 2.57
395.00 0.171594 2.57
396.00 0.171593 2.57
397.00 0.171592 2.57
398.00 0.171590 2.57
399.00 0.171589 2.57
400.00 0.171588 2.57
401.00 0.171587 2.57
402.00 0.171586 2.57
403.00 0.171585 2.57
404.00 0.171584 2.57
405.00 0.171582 2.57
406.00 0.171581 2.57
407.00 0.171580 2.57
408.00 0.171579 2.57
409.00 0.171578 2.57
410.00 0.171577 2.57
411.00 0.171576 2.57
412.00 0.171575 2.57
413.00 0.171574 2.57
414.00 0.171573 2.57
415.00 0.171573 2.57
416.00 0.171572 2.57
417.00 0.171571 2.57
418.00 0.171570 2.57
419.00 0.171569 2.57
420.00 0.171568 2.57
421.00 0.171567 2.57
422.00 0.171567 2.57
423.00 0.171566 2.57
424.00 0.171565 2.57
425.00 0.171564 2.57
426.00 0.171563 2.57
427.00 0.171563 2.56
428.00 0.171562 2.56
429.00 0.171562 2.56
430.00 0.171561 2.56
431.00 0.171560 2.56
432.00 0.171560 2.56
433.00 0.171559 2.56
434.00 0.171559 2.56
435.00 0.171558 2.56
436.00 0.171558 2.56
437.00 0.171558 2.56
438.00 0.171557 2.56
439.00 0.171557 2.56
440.00 0.171556 2.56
441.00 0.171556 2.56
442.00 0.171556 2.56
443.00 0.171555 2.56
444.00 0.171555 2.56
445.00 0.171554 2.56
446.00 0.171554 2.56
447.00 0.171554 2.56
448.00 0.171553 2.56
449.00 0.171553 2.56
450.00 0.171553 2.56
451.00 0.171553 2.56
452.00 0.171552 2.56
453.00 0.171552 2.56
454.00 0.171552 2.56
455.00 0.171552 2.56
456.00 0.171551 2.56
457.00 0.171551 2.56
458.00 0.171551 2.56
459.00 0.171551 2.56
460.00 0.171550 2.56
461.00 0.171550 2.56
462.00 0.171550 2.56
463.00 0.171550 2.56
464.00 0.171550 2.56
465.00 0.171549 2.56
466.00 0.171549 2.56
467.00 0.171549 2.56
468.00 0.171549 2.56
469.00 0.171549 2.56
470.00 0.171548 2.56
471.00 0.171548 2.56
472.00 0.171548 2.56
473.00 0.171548 2.56
474.00 0.171548 2.56
475.00 0.171548 2.56
476.00 0.171548 2.56
477.00 0.171547 2.56
478.00 0.171547 2.56
479.00 0.171547 2.56
480.00 0.171547 2.56
481.00 0.171547 2.56
482.00 0.171547 2.56
483.00 0.171547 2.56
484.00 0.171547 2.56
485.00 0.171546 2.56
486.00 0.171546 2.56
487.00 0.171546 2.56
488.00 0.171546 2.56
489.00 0.171546 2.56
490.00 0.171546 2.56
491.00 0.171546 2.56
492.00 0.171546 2.56
493.00 0.171546 2.56
494.00 0.171546 2.56
495.00 0.171545 2.56
496.00 0.171545 2.56
497.00 0.171545 2.56
498.00 0.171545 2.56
499.00 0.171545 2.56
500.00 0.171545 2.56
501.00 0.171545 2.56
502.00 0.171545 2.56
503.00 0.171545 2.56
504.00 0.171545 2.56
505.00 0.171545 2.56
506.00 0.171545 2.56
507.00 0.171545 2.56
508.00 0.171545 2.56
509.00 0.171545 2.56
510.00 0.171544 2.56
511.00 0.171544 2.56
512.00 0.171544 2.56
513.00 0.171544 2.56
514.00 0.171544 2.56
515.00 0.171544 2.56
516.00 0.171544 2.56
517.00 0.171544 2.56
518.00 0.171544 2.56
519.00 0.171544 2.56
520.00 0.171544 2.56
521.00 0.171544 2.56
522.00 0.171544 2.56
523.00 0.171544 2.56
524.00 0.171544 2.56
525.00 0.171544 2.56
526.00 0.171544 2.56
527.00 0.171544 2.56
528.00 0.171544 2.56
529.00 0.171544 2.56
530.00 0.171544 2.56
531.00 0.171544 2.56
532.00 0.171544 2.56
533.00 0.171543 2.56
534.00 0.171543 2.56
535.00 0.171543 2.56
536.00 0.171543 2.56
537.00 0.171543 2.56
538.00 0.171543 2.56
539.00 0.171543 2.56
540.00 0.171543 2.56
541.00 0.171543 2.56
542.00 0.171543 2.56
543.00 0.171543 2.56
544.00 0.171543 2.56
545.00 0.171543 2.56
546.00 0.171543 2.56
547.00 0.171543 2.56
548.00 0.171543 2.56
549.00 0.171543 2.56
550.00 0.171543 2.56
551.00 0.171543 2.56
552.00 0.171543 2.56
553.00 0.171543 2.56
554.00 0.171543 2.56
555.00 0.171543 2.56
556.00 0.171543 2.56
557.00 0.171543 2.56
558.00 0.171543 2.56
559.00 0.171543 2.56
560.00 0.171543 2.56
561.00 0.171543 2.56
562.00 0.171543 2.56
563.00 0.171543 2.56
564.00 0.171543 2.56
565.00 0.171543 2.56
566.00 0.171543 2.56
567.00 0.171543 2.56
568.00 0.171543 2.56
569.00 0.171543 2.56
570.00 0.171543 2.56
571.00 0.171543 2.56
572.00 0.171543 2.56
573.00 0.171543 2.56
574.00 0.171543 2.56
575.00 0.171543 2.56
576.00 0.171543 2.56
577.00 0.171543 2.56
578.00 0.171543 2.56
579.00 0.171543 2.56
580.00 0.171543 2.56
581.00 0.171543 2.56
582.00 0.171543 2.56
583.00 0.171543 2.56
584.00 0.171543 2.56
585.00 0.171543 2.56
586.00 0.171543 2.56
587.00 0.171543 2.56
588.00 0.171543 2.56
589.00 0.171543 2.56
590.00 0.171543 2.56
591.00 0.171543 2.56
592.00 0.171543 2.56
593.00 0.171542 2.56
594.00 0.171542 2.56
595.00 0.171542 2.56
596.00 0.171542 2.56
597.00 0.171542 2.56
598.00 0.171542 2.56
599.00 0.171542 2.56
600.00 0.171542 2.56
601.00 0.171542 2.56
602.00 0.171542 2.56
603.00 0.171542 2.56
604.00 0.171542 2.56
605.00 0.171542 2.56
606.00 0.171542 2.56
607.00 0.171542 2.56
608.00 0.171542 2.56
609.00 0.171542 2.56
610.00 0.171542 2.56
611.00 0.171542 2.56
612.00 0.171542 2.56
613.00 0.171542 2.56
614.00 0.171542 2.56
615.00 0.171542 2.56
616.00 0.171542 2.56
617.00 0.171542 2.56
618.00 0.171542 2.56
619.00 0.171542 2.56
620.00 0.171542 2.56
621.00 0.171542 2.56
622.00 0.171542 2.56
623.00 0.171542 2.56
624.00 0.171542 2.56
625.00 0.171542 2.56
626.00 0.171542 2.56
627.00 0.171542 2.56
628.00 0.171542 2.56
629.00 0.171542 2.56
630.00 0.171542 2.56
631.00 0.171542 2.56
632.00 0.171542 2.56
633.00 0.171542 2.56
634.00 0.171542 2.56
635.00 0.171542 2.56
636.00 0.171542 2.56
637.00 0.171542 2.56
638.00 0.171542 2.56
639.00 0.171542 2.56
640.00 0.171542 2.56
641.00 0.171542 2.56
642.00 0.171542 2.56
643.00 0.171542 2.56
644.00 0.171542 2.56
645.00 0.171542 2.56
646.00 0.171542 2.56
647.00 0.171542 2.56
648.00 0.171542 2.56
649.00 0.171542 2.56
650.00 0.171542 2.56
651.00 0.171542 2.56
652.00 0.171542 2.56
653.00 0.171542 2.56
654.00 0.171542 2.56
655.00 0.171542 2.56
656.00 0.171542 2.56
657.00 0.171542 2.56
658.00 0.171542 2.56
659.00 0.171542 2.56
660.00 0.171542 2.56
661.00 0.171542 2.56
662.00 0.171542 2.56
663.00 0.171542 2.56
664.00 0.171542 2.56
665.00 0.171542 2.56
666.00 0.171542 2.56
667.00 0.171542 2.56
668.00 0.171542 2.56
669.00 0.171542 2.56
670.00 0.171542 2.56
671.00 0.171542 2.56
672.00 0.171542 2.56
673.00 0.171542 2.56
674.00 0.171542 2.56
675.00 0.171542 2.56
676.00 0.171542 2.56
677.00 0.171542 2.56
678.00 0.171542 2.56
679.00 0.171542 2.56
680.00 0.171542 2.56
681.00 0.171542 2.56
682.00 0.171542 2.56
683.00 0.171542 2.56
684.00 0.171542 2.56
685.00 0.171542 2.56
686.00 0.171542 2.56
687.00 0.171542 2.56
688.00 0.171542 2.56
689.00 0.171542 2.56
690.00 0.171542 2.56
691.00 0.171542 2.56
692.00 0.171542 2.56
693.00 0.171542 2.56
694.00 0.171542 2.56
695.00 0.171542 2.56
696.00 0.171542 2.56
697.00 0.171542 2.56
698.00 0.171542 2.56
699.00 0.171542 2.56
700.00 0.171542 2.56
701.00 0.171542 2.56
702.00 0.171542 2.56
703.00 0.171542 2.56
704.00 0.171542 2.56
705.00 0.171542 2.56
706.00 0.171542 2.56
707.00 0.171542 2.56
708.00 0.171542 2.56
709.00 0.171542 2.56
710.00 0.171542 2.56
711.00 0.171542 2.56
712.00 0.171542 2.56
713.00 0.171542 2.56
714.00 0.171542 2.56
715.00 0.171542 2.56
716.00 0.171542 2.56
717.00 0.171542 2.56
718.00 0.171542 2.56
719.00 0.171542 2.56
720.00 0.171542 2.56
721.00 0.171542 2.56
722.00 0.171542 2.56
723.00 0.171542 2.56
724.00 0.171542 2.56
725.00 0.171542 2.56
726.00 0.171542 2.56
727.00 0.171542 2.56
728.00 0.171542 2.56
729.00 0.171542 2.56
730.00 0.171542 2.56
731.00 0.171542 2.56
732.00 0.171542 2.56
733.00 0.171542 2.56
734.00 0.171542 2.56
735.00 0.171542 2.56
736.00 0.171542 2.56
737.00 0.171542 2.56
738.00 0.171542 2.56
739.00 0.171542 2.56
740.00 0.171542 2.56
741.00 0.171542 2.56
742.00 0.171542 2.56
743.00 0.171542 2.56
744.00 0.171542 2.56
745.00 0.171542 2.56
746.00 0.171542 2.56
747.00 0.171542 2.56
748.00 0.171542 2.56
749.00 0.171542 2.56
750.00 0.171542 2.56
751.00 0.171542 2.56
752.00 0.171542 2.56
753.00 0.171542 2.56
754.00 0.171542 2.56
755.00 0.171542 2.56
756.00 0.171542 2.56
757.00 0.171542 2.56
758.00 0.171542 2.56
759.00 0.171542 2.56
760.00 0.171542 2.56
761.00 0.171542 2.56
762.00 0.171542 2.56
763.00 0.171542 2.56
764.00 0.171542 2.56
765.00 0.171542 2.56
766.00 0.171542 2.56
767.00 0.171542 2.56
768.00 0.171542 2.56
769.00 0.171542 2.56
770.00 0.171542 2.56
771.00 0.171542 2.56
772.00 0.171542 2.56
773.00 0.171542 2.56
774.00 0.171542 2.56
775.00 0.171542 2.56
776.00 0.171542 2.56
777.00 0.171542 2.56
778.00 0.171542 2.56
779.00 0.171542 2.56
780.00 0.171542 2.56
781.00 0.171542 2.56
782.00 0.171542 2.56
783.00 0.171542 2.56
784.00 0.171542 2.56
785.00 0.171542 2.56
786.00 0.171542 2.56
787.00 0.171542 2.56
788.00 0.171542 2.56
789.00 0.171542 2.56
790.00 0.171542 2.56
791.00 0.171542 2.56
792.00 0.171542 2.56
793.00 0.171542 2.56
794.00 0.171542 2.56
795.00 0.171542 2.56
796.00 0.171542 2.56
797.00 0.171542 2.56
798.00 0.171542 2.56
799.00 0.171542 2.56
800.00 0.171542 2.56
801.00 0.171542 2.56
802.00 0.171542 2.56
803.00 0.171542 2.56
804.00 0.171542 2.56
805.00 0.171542 2.56
806.00 0.171542 2.56
807.00 0.171542 2.56
808.00 0.171542 2.56
809.00 0.171542 2.56
810.00 0.171542 2.56
811.00 0.171542 2.56
812.00 0.171542 2.56
813.00 0.171542 2.56
814.00 0.171542 2.56
815.00 0.171542 2.56
816.00 0.171542 2.56
817.00 0.171542 2.56
818.00 0.171542 2.56
819.00 0.171542 2.56
820.00 0.171542 2.56
821.00 0.171542 2.56
822.00 0.171542 2.56
823.00 0.171542 2.56
824.00 0.171542 2.56
825.00 0.171542 2.56
826.00 0.171542 2.56
827.00 0.171542 2.56
828.00 0.171542 2.56
829.00 0.171542 2.56
830.00 0.171542 2.56
831.00 0.171542 2.56
832.00 0.171542 2.56
833.00 0.171542 2.56
834.00 0.171542 2.56
835.00 0.171542 2.56
836.00 0.171542 2.56
837.00 0.171542 2.56
838.00 0.171542 2.56
839.00 0.171542 2.56
840.00 0.171542 2.56
841.00 0.171542 2.56
842.00 0.171542 2.56
843.00 0.171542 2.56
844.00 0.171542 2.56
845.00 0.171542 2.56
846.00 0.171542 2.56
847.00 0.171542 2.56
848.00 0.171542 2.56
849.00 0.171542 2.56
850.00 0.171542 2.56
851.00 0.171542 2.56
852.00 0.171542 2.56
853.00 0.171542 2.56
854.00 0.171542 2.56
855.00 0.171542 2.56
856.00 0.171542 2.56
857.00 0.171542 2.56
858.00 0.171542 2.56
859.00 0.171542 2.56
860.00 0.171542 2.56
861.00 0.171542 2.56
862.00 0.171542 2.56
863.00 0.171542 2.56
864.00 0.171542 2.56
865.00 0.171542 2.56
866.00 0.171542 2.56
867.00 0.171542 2.56
868.00 0.171542 2.56
869.00 0.171542 2.56
870.00 0.171542 2.56
871.00 0.171542 2.56
872.00 0.171542 2.56
873.00 0.171542 2.56
874.00 0.171542 2.56
875.00 0.171542 2.56
876.00 0.171542 2.56
877.00 0.171542 2.56
878.00 0.171542 2.56
879.00 0.171542 2.56
880.00 0.171542 2.56
881.00 0.171542 2.56
882.00 0.171542 2.56
883.00 0.171542 2.56
884.00 0.171542 2.56
885.00 0.171542 2.56
886.00 0.171542 2.56
887.00 0.171542 2.56
888.00 0.171542 2.56
889.00 0.171542 2.56
890.00 0.171542 2.56
891.00 0.171542 2.56
892.00 0.171542 2.56
893.00 0.171542 2.56
894.00 0.171542 2.56
895.00 0.171542 2.56
896.00 0.171542 2.56
897.00 0.171542 2.56
898.00 0.171542 2.56
899.00 0.171542 2.56
900.00 0.171542 2.56
901.00 0.171542 2.56
902.00 0.171542 2.56
903.00 0.171542 2.56
904.00 0.171542 2.56
905.00 0.171542 2.56
906.00 0.171542 2.56
907.00 0.171542 2.56
908.00 0.171542 2.56
909.00 0.171542 2.56
910.00 0.171542 2.56
911.00 0.171542 2.56
912.00 0.171542 2.56
913.00 0.171542 2.56
914.00 0.171542 2.56
915.00 0.171542 2.56
916.00 0.171542 2.56
917.00 0.171542 2.56
918.00 0.171542 2.56
919.00 0.171542 2.56
920.00 0.171542 2.56
921.00 0.171542 2.56
922.00 0.171542 2.56
923.00 0.171542 2.56
924.00 0.171542 2.56
925.00 0.171542 2.56
926.00 0.171542 2.56
927.00 0.171542 2.56
928.00 0.171542 2.56
929.00 0.171542 2.56
930.00 0.171542 2.56
931.00 0.171542 2.56
932.00 0.171542 2.56
933.00 0.171542 2.56
934.00 0.171542 2.56
935.00 0.171542 2.56
936.00 0.171542 2.56
937.00 0.171542 2.56
938.00 0.171542 2.56
939.00 0.171542 2.56
940.00 0.171542 2.56
941.00 0.171542 2.56
942.00 0.171542 2.56
943.00 0.171542 2.56
944.00 0.171542 2.56
945.00 0.171542 2.56
946.00 0.171542 2.56
947.00 0.171542 2.56
948.00 0.171542 2.56
949.00 0.171542 2.56
950.00 0.171542 2.56
951.00 0.171542 2.56
952.00 0.171542 2.56
953.00 0.171542 2.56
954.00 0.171542 2.56
955.00 0.171542 2.56
956.00 0.171542 2.56
957.00 0.171542 2.56
958.00 0.171542 2.56
959.00 0.171542 2.56
960.00 0.171542 2.56
961.00 0.171542 2.56
962.00 0.171542 2.56
963.00 0.171542 2.56
964.00 0.171542 2.56
965.00 0.171542 2.56
966.00 0.171542 2.56
967.00 0.171542 2.56
968.00 0.171542 2.56
969.00 0.171542 2.56
970.00 0.171542 2.56
971.00 0.171542 2.56
972.00 0.171542 2.56
973.00 0.171542 2.56
974.00 0.171542 2.56
975.00 0.171542 2.56
976.00 0.171542 2.56
977.00 0.171542 2.56
978.00 0.171542 2.56
979.00 0.171542 2.56
980.00 0.171542 2.56
981.00 0.171542 2.56
982.00 0.171542 2.56
983.00 0.171542 2.56
984.00 0.171542 2.56
985.00 0.171542 2.56
986.00 0.171542 2.56
987.00 0.171542 2.56
988.00 0.171542 2.56
989.00 0.171542 2.56
990.00 0.171542 2.56
991.00 0.171542 2.56
992.00 0.171542 2.56
993.00 0.171542 2.56
994.00 0.171542 2.56
995.00 0.171542 2.56
996.00 0.171542 2.56
997.00 0.171542 2.56
998.00 0.171542 2.56
999.00 0.171542 2.56
1000.00 0.171542 2.56
