0.00 0.443533 4.39
1.00 0.442608 4.39
2.00 0.441679 4.39
3.00 0.440745 4.39
4.00 0.439807 4.39
5.00 0.438864 4.39
6.00 0.437918 4.39
7.00 0.436967 4.39
8.00 0.436011 4.39
9.00 0.435052 4.39
10.00 0.434088 4.39
11.00 0.433119 4.39
12.00 0.432146 4.39
13.00 0.431169 4.39
14.00 0.430186 4.39
15.00 0.429199 4.39
16.00 0.428207 4.39
17.00 0.427210 4.39
18.00 0.426208 4.39
19.00 0.425200 4.39
20.00 0.424186 4.39
21.00 0.423167 4.39
22.00 0.422143 4.39
23.00 0.421112 4.39
24.00 0.420075 4.39
25.00 0.419055 4.38
26.00 0.418038 4.38
27.00 0.417015 4.38
28.00 0.415988 4.38
29.00 0.414955 4.38
30.00 0.413924 4.37
31.00 0.412914 4.37
32.00 0.411900 4.37
33.00 0.410907 4.36
34.00 0.409918 4.36
35.00 0.408924 4.36
36.00 0.407924 4.36
37.00 0.406919 4.36
38.00 0.405908 4.36
39.00 0.404891 4.36
40.00 0.403868 4.36
41.00 0.402839 4.36
42.00 0.401811 4.35
43.00 0.400806 4.35
44.00 0.399826 4.34
45.00 0.398871 4.33
46.00 0.397921 4.33
47.00 0.396966 4.33
48.00 0.396005 4.33
49.00 0.395050 4.32
50.00 0.394112 4.32
51.00 0.393170 4.32
52.00 0.392226 4.31
53.00 0.391347 4.29
54.00 0.390531 4.27
55.00 0.389729 4.27
56.00 0.388942 4.26
57.00 0.388169 4.26
58.00 0.387394 4.26
59.00 0.386615 4.26
60.00 0.385842 4.25
61.00 0.385091 4.25
62.00 0.384337 4.25
63.00 0.383594 4.24
64.00 0.382852 4.24
65.00 0.382107 4.24
66.00 0.381360 4.23
67.00 0.380664 4.21
68.00 0.380011 4.21
69.00 0.379355 4.21
70.00 0.378697 4.21
71.00 0.378036 4.21
72.00 0.377374 4.20
73.00 0.376732 4.20
74.00 0.376100 4.19
75.00 0.375484 4.19
76.00 0.374866 4.19
77.00 0.374247 4.18
78.00 0.373664 4.17
79.00 0.373096 4.17
80.00 0.372552 4.15
81.00 0.372042 4.15
82.00 0.371531 4.15
83.00 0.371019 4.15
84.00 0.370505 4.15
85.00 0.369990 4.15
86.00 0.369473 4.15
87.00 0.368954 4.15
88.00 0.368432 4.15
89.00 0.367939 4.14
90.00 0.367445 4.14
91.00 0.366949 4.14
92.00 0.366454 4.13
93.00 0.365981 4.13
94.00 0.365530 4.12
95.00 0.365080 4.12
96.00 0.364629 4.12
97.00 0.364189 4.11
98.00 0.363774 4.10
99.00 0.363372 4.10
100.00 0.363008 4.08
101.00 0.362655 4.08
102.00 0.362302 4.08
103.00 0.361950 4.07
104.00 0.361610 4.07
105.00 0.361270 4.07
106.00 0.360930 4.07
107.00 0.360590 4.07
108.00 0.360249 4.07
109.00 0.359912 4.06
110.00 0.359596 4.05
111.00 0.359300 4.05
112.00 0.359004 4.05
113.00 0.358710 4.05
114.00 0.358416 4.05
115.00 0.358122 4.05
116.00 0.357846 4.04
117.00 0.357583 4.04
118.00 0.357344 4.03
119.00 0.357107 4.03
120.00 0.356872 4.03
121.00 0.356637 4.03
122.00 0.356405 4.02
123.00 0.356175 4.01
124.00 0.355965 4.01
125.00 0.355763 4.00
126.00 0.355564 4.00
127.00 0.355367 4.00
128.00 0.355171 4.00
129.00 0.354975 4.00
130.00 0.354781 4.00
131.00 0.354587 4.00
132.00 0.354394 4.00
133.00 0.354201 4.00
134.00 0.354021 3.99
135.00 0.353857 3.99
136.00 0.353699 3.98
137.00 0.353554 3.98
138.00 0.353411 3.98
139.00 0.353270 3.98
140.00 0.353130 3.98
141.00 0.352991 3.98
142.00 0.352852 3.98
143.00 0.352715 3.98
144.00 0.352578 3.98
145.00 0.352442 3.98
146.00 0.352306 3.98
147.00 0.352170 3.98
148.00 0.352035 3.98
149.00 0.351900 3.98
150.00 0.351765 3.98
151.00 0.351630 3.98
152.00 0.351495 3.98
153.00 0.351360 3.98
154.00 0.351225 3.98
155.00 0.351089 3.98
156.00 0.350954 3.98
157.00 0.350819 3.98
158.00 0.350683 3.98
159.00 0.350550 3.97
160.00 0.350447 3.96
161.00 0.350350 3.96
162.00 0.350255 3.96
163.00 0.350162 3.96
164.00 0.350070 3.96
165.00 0.349979 3.96
166.00 0.349889 3.96
167.00 0.349800 3.96
168.00 0.349711 3.96
169.00 0.349624 3.96
170.00 0.349537 3.96
171.00 0.349450 3.96
172.00 0.349365 3.96
173.00 0.349279 3.96
174.00 0.349195 3.96
175.00 0.349110 3.96
176.00 0.349026 3.96
177.00 0.348943 3.95
178.00 0.348863 3.95
179.00 0.348784 3.95
180.00 0.348705 3.95
181.00 0.348627 3.95
182.00 0.348550 3.95
183.00 0.348472 3.95
184.00 0.348395 3.95
185.00 0.348319 3.95
186.00 0.348242 3.95
187.00 0.348166 3.95
188.00 0.348091 3.95
189.00 0.348015 3.95
190.00 0.347940 3.95
191.00 0.347864 3.95
192.00 0.347789 3.95
193.00 0.347715 3.95
194.00 0.347640 3.95
195.00 0.347565 3.95
196.00 0.347490 3.95
197.00 0.347416 3.95
198.00 0.347349 3.94
199.00 0.347284 3.94
200.00 0.347220 3.94
201.00 0.347156 3.94
202.00 0.347093 3.94
203.00 0.347030 3.94
204.00 0.346967 3.94
205.00 0.346911 3.93
206.00 0.346857 3.93
207.00 0.346804 3.93
208.00 0.346752 3.93
209.00 0.346700 3.93
210.00 0.346649 3.93
211.00 0.346599 3.93
212.00 0.346549 3.93
213.00 0.346499 3.93
214.00 0.346450 3.93
215.00 0.346401 3.93
216.00 0.346353 3.93
217.00 0.346305 3.93
218.00 0.346258 3.93
219.00 0.346211 3.93
220.00 0.346164 3.93
221.00 0.346118 3.93
222.00 0.346072 3.93
223.00 0.346027 3.93
224.00 0.345981 3.93
225.00 0.345937 3.93
226.00 0.345892 3.93
227.00 0.345848 3.93
228.00 0.345803 3.93
229.00 0.345760 3.93
230.00 0.345716 3.93
231.00 0.345673 3.93
232.00 0.345630 3.93
233.00 0.345587 3.93
234.00 0.345545 3.93
235.00 0.345503 3.92
236.00 0.345466 3.92
237.00 0.345431 3.92
238.00 0.345396 3.92
239.00 0.345361 3.92
240.00 0.345327 3.92
241.00 0.345294 3.92
242.00 0.345261 3.92
243.00 0.345228 3.92
244.00 0.345196 3.92
245.00 0.345169 3.91
246.00 0.345145 3.91
247.00 0.345122 3.91
248.00 0.345100 3.91
249.00 0.345078 3.91
250.00 0.345057 3.91
251.00 0.345036 3.91
252.00 0.345015 3.91
253.00 0.344995 3.91
254.00 0.344976 3.91
255.00 0.344956 3.91
256.00 0.344937 3.91
257.00 0.344919 3.91
258.00 0.344900 3.91
259.00 0.344882 3.91
260.00 0.344865 3.91
261.00 0.344847 3.91
262.00 0.344830 3.91
263.00 0.344813 3.91
264.00 0.344797 3.91
265.00 0.344780 3.91
266.00 0.344764 3.91
267.00 0.344749 3.91
268.00 0.344733 3.91
269.00 0.344718 3.91
270.00 0.344703 3.91
271.00 0.344688 3.91
272.00 0.344673 3.91
273.00 0.344659 3.91
274.00 0.344645 3.91
275.00 0.344631 3.91
276.00 0.344617 3.91
277.00 0.344603 3.91
278.00 0.344590 3.91
279.00 0.344577 3.91
280.00 0.344564 3.91
281.00 0.344551 3.91
282.00 0.344538 3.91
283.00 0.344526 3.91
284.00 0.344514 3.91
285.00 0.344502 3.91
286.00 0.344490 3.91
287.00 0.344478 3.91
288.00 0.344467 3.91
289.00 0.344455 3.91
290.00 0.344444 3.91
291.00 0.344433 3.91
292.00 0.344422 3.91
293.00 0.344411 3.91
294.00 0.344401 3.91
295.00 0.344390 3.91
296.00 0.344380 3.91
297.00 0.344370 3.91
298.00 0.344359 3.91
299.00 0.344350 3.91
300.00 0.344340 3.91
301.00 0.344330 3.91
302.00 0.344321 3.91
303.00 0.344311 3.91
304.00 0.344302 3.91
305.00 0.344293 3.91
306.00 0.344284 3.91
307.00 0.344275 3.91
308.00 0.344266 3.91
309.00 0.344258 3.91
310.00 0.344249 3.91
311.00 0.344241 3.91
312.00 0.344232 3.91
313.00 0.344224 3.91
314.00 0.344216 3.91
315.00 0.344208 3.91
316.00 0.344200 3.91
317.00 0.344192 3.91
318.00 0.344185 3.91
319.00 0.344177 3.91
320.00 0.344170 3.91
321.00 0.344162 3.91
322.00 0.344155 3.91
323.00 0.344148 3.91
324.00 0.344141 3.91
325.00 0.344134 3.91
326.00 0.344127 3.91
327.00 0.344120 3.91
328.00 0.344114 3.91
329.00 0.344107 3.91
330.00 0.344100 3.91
331.00 0.344094 3.91
332.00 0.344088 3.91
333.00 0.344081 3.91
334.00 0.344075 3.91
335.00 0.344069 3.91
336.00 0.344063 3.91
337.00 0.344057 3.91
338.00 0.344051 3.91
339.00 0.344045 3.91
340.00 0.344039 3.91
341.00 0.344034 3.91
342.00 0.344028 3.91
343.00 0.344023 3.91
344.00 0.344017 3.91
345.00 0.344012 3.91
346.00 0.344006 3.91
347.00 0.344001 3.91
348.00 0.343996 3.91
349.00 0.343991 3.91
350.00 0.343986 3.91
351.00 0.343981 3.91
352.00 0.343976 3.91
353.00 0.343971 3.91
354.00 0.343966 3.91
355.00 0.343962 3.91
356.00 0.343957 3.91
357.00 0.343952 3.91
358.00 0.343948 3.91
359.00 0.343943 3.91
360.00 0.343939 3.91
361.00 0.343934 3.91
362.00 0.343930 3.91
363.00 0.343926 3.91
364.00 0.343921 3.91
365.00 0.343917 3.91
366.00 0.343913 3.91
367.00 0.343909 3.91
368.00 0.343905 3.91
369.00 0.343901 3.91
370.00 0.343897 3.91
371.00 0.343893 3.91
372.00 0.343890 3.91
373.00 0.343886 3.91
374.00 0.343882 3.91
375.00 0.343878 3.91
376.00 0.343875 3.91
377.00 0.343871 3.91
378.00 0.343868 3.91
379.00 0.343864 3.91
380.00 0.343861 3.91
381.00 0.343857 3.91
382.00 0.343854 3.91
383.00 0.343850 3.91
384.00 0.343847 3.91
385.00 0.343844 3.91
386.00 0.343841 3.91
387.00 0.343838 3.91
388.00 0.343834 3.91
389.00 0.343831 3.91
390.00 0.343828 3.91
391.00 0.343825 3.91
392.00 0.343822 3.91
393.00 0.343819 3.91
394.00 0.343816 3.91
395.00 0.343814 3.91
396.00 0.343811 3.91
397.00 0.343808 3.91
398.00 0.343805 3.91
399.00 0.343803 3.91
400.00 0.343800 3.91
401.00 0.343797 3.91
402.00 0.343795 3.91
403.00 0.343792 3.91
404.00 0.343789 3.91
405.00 0.343787 3.91
406.00 0.343784 3.91
407.00 0.343782 3.91
408.00 0.343779 3.91
409.00 0.343777 3.91
410.00 0.343775 3.91
411.00 0.343772 3.91
412.00 0.343770 3.91
413.00 0.343768 3.91
414.00 0.343765 3.91
415.00 0.343763 3.91
416.00 0.343761 3.91
417.00 0.343759 3.91
418.00 0.343757 3.91
419.00 0.343754 3.91
420.00 0.343752 3.91
421.00 0.343750 3.91
422.00 0.343748 3.91
423.00 0.343746 3.91
424.00 0.343744 3.91
425.00 0.343742 3.91
426.00 0.343740 3.91
427.00 0.343738 3.91
428.00 0.343736 3.91
429.00 0.343735 3.91
430.00 0.343733 3.91
431.00 0.343731 3.91
432.00 0.343729 3.91
433.00 0.343727 3.91
434.00 0.343726 3.91
435.00 0.343724 3.91
436.00 0.343722 3.91
437.00 0.343720 3.91
438.00 0.343719 3.91
439.00 0.343717 3.91
440.00 0.343715 3.91
441.00 0.343714 3.91
442.00 0.343712 3.91
443.00 0.343711 3.91
444.00 0.343709 3.91
445.00 0.343707 3.91
446.00 0.343706 3.91
447.00 0.343704 3.91
448.00 0.343703 3.91
449.00 0.343701 3.91
450.00 0.343700 3.91
451.00 0.343699 3.91
452.00 0.343697 3.91
453.00 0.343696 3.91
454.00 0.343694 3.91
455.00 0.343693 3.91
456.00 0.343692 3.91
457.00 0.343690 3.91
458.00 0.343689 3.91
459.00 0.343688 3.91
460.00 0.343686 3.91
461.00 0.343685 3.91
462.00 0.343684 3.91
463.00 0.343683 3.91
464.00 0.343681 3.91
465.00 0.343680 3.91
466.00 0.343679 3.91
467.00 0.343678 3.91
468.00 0.343677 3.91
469.00 0.343675 3.91
470.00 0.343674 3.91
471.00 0.343673 3.91
472.00 0.343672 3.91
473.00 0.343671 3.91
474.00 0.343670 3.91
475.00 0.343669 3.91
476.00 0.343668 3.91
477.00 0.343667 3.91
478.00 0.343666 3.91
479.00 0.343665 3.91
480.00 0.343664 3.91
481.00 0.343663 3.91
482.00 0.343662 3.91
483.00 0.343661 3.91
484.00 0.343660 3.91
485.00 0.343659 3.91
486.00 0.343658 3.91
487.00 0.343657 3.91
488.00 0.343656 3.91
489.00 0.343655 3.91
490.00 0.343654 3.91
491.00 0.343653 3.91
492.00 0.343653 3.91
493.00 0.343652 3.91
494.00 0.343651 3.91
495.00 0.343650 3.91
496.00 0.343649 3.91
497.00 0.343648 3.91
498.00 0.343648 3.91
499.00 0.343647 3.91
500.00 0.343646 3.91
501.00 0.343645 3.91
502.00 0.343644 3.91
503.00 0.343644 3.91
504.00 0.343643 3.91
505.00 0.343642 3.91
506.00 0.343641 3.91
507.00 0.343641 3.91
508.00 0.343640 3.91
509.00 0.343639 3.91
510.00 0.343639 3.91
511.00 0.343638 3.91
512.00 0.343637 3.91
513.00 0.343637 3.91
514.00 0.343636 3.91
515.00 0.343635 3.91
516.00 0.343635 3.91
517.00 0.343634 3.91
518.00 0.343633 3.91
519.00 0.343633 3.91
520.00 0.343632 3.91
521.00 0.343631 3.91
522.00 0.343631 3.91
523.00 0.343630 3.91
524.00 0.343630 3.91
525.00 0.343629 3.91
526.00 0.343628 3.91
527.00 0.343628 3.91
528.00 0.343627 3.91
529.00 0.343627 3.91
530.00 0.343626 3.91
531.00 0.343626 3.91
532.00 0.343625 3.91
533.00 0.343625 3.91
534.00 0.343624 3.91
535.00 0.343624 3.91
536.00 0.343623 3.91
537.00 0.343623 3.91
538.00 0.343622 3.91
539.00 0.343622 3.91
540.00 0.343621 3.91
541.00 0.343621 3.91
542.00 0.343620 3.91
543.00 0.343620 3.91
544.00 0.343619 3.91
545.00 0.343619 3.91
546.00 0.343618 3.91
547.00 0.343618 3.91
548.00 0.343617 3.91
549.00 0.343617 3.91
550.00 0.343617 3.91
551.00 0.343616 3.91
552.00 0.343616 3.91
553.00 0.343615 3.91
554.00 0.343615 3.91
555.00 0.343615 3.91
556.00 0.343614 3.91
557.00 0.343614 3.91
558.00 0.343613 3.91
559.00 0.343613 3.91
560.00 0.343613 3.91
561.00 0.343612 3.91
562.00 0.343612 3.91
563.00 0.343611 3.91
564.00 0.343611 3.91
565.00 0.343611 3.91
566.00 0.343610 3.91
567.00 0.343610 3.91
568.00 0.343610 3.91
569.00 0.343609 3.91
570.00 0.343609 3.91
571.00 0.343609 3.91
572.00 0.343608 3.91
573.00 0.343608 3.91
574.00 0.343608 3.91
575.00 0.343607 3.91
576.00 0.343607 3.91
577.00 0.343607 3.91
578.00 0.343606 3.91
579.00 0.343606 3.91
580.00 0.343606 3.91
581.00 0.343606 3.91
582.00 0.343605 3.91
583.00 0.343605 3.91
584.00 0.343605 3.91
585.00 0.343604 3.91
586.00 0.343604 3.91
587.00 0.343604 3.91
588.00 0.343604 3.91
589.00 0.343603 3.91
590.00 0.343603 3.91
591.00 0.343603 3.91
592.00 0.343603 3.91
593.00 0.343602 3.91
594.00 0.343602 3.91
595.00 0.343602 3.91
596.00 0.343602 3.91
597.00 0.343601 3.91
598.00 0.343601 3.91
599.00 0.343601 3.91
600.00 0.343601 3.91
601.00 0.343600 3.91
602.00 0.343600 3.91
603.00 0.343600 3.91
604.00 0.343600 3.91
605.00 0.343599 3.91
606.00 0.343599 3.91
607.00 0.343599 3.91
608.00 0.343599 3.91
609.00 0.343599 3.91
610.00 0.343598 3.91
611.00 0.343598 3.91
612.00 0.343598 3.91
613.00 0.343598 3.91
614.00 0.343598 3.91
615.00 0.343597 3.91
616.00 0.343597 3.91
617.00 0.343597 3.91
618.00 0.343597 3.91
619.00 0.343597 3.91
620.00 0.343596 3.91
621.00 0.343596 3.91
622.00 0.343596 3.91
623.00 0.343596 3.91
624.00 0.343596 3.91
625.00 0.343596 3.91
626.00 0.343595 3.91
627.00 0.343595 3.91
628.00 0.343595 3.91
629.00 0.343595 3.91
630.00 0.343595 3.91
631.00 0.343595 3.91
632.00 0.343594 3.91
633.00 0.343594 3.91
634.00 0.343594 3.91
635.00 0.343594 3.91
636.00 0.343594 3.91
637.00 0.343594 3.91
638.00 0.343594 3.91
639.00 0.343593 3.91
640.00 0.343593 3.91
641.00 0.343593 3.91
642.00 0.343593 3.91
643.00 0.343593 3.91
644.00 0.343593 3.91
645.00 0.343593 3.91
646.00 0.343592 3.91
647.00 0.343592 3.91
648.00 0.343592 3.91
649.00 0.343592 3.91
650.00 0.343592 3.91
651.00 0.343592 3.91
652.00 0.343592 3.91
653.00 0.343592 3.91
654.00 0.343591 3.91
655.00 0.343591 3.91
656.00 0.343591 3.91
657.00 0.343591 3.91
658.00 0.343591 3.91
659.00 0.343591 3.91
660.00 0.343591 3.91
661.00 0.343591 3.91
662.00 0.343590 3.91
663.00 0.343590 3.91
664.00 0.343590 3.91
665.00 0.343590 3.91
666.00 0.343590 3.91
667.00 0.343590 3.91
668.00 0.343590 3.91
669.00 0.343590 3.91
670.00 0.343590 3.91
671.00 0.343590 3.91
672.00 0.343589 3.91
673.00 0.343589 3.91
674.00 0.343589 3.91
675.00 0.343589 3.91
676.00 0.343589 3.91
677.00 0.343589 3.91
678.00 0.343589 3.91
679.00 0.343589 3.91
680.00 0.343589 3.91
681.00 0.343589 3.91
682.00 0.343589 3.91
683.00 0.343588 3.91
684.00 0.343588 3.91
685.00 0.343588 3.91
686.00 0.343588 3.91
687.00 0.343588 3.91
688.00 0.343588 3.91
689.00 0.343588 3.91
690.00 0.343588 3.91
691.00 0.343588 3.91
692.00 0.343588 3.91
693.00 0.343588 3.91
694.00 0.343588 3.91
695.00 0.343588 3.91
696.00 0.343587 3.91
697.00 0.343587 3.91
698.00 0.343587 3.91
699.00 0.343587 3.91
700.00 0.343587 3.91
701.00 0.343587 3.91
702.00 0.343587 3.91
703.00 0.343587 3.91
704.00 0.343587 3.91
705.00 0.343587 3.91
706.00 0.343587 3.91
707.00 0.343587 3.91
708.00 0.343587 3.91
709.00 0.343587 3.91
710.00 0.343587 3.91
711.00 0.343586 3.91
712.00 0.343586 3.91
713.00 0.343586 3.91
714.00 0.343586 3.91
715.00 0.343586 3.91
716.00 0.343586 3.91
717.00 0.343586 3.91
718.00 0.343586 3.91
719.00 0.343586 3.91
720.00 0.343586 3.91
721.00 0.343586 3.91
722.00 0.343586 3.91
723.00 0.343586 3.91
724.00 0.343586 3.91
725.00 0.343586 3.91
726.00 0.343586 3.91
727.00 0.343586 3.91
728.00 0.343586 3.91
729.00 0.343585 3.91
730.00 0.343585 3.91
731.00 0.343585 3.91
732.00 0.343585 3.91
733.00 0.343585 3.91
734.00 0.343585 3.91
735.00 0.343585 3.91
736.00 0.343585 3.91
737.00 0.343585 3.91
738.00 0.343585 3.91
739.00 0.343585 3.91
740.00 0.343585 3.91
741.00 0.343585 3.91
742.00 0.343585 3.91
743.00 0.343585 3.91
744.00 0.343585 3.91
745.00 0.343585 3.91
746.00 0.343585 3.91
747.00 0.343585 3.91
748.00 0.343585 3.91
749.00 0.343585 3.91
750.00 0.343585 3.91
751.00 0.343585 3.91
752.00 0.343584 3.91
753.00 0.343584 3.91
754.00 0.343584 3.91
755.00 0.343584 3.91
756.00 0.343584 3.91
757.00 0.343584 3.91
758.00 0.343584 3.91
759.00 0.343584 3.91
760.00 0.343584 3.91
761.00 0.343584 3.91
762.00 0.343584 3.91
763.00 0.343584 3.91
764.00 0.343584 3.91
765.00 0.343584 3.91
766.00 0.343584 3.91
767.00 0.343584 3.91
768.00 0.343584 3.91
769.00 0.343584 3.91
770.00 0.343584 3.91
771.00 0.343584 3.91
772.00 0.343584 3.91
773.00 0.343584 3.91
774.00 0.343584 3.91
775.00 0.343584 3.91
776.00 0.343584 3.91
777.00 0.343584 3.91
778.00 0.343584 3.91
779.00 0.343584 3.91
780.00 0.343584 3.91
781.00 0.343584 3.91
782.00 0.343584 3.91
783.00 0.343584 3.91
784.00 0.343584 3.91
785.00 0.343583 3.91
786.00 0.343583 3.91
787.00 0.343583 3.91
788.00 0.343583 3.91
789.00 0.343583 3.91
790.00 0.343583 3.91
791.00 0.343583 3.91
792.00 0.343583 3.91
793.00 0.343583 3.91
794.00 0.343583 3.91
795.00 0.343583 3.91
796.00 0.343583 3.91
797.00 0.343583 3.91
798.00 0.343583 3.91
799.00 0.343583 3.91
800.00 0.343583 3.91
801.00 0.343583 3.91
802.00 0.343583 3.91
803.00 0.343583 3.91
804.00 0.343583 3.91
805.00 0.343583 3.91
806.00 0.343583 3.91
807.00 0.343583 3.91
808.00 0.343583 3.91
809.00 0.343583 3.91
810.00 0.343583 3.91
811.00 0.343583 3.91
812.00 0.343583 3.91
813.00 0.343583 3.91
814.00 0.343583 3.91
815.00 0.343583 3.91
816.00 0.343583 3.91
817.00 0.343583 3.91
818.00 0.343583 3.91
819.00 0.343583 3.91
820.00 0.343583 3.91
821.00 0.343583 3.91
822.00 0.343583 3.91
823.00 0.343583 3.91
824.00 0.343583 3.91
825.00 0.343583 3.91
826.00 0.343583 3.91
827.00 0.343583 3.91
828.00 0.343583 3.91
829.00 0.343583 3.91
830.00 0.343583 3.91
831.00 0.343583 3.91
832.00 0.343583 3.91
833.00 0.343583 3.91
834.00 0.343583 3.91
835.00 0.343583 3.91
836.00 0.343583 3.91
837.00 0.343583 3.91
838.00 0.343583 3.91
839.00 0.343583 3.91
840.00 0.343582 3.91
841.00 0.343582 3.91
842.00 0.343582 3.91
843.00 0.343582 3.91
844.00 0.343582 3.91
845.00 0.343582 3.91
846.00 0.343582 3.91
847.00 0.343582 3.91
848.00 0.343582 3.91
849.00 0.343582 3.91
850.00 0.343582 3.91
851.00 0.343582 3.91
852.00 0.343582 3.91
853.00 0.343582 3.91
854.00 0.343582 3.91
855.00 0.343582 3.91
856.00 0.343582 3.91
857.00 0.343582 3.91
858.00 0.343582 3.91
859.00 0.343582 3.91
860.00 0.343582 3.91
861.00 0.343582 3.91
862.00 0.343582 3.91
863.00 0.343582 3.91
864.00 0.343582 3.91
865.00 0.343582 3.91
866.00 0.343582 3.91
867.00 0.343582 3.91
868.00 0.343582 3.91
869.00 0.343582 3.91
870.00 0.343582 3.91
871.00 0.343582 3.91
872.00 0.343582 3.91
873.00 0.343582 3.91
874.00 0.343582 3.91
875.00 0.343582 3.91
876.00 0.343582 3.91
877.00 0.343582 3.91
878.00 0.343582 3.91
879.00 0.343582 3.91
880.00 0.343582 3.91
881.00 0.343582 3.91
882.00 0.343582 3.91
883.00 0.343582 3.91
884.00 0.343582 3.91
885.00 0.343582 3.91
886.00 0.343582 3.91
887.00 0.343582 3.91
888.00 0.343582 3.91
889.00 0.343582 3.91
890.00 0.343582 3.91
891.00 0.343582 3.91
892.00 0.343582 3.91
893.00 0.343582 3.91
894.00 0.343582 3.91
895.00 0.343582 3.91
896.00 0.343582 3.91
897.00 0.343582 3.91
898.00 0.343582 3.91
899.00 0.343582 3.91
900.00 0.343582 3.91
901.00 0.343582 3.91
902.00 0.343582 3.91
903.00 0.343582 3.91
904.00 0.343582 3.91
905.00 0.343582 3.91
906.00 0.343582 3.91
907.00 0.343582 3.91
908.00 0.343582 3.91
909.00 0.343582 3.91
910.00 0.343582 3.91
911.00 0.343582 3.91
912.00 0.343582 3.91
913.00 0.343582 3.91
914.00 0.343582 3.91
915.00 0.343582 3.91
916.00 0.343582 3.91
917.00 0.343582 3.91
918.00 0.343582 3.91
919.00 0.343582 3.91
920.00 0.343582 3.91
921.00 0.343582 3.91
922.00 0.343582 3.91
923.00 0.343582 3.91
924.00 0.343582 3.91
925.00 0.343582 3.91
926.00 0.343582 3.91
927.00 0.343582 3.91
928.00 0.343582 3.91
929.00 0.343582 3.91
930.00 0.343582 3.91
931.00 0.343582 3.91
932.00 0.343582 3.91
933.00 0.343582 3.91
934.00 0.343582 3.91
935.00 0.343582 3.91
936.00 0.343582 3.91
937.00 0.343582 3.91
938.00 0.343582 3.91
939.00 0.343582 3.91
940.00 0.343582 3.91
941.00 0.343582 3.91
942.00 0.343582 3.91
943.00 0.343582 3.91
944.00 0.343582 3.91
945.00 0.343582 3.91
946.00 0.343582 3.91
947.00 0.343582 3.91
948.00 0.343582 3.91
949.00 0.343582 3.91
950.00 0.343582 3.91
951.00 0.343582 3.91
952.00 0.343582 3.91
953.00 0.343582 3.91
954.00 0.343582 3.91
955.00 0.343582 3.91
956.00 0.343582 3.91
957.00 0.343582 3.91
958.00 0.343582 3.91
959.00 0.343582 3.91
960.00 0.343582 3.91
961.00 0.343582 3.91
962.00 0.343582 3.91
963.00 0.343582 3.91
964.00 0.343582 3.91
965.00 0.343582 3.91
966.00 0.343582 3.91
967.00 0.343582 3.91
968.00 0.343582 3.91
969.00 0.343582 3.91
970.00 0.343582 3.91
971.00 0.343582 3.91
972.00 0.343582 3.91
973.00 0.343582 3.91
974.00 0.343582 3.91
975.00 0.343582 3.91
976.00 0.343582 3.91
977.00 0.343582 3.91
978.00 0.343582 3.91
979.00 0.343582 3.91
980.00 0.343582 3.91
981.00 0.343582 3.91
982.00 0.343582 3.91
983.00 0.343582 3.91
984.00 0.343582 3.91
985.00 0.343582 3.91
986.00 0.343582 3.91
987.00 0.343582 3.91
988.00 0.343582 3.91
989.00 0.343582 3.91
990.00 0.343582 3.91
991.00 0.343582 3.91
992.00 0.343582 3.91
993.00 0.343582 3.91
994.00 0.343582 3.91
995.00 0.343582 3.91
996.00 0.343582 3.91
997.00 0.343582 3.91
998.00 0.343582 3.91
999.00 0.343582 3.91
1000.00 0.343582 3.91
