0.00 0.607298 5.45
1.00 0.606002 5.45
2.00 0.604704 5.45
3.00 0.603402 5.45
4.00 0.602100 5.44
5.00 0.600798 5.44
6.00 0.599493 5.44
7.00 0.598186 5.44
8.00 0.596876 5.44
9.00 0.595564 5.44
10.00 0.594249 5.44
11.00 0.592932 5.44
12.00 0.591611 5.44
13.00 0.590288 5.44
14.00 0.588962 5.44
15.00 0.587633 5.44
16.00 0.586302 5.43
17.00 0.584971 5.42
18.00 0.583647 5.42
19.00 0.582321 5.42
20.00 0.580991 5.42
21.00 0.579659 5.42
22.00 0.578324 5.42
23.00 0.576986 5.42
24.00 0.575644 5.42
25.00 0.574304 5.41
26.00 0.572962 5.41
27.00 0.571616 5.41
28.00 0.570267 5.41
29.00 0.568914 5.41
30.00 0.567557 5.41
31.00 0.566196 5.40
32.00 0.564849 5.39
33.00 0.563503 5.38
34.00 0.562159 5.38
35.00 0.560813 5.37
36.00 0.559467 5.37
37.00 0.558118 5.37
38.00 0.556765 5.37
39.00 0.555408 5.37
40.00 0.554046 5.37
41.00 0.552686 5.36
42.00 0.551324 5.36
43.00 0.549973 5.34
44.00 0.548645 5.33
45.00 0.547317 5.33
46.00 0.545986 5.33
47.00 0.544651 5.33
48.00 0.543312 5.33
49.00 0.541969 5.33
50.00 0.540627 5.32
51.00 0.539282 5.32
52.00 0.537931 5.32
53.00 0.536576 5.32
54.00 0.535243 5.30
55.00 0.533928 5.27
56.00 0.532635 5.26
57.00 0.531355 5.25
58.00 0.530075 5.25
59.00 0.528791 5.25
60.00 0.527504 5.24
61.00 0.526220 5.24
62.00 0.524932 5.24
63.00 0.523640 5.23
64.00 0.522351 5.23
65.00 0.521057 5.23
66.00 0.519757 5.23
67.00 0.518459 5.20
68.00 0.517188 5.19
69.00 0.515922 5.18
70.00 0.514674 5.16
71.00 0.513444 5.15
72.00 0.512218 5.15
73.00 0.510995 5.14
74.00 0.509773 5.14
75.00 0.508548 5.14
76.00 0.507321 5.13
77.00 0.506111 5.12
78.00 0.504916 5.12
79.00 0.503718 5.12
80.00 0.502515 5.12
81.00 0.501316 5.10
82.00 0.500136 5.09
83.00 0.498963 5.09
84.00 0.497786 5.09
85.00 0.496604 5.09
86.00 0.495425 5.08
87.00 0.494243 5.08
88.00 0.493056 5.08
89.00 0.491866 5.07
90.00 0.490677 5.07
91.00 0.489490 5.06
92.00 0.488313 5.06
93.00 0.487149 5.05
94.00 0.485996 5.04
95.00 0.484845 5.04
96.00 0.483688 5.04
97.00 0.482528 5.04
98.00 0.481368 5.02
99.00 0.480227 5.00
100.00 0.479107 4.99
101.00 0.477987 4.99
102.00 0.476862 4.99
103.00 0.475738 4.97
104.00 0.474622 4.96
105.00 0.473517 4.96
106.00 0.472422 4.95
107.00 0.471330 4.95
108.00 0.470233 4.95
109.00 0.469135 4.94
110.00 0.468051 4.94
111.00 0.466971 4.92
112.00 0.465896 4.91
113.00 0.464820 4.91
114.00 0.463741 4.91
115.00 0.462666 4.90
116.00 0.461589 4.90
117.00 0.460532 4.87
118.00 0.459478 4.87
119.00 0.458429 4.85
120.00 0.457407 4.84
121.00 0.456390 4.83
122.00 0.455386 4.83
123.00 0.454382 4.82
124.00 0.453377 4.82
125.00 0.452374 4.81
126.00 0.451383 4.81
127.00 0.450387 4.81
128.00 0.449389 4.81
129.00 0.448386 4.81
130.00 0.447394 4.79
131.00 0.446410 4.78
132.00 0.445431 4.78
133.00 0.444455 4.77
134.00 0.443481 4.76
135.00 0.442506 4.76
136.00 0.441542 4.74
137.00 0.440596 4.72
138.00 0.439660 4.71
139.00 0.438736 4.69
140.00 0.437817 4.68
141.00 0.436913 4.67
142.00 0.436023 4.66
143.00 0.435150 4.65
144.00 0.434285 4.65
145.00 0.433417 4.65
146.00 0.432546 4.65
147.00 0.431672 4.65
148.00 0.430795 4.65
149.00 0.429917 4.64
150.00 0.429042 4.64
151.00 0.428164 4.64
152.00 0.427283 4.64
153.00 0.426408 4.63
154.00 0.425549 4.62
155.00 0.424688 4.62
156.00 0.423837 4.60
157.00 0.422986 4.60
158.00 0.422155 4.58
159.00 0.421326 4.58
160.00 0.420494 4.58
161.00 0.419660 4.58
162.00 0.418832 4.57
163.00 0.418011 4.57
164.00 0.417188 4.57
165.00 0.416361 4.57
166.00 0.415538 4.55
167.00 0.414728 4.55
168.00 0.413914 4.55
169.00 0.413109 4.53
170.00 0.412316 4.52
171.00 0.411530 4.52
172.00 0.410741 4.52
173.00 0.409950 4.52
174.00 0.409155 4.52
175.00 0.408388 4.48
176.00 0.407624 4.48
177.00 0.406857 4.48
178.00 0.406087 4.48
179.00 0.405314 4.48
180.00 0.404547 4.46
181.00 0.403809 4.44
182.00 0.403090 4.44
183.00 0.402369 4.44
184.00 0.401646 4.44
185.00 0.400921 4.43
186.00 0.400206 4.42
187.00 0.399503 4.42
188.00 0.398798 4.42
189.00 0.398092 4.42
190.00 0.397389 4.41
191.00 0.396700 4.40
192.00 0.396013 4.40
193.00 0.395331 4.38
194.00 0.394661 4.38
195.00 0.393990 4.38
196.00 0.393316 4.38
197.00 0.392641 4.38
198.00 0.391962 4.38
199.00 0.391282 4.38
200.00 0.390616 4.37
201.00 0.389950 4.36
202.00 0.389285 4.36
203.00 0.388618 4.36
204.00 0.387957 4.35
205.00 0.387304 4.35
206.00 0.386647 4.35
207.00 0.385988 4.35
208.00 0.385326 4.35
209.00 0.384663 4.34
210.00 0.384007 4.33
211.00 0.383350 4.33
212.00 0.382690 4.33
213.00 0.382034 4.32
214.00 0.381378 4.32
215.00 0.380720 4.32
216.00 0.380059 4.32
217.00 0.379406 4.31
218.00 0.378758 4.30
219.00 0.378139 4.29
220.00 0.377518 4.29
221.00 0.376895 4.29
222.00 0.376270 4.29
223.00 0.375643 4.29
224.00 0.375013 4.29
225.00 0.374399 4.27
226.00 0.373797 4.26
227.00 0.373205 4.26
228.00 0.372612 4.26
229.00 0.372017 4.26
230.00 0.371422 4.24
231.00 0.370840 4.24
232.00 0.370255 4.24
233.00 0.369669 4.24
234.00 0.369082 4.24
235.00 0.368492 4.24
236.00 0.367902 4.23
237.00 0.367311 4.23
238.00 0.366733 4.21
239.00 0.366162 4.21
240.00 0.365594 4.20
241.00 0.365032 4.19
242.00 0.364469 4.19
243.00 0.363904 4.19
244.00 0.363337 4.19
245.00 0.362786 4.17
246.00 0.362241 4.17
247.00 0.361695 4.17
248.00 0.361147 4.17
249.00 0.360598 4.17
250.00 0.360048 4.16
251.00 0.359505 4.15
252.00 0.358962 4.15
253.00 0.358417 4.15
254.00 0.357871 4.15
255.00 0.357334 4.14
256.00 0.356813 4.13
257.00 0.356295 4.13
258.00 0.355776 4.13
259.00 0.355255 4.13
260.00 0.354732 4.13
261.00 0.354208 4.13
262.00 0.353685 4.12
263.00 0.353163 4.12
264.00 0.352653 4.10
265.00 0.352149 4.10
266.00 0.351644 4.10
267.00 0.351137 4.10
268.00 0.350634 4.09
269.00 0.350135 4.08
270.00 0.349641 4.08
271.00 0.349150 4.06
272.00 0.348665 4.06
273.00 0.348186 4.04
274.00 0.347720 4.04
275.00 0.347255 4.04
276.00 0.346788 4.04
277.00 0.346321 4.04
278.00 0.345852 4.04
279.00 0.345383 4.04
280.00 0.344912 4.04
281.00 0.344440 4.04
282.00 0.343978 4.03
283.00 0.343520 4.03
284.00 0.343060 4.03
285.00 0.342600 4.03
286.00 0.342138 4.03
287.00 0.341675 4.03
288.00 0.341210 4.03
289.00 0.340744 4.03
290.00 0.340277 4.03
291.00 0.339807 4.03
292.00 0.339336 4.03
293.00 0.338866 4.02
294.00 0.338405 4.02
295.00 0.337944 4.02
296.00 0.337485 4.01
297.00 0.337040 3.99
298.00 0.336606 3.99
299.00 0.336175 3.97
300.00 0.335760 3.97
301.00 0.335344 3.97
302.00 0.334928 3.97
303.00 0.334511 3.97
304.00 0.334093 3.97
305.00 0.333674 3.97
306.00 0.333254 3.97
307.00 0.332833 3.97
308.00 0.332410 3.97
309.00 0.331987 3.97
310.00 0.331562 3.97
311.00 0.331138 3.95
312.00 0.330728 3.95
313.00 0.330318 3.95
314.00 0.329906 3.95
315.00 0.329492 3.95
316.00 0.329078 3.95
317.00 0.328662 3.95
318.00 0.328244 3.95
319.00 0.327825 3.95
320.00 0.327404 3.95
321.00 0.326982 3.95
322.00 0.326557 3.95
323.00 0.326132 3.93
324.00 0.325719 3.92
325.00 0.325324 3.90
326.00 0.324929 3.90
327.00 0.324533 3.90
328.00 0.324137 3.89
329.00 0.323747 3.89
330.00 0.323355 3.89
331.00 0.322963 3.89
332.00 0.322569 3.89
333.00 0.322175 3.89
334.00 0.321782 3.88
335.00 0.321392 3.88
336.00 0.321009 3.87
337.00 0.320643 3.86
338.00 0.320284 3.85
339.00 0.319927 3.85
340.00 0.319571 3.85
341.00 0.319214 3.85
342.00 0.318861 3.84
343.00 0.318508 3.84
344.00 0.318154 3.84
345.00 0.317802 3.83
346.00 0.317463 3.82
347.00 0.317136 3.82
348.00 0.316817 3.81
349.00 0.316501 3.81
350.00 0.316184 3.81
351.00 0.315867 3.81
352.00 0.315550 3.81
353.00 0.315233 3.81
354.00 0.314915 3.81
355.00 0.314597 3.81
356.00 0.314278 3.81
357.00 0.313959 3.81
358.00 0.313638 3.81
359.00 0.313317 3.81
360.00 0.312995 3.81
361.00 0.312672 3.81
362.00 0.312348 3.81
363.00 0.312023 3.81
364.00 0.311697 3.81
365.00 0.311370 3.81
366.00 0.311042 3.81
367.00 0.310713 3.81
368.00 0.310382 3.81
369.00 0.310051 3.81
370.00 0.309718 3.81
371.00 0.309383 3.81
372.00 0.309048 3.81
373.00 0.308711 3.81
374.00 0.308373 3.81
375.00 0.308034 3.81
376.00 0.307693 3.81
377.00 0.307355 3.80
378.00 0.307025 3.80
379.00 0.306696 3.79
380.00 0.306371 3.79
381.00 0.306052 3.77
382.00 0.305753 3.77
383.00 0.305453 3.77
384.00 0.305154 3.77
385.00 0.304861 3.75
386.00 0.304573 3.74
387.00 0.304293 3.74
388.00 0.304013 3.74
389.00 0.303737 3.73
390.00 0.303464 3.73
391.00 0.303190 3.73
392.00 0.302917 3.73
393.00 0.302643 3.73
394.00 0.302369 3.73
395.00 0.302094 3.73
396.00 0.301820 3.73
397.00 0.301544 3.73
398.00 0.301275 3.72
399.00 0.301012 3.72
400.00 0.300748 3.72
401.00 0.300484 3.72
402.00 0.300219 3.72
403.00 0.299954 3.72
404.00 0.299688 3.72
405.00 0.299422 3.72
406.00 0.299155 3.72
407.00 0.298888 3.72
408.00 0.298620 3.72
409.00 0.298351 3.72
410.00 0.298085 3.71
411.00 0.297820 3.71
412.00 0.297554 3.71
413.00 0.297287 3.71
414.00 0.297019 3.71
415.00 0.296752 3.70
416.00 0.296490 3.70
417.00 0.296227 3.70
418.00 0.295963 3.70
419.00 0.295699 3.70
420.00 0.295439 3.69
421.00 0.295185 3.69
422.00 0.294943 3.68
423.00 0.294703 3.68
424.00 0.294462 3.68
425.00 0.294227 3.67
426.00 0.293992 3.67
427.00 0.293757 3.67
428.00 0.293522 3.67
429.00 0.293286 3.67
430.00 0.293057 3.66
431.00 0.292834 3.66
432.00 0.292611 3.66
433.00 0.292388 3.66
434.00 0.292165 3.66
435.00 0.291941 3.66
436.00 0.291718 3.66
437.00 0.291494 3.66
438.00 0.291269 3.66
439.00 0.291045 3.66
440.00 0.290819 3.66
441.00 0.290594 3.66
442.00 0.290367 3.66
443.00 0.290141 3.66
444.00 0.289913 3.66
445.00 0.289686 3.65
446.00 0.289459 3.65
447.00 0.289233 3.65
448.00 0.289005 3.65
449.00 0.288777 3.65
450.00 0.288552 3.64
451.00 0.288328 3.64
452.00 0.288103 3.64
453.00 0.287878 3.64
454.00 0.287655 3.63
455.00 0.287437 3.63
456.00 0.287218 3.63
457.00 0.286999 3.63
458.00 0.286788 3.62
459.00 0.286582 3.61
460.00 0.286383 3.61
461.00 0.286185 3.61
462.00 0.285987 3.61
463.00 0.285789 3.61
464.00 0.285590 3.61
465.00 0.285396 3.60
466.00 0.285203 3.60
467.00 0.285010 3.60
468.00 0.284817 3.60
469.00 0.284624 3.60
470.00 0.284431 3.60
471.00 0.284238 3.60
472.00 0.284045 3.60
473.00 0.283851 3.60
474.00 0.283661 3.59
475.00 0.283479 3.59
476.00 0.283296 3.59
477.00 0.283114 3.59
478.00 0.282931 3.59
479.00 0.282756 3.58
480.00 0.282583 3.58
481.00 0.282411 3.58
482.00 0.282238 3.58
483.00 0.282070 3.57
484.00 0.281905 3.57
485.00 0.281740 3.57
486.00 0.281575 3.57
487.00 0.281412 3.56
488.00 0.281250 3.56
489.00 0.281089 3.56
490.00 0.280936 3.55
491.00 0.280786 3.55
492.00 0.280636 3.55
493.00 0.280487 3.55
494.00 0.280338 3.55
495.00 0.280189 3.55
496.00 0.280040 3.55
497.00 0.279892 3.55
498.00 0.279743 3.55
499.00 0.279595 3.55
500.00 0.279447 3.55
501.00 0.279299 3.55
502.00 0.279150 3.55
503.00 0.279002 3.55
504.00 0.278854 3.55
505.00 0.278706 3.55
506.00 0.278557 3.55
507.00 0.278408 3.55
508.00 0.278260 3.55
509.00 0.278111 3.55
510.00 0.277962 3.55
511.00 0.277812 3.55
512.00 0.277663 3.55
513.00 0.277513 3.55
514.00 0.277363 3.55
515.00 0.277212 3.55
516.00 0.277062 3.55
517.00 0.276910 3.55
518.00 0.276759 3.55
519.00 0.276607 3.55
520.00 0.276457 3.54
521.00 0.276309 3.54
522.00 0.276162 3.53
523.00 0.276018 3.53
524.00 0.275873 3.53
525.00 0.275728 3.53
526.00 0.275583 3.53
527.00 0.275437 3.53
528.00 0.275292 3.53
529.00 0.275146 3.53
530.00 0.275000 3.53
531.00 0.274853 3.53
532.00 0.274707 3.53
533.00 0.274560 3.53
534.00 0.274412 3.53
535.00 0.274265 3.53
536.00 0.274120 3.52
537.00 0.273981 3.52
538.00 0.273842 3.52
539.00 0.273703 3.52
540.00 0.273564 3.52
541.00 0.273425 3.52
542.00 0.273285 3.52
543.00 0.273155 3.51
544.00 0.273024 3.51
545.00 0.272896 3.50
546.00 0.272771 3.50
547.00 0.272648 3.50
548.00 0.272524 3.50
549.00 0.272401 3.50
550.00 0.272278 3.50
551.00 0.272157 3.49
552.00 0.272040 3.49
553.00 0.271924 3.49
554.00 0.271808 3.49
555.00 0.271693 3.49
556.00 0.271577 3.49
557.00 0.271462 3.49
558.00 0.271347 3.49
559.00 0.271233 3.49
560.00 0.271118 3.49
561.00 0.271010 3.48
562.00 0.270904 3.48
563.00 0.270798 3.48
564.00 0.270693 3.48
565.00 0.270588 3.48
566.00 0.270483 3.48
567.00 0.270381 3.47
568.00 0.270280 3.47
569.00 0.270179 3.47
570.00 0.270079 3.47
571.00 0.269978 3.47
572.00 0.269878 3.47
573.00 0.269779 3.47
574.00 0.269679 3.47
575.00 0.269580 3.47
576.00 0.269480 3.47
577.00 0.269381 3.47
578.00 0.269282 3.47
579.00 0.269184 3.47
580.00 0.269085 3.47
581.00 0.268986 3.47
582.00 0.268887 3.47
583.00 0.268793 3.46
584.00 0.268707 3.45
585.00 0.268623 3.45
586.00 0.268540 3.45
587.00 0.268458 3.45
588.00 0.268376 3.45
589.00 0.268295 3.45
590.00 0.268214 3.45
591.00 0.268133 3.45
592.00 0.268053 3.45
593.00 0.267973 3.45
594.00 0.267894 3.45
595.00 0.267815 3.45
596.00 0.267736 3.45
597.00 0.267657 3.45
598.00 0.267579 3.45
599.00 0.267501 3.45
600.00 0.267423 3.45
601.00 0.267345 3.45
602.00 0.267268 3.45
603.00 0.267190 3.45
604.00 0.267113 3.45
605.00 0.267036 3.45
606.00 0.266959 3.45
607.00 0.266882 3.45
608.00 0.266806 3.45
609.00 0.266729 3.45
610.00 0.266653 3.45
611.00 0.266577 3.45
612.00 0.266500 3.45
613.00 0.266424 3.45
614.00 0.266348 3.45
615.00 0.266272 3.45
616.00 0.266196 3.45
617.00 0.266120 3.45
618.00 0.266044 3.45
619.00 0.265968 3.45
620.00 0.265893 3.45
621.00 0.265817 3.45
622.00 0.265741 3.45
623.00 0.265665 3.45
624.00 0.265589 3.45
625.00 0.265514 3.45
626.00 0.265438 3.45
627.00 0.265362 3.45
628.00 0.265286 3.45
629.00 0.265210 3.45
630.00 0.265134 3.45
631.00 0.265058 3.45
632.00 0.264982 3.45
633.00 0.264906 3.45
634.00 0.264830 3.45
635.00 0.264754 3.45
636.00 0.264677 3.45
637.00 0.264601 3.45
638.00 0.264525 3.45
639.00 0.264448 3.45
640.00 0.264372 3.45
641.00 0.264295 3.45
642.00 0.264218 3.45
643.00 0.264141 3.45
644.00 0.264064 3.45
645.00 0.263987 3.45
646.00 0.263910 3.45
647.00 0.263832 3.45
648.00 0.263755 3.45
649.00 0.263682 3.44
650.00 0.263611 3.44
651.00 0.263539 3.44
652.00 0.263470 3.43
653.00 0.263401 3.43
654.00 0.263335 3.42
655.00 0.263273 3.41
656.00 0.263215 3.41
657.00 0.263157 3.41
658.00 0.263100 3.41
659.00 0.263043 3.41
660.00 0.262986 3.41
661.00 0.262930 3.41
662.00 0.262874 3.41
663.00 0.262819 3.41
664.00 0.262764 3.41
665.00 0.262709 3.41
666.00 0.262655 3.40
667.00 0.262602 3.40
668.00 0.262548 3.40
669.00 0.262495 3.40
670.00 0.262443 3.40
671.00 0.262390 3.40
672.00 0.262338 3.40
673.00 0.262286 3.40
674.00 0.262234 3.40
675.00 0.262182 3.40
676.00 0.262130 3.40
677.00 0.262079 3.40
678.00 0.262028 3.40
679.00 0.261977 3.40
680.00 0.261926 3.40
681.00 0.261875 3.40
682.00 0.261825 3.40
683.00 0.261774 3.40
684.00 0.261724 3.40
685.00 0.261674 3.40
686.00 0.261624 3.40
687.00 0.261574 3.40
688.00 0.261524 3.40
689.00 0.261474 3.40
690.00 0.261425 3.40
691.00 0.261375 3.40
692.00 0.261326 3.40
693.00 0.261277 3.39
694.00 0.261230 3.39
695.00 0.261182 3.39
696.00 0.261135 3.39
697.00 0.261088 3.39
698.00 0.261041 3.39
699.00 0.260994 3.39
700.00 0.260948 3.39
701.00 0.260901 3.39
702.00 0.260854 3.39
703.00 0.260808 3.39
704.00 0.260762 3.39
705.00 0.260717 3.38
706.00 0.260674 3.38
707.00 0.260631 3.38
708.00 0.260589 3.38
709.00 0.260546 3.38
710.00 0.260504 3.38
711.00 0.260462 3.38
712.00 0.260420 3.38
713.00 0.260378 3.38
714.00 0.260337 3.38
715.00 0.260295 3.38
716.00 0.260254 3.38
717.00 0.260213 3.38
718.00 0.260172 3.38
719.00 0.260131 3.38
720.00 0.260090 3.38
721.00 0.260050 3.38
722.00 0.260009 3.38
723.00 0.259969 3.38
724.00 0.259929 3.38
725.00 0.259889 3.38
726.00 0.259848 3.38
727.00 0.259808 3.38
728.00 0.259769 3.38
729.00 0.259729 3.38
730.00 0.259689 3.38
731.00 0.259649 3.38
732.00 0.259610 3.38
733.00 0.259570 3.38
734.00 0.259531 3.38
735.00 0.259492 3.38
736.00 0.259452 3.38
737.00 0.259413 3.38
738.00 0.259374 3.38
739.00 0.259335 3.38
740.00 0.259296 3.38
741.00 0.259257 3.38
742.00 0.259218 3.38
743.00 0.259179 3.38
744.00 0.259140 3.38
745.00 0.259102 3.38
746.00 0.259063 3.38
747.00 0.259024 3.38
748.00 0.258986 3.38
749.00 0.258947 3.38
750.00 0.258908 3.38
751.00 0.258870 3.38
752.00 0.258831 3.38
753.00 0.258793 3.38
754.00 0.258754 3.38
755.00 0.258719 3.37
756.00 0.258684 3.37
757.00 0.258650 3.37
758.00 0.258617 3.37
759.00 0.258583 3.37
760.00 0.258549 3.37
761.00 0.258516 3.37
762.00 0.258483 3.37
763.00 0.258450 3.37
764.00 0.258417 3.37
765.00 0.258384 3.37
766.00 0.258351 3.37
767.00 0.258318 3.37
768.00 0.258286 3.37
769.00 0.258254 3.37
770.00 0.258221 3.37
771.00 0.258189 3.37
772.00 0.258157 3.37
773.00 0.258125 3.37
774.00 0.258093 3.37
775.00 0.258062 3.37
776.00 0.258030 3.37
777.00 0.257999 3.37
778.00 0.257967 3.37
779.00 0.257936 3.37
780.00 0.257905 3.37
781.00 0.257873 3.37
782.00 0.257842 3.37
783.00 0.257811 3.37
784.00 0.257780 3.37
785.00 0.257749 3.37
786.00 0.257718 3.37
787.00 0.257688 3.37
788.00 0.257657 3.37
789.00 0.257626 3.37
790.00 0.257596 3.37
791.00 0.257565 3.37
792.00 0.257538 3.36
793.00 0.257511 3.36
794.00 0.257485 3.36
795.00 0.257458 3.36
796.00 0.257432 3.36
797.00 0.257406 3.36
798.00 0.257380 3.36
799.00 0.257354 3.36
800.00 0.257329 3.36
801.00 0.257303 3.36
802.00 0.257278 3.36
803.00 0.257253 3.36
804.00 0.257228 3.36
805.00 0.257203 3.36
806.00 0.257178 3.36
807.00 0.257153 3.36
808.00 0.257129 3.36
809.00 0.257104 3.36
810.00 0.257080 3.36
811.00 0.257055 3.36
812.00 0.257031 3.36
813.00 0.257007 3.36
814.00 0.256983 3.36
815.00 0.256959 3.36
816.00 0.256936 3.36
817.00 0.256912 3.36
818.00 0.256890 3.35
819.00 0.256869 3.35
820.00 0.256848 3.35
821.00 0.256828 3.35
822.00 0.256808 3.35
823.00 0.256787 3.35
824.00 0.256768 3.35
825.00 0.256748 3.35
826.00 0.256728 3.35
827.00 0.256709 3.35
828.00 0.256690 3.35
829.00 0.256671 3.35
830.00 0.256652 3.35
831.00 0.256633 3.35
832.00 0.256614 3.35
833.00 0.256596 3.35
834.00 0.256577 3.35
835.00 0.256559 3.35
836.00 0.256540 3.35
837.00 0.256522 3.35
838.00 0.256504 3.35
839.00 0.256486 3.35
840.00 0.256469 3.35
841.00 0.256451 3.35
842.00 0.256433 3.35
843.00 0.256416 3.35
844.00 0.256398 3.35
845.00 0.256381 3.35
846.00 0.256364 3.35
847.00 0.256347 3.35
848.00 0.256330 3.35
849.00 0.256313 3.35
850.00 0.256296 3.35
851.00 0.256279 3.35
852.00 0.256263 3.35
853.00 0.256246 3.35
854.00 0.256230 3.35
855.00 0.256213 3.35
856.00 0.256197 3.35
857.00 0.256181 3.35
858.00 0.256165 3.35
859.00 0.256148 3.35
860.00 0.256132 3.35
861.00 0.256117 3.35
862.00 0.256101 3.35
863.00 0.256085 3.35
864.00 0.256069 3.35
865.00 0.256054 3.35
866.00 0.256038 3.35
867.00 0.256023 3.35
868.00 0.256007 3.35
869.00 0.255992 3.35
870.00 0.255977 3.35
871.00 0.255961 3.35
872.00 0.255946 3.35
873.00 0.255931 3.35
874.00 0.255916 3.35
875.00 0.255901 3.35
876.00 0.255886 3.35
877.00 0.255871 3.35
878.00 0.255857 3.35
879.00 0.255842 3.35
880.00 0.255827 3.35
881.00 0.255813 3.35
882.00 0.255798 3.35
883.00 0.255784 3.35
884.00 0.255770 3.35
885.00 0.255755 3.35
886.00 0.255741 3.35
887.00 0.255727 3.35
888.00 0.255713 3.35
889.00 0.255699 3.35
890.00 0.255685 3.35
891.00 0.255671 3.35
892.00 0.255657 3.35
893.00 0.255643 3.35
894.00 0.255629 3.35
895.00 0.255615 3.35
896.00 0.255602 3.35
897.00 0.255588 3.35
898.00 0.255574 3.35
899.00 0.255561 3.35
900.00 0.255547 3.35
901.00 0.255534 3.35
902.00 0.255520 3.35
903.00 0.255507 3.35
904.00 0.255494 3.35
905.00 0.255481 3.35
906.00 0.255467 3.35
907.00 0.255454 3.35
908.00 0.255441 3.35
909.00 0.255428 3.35
910.00 0.255415 3.35
911.00 0.255402 3.35
912.00 0.255389 3.35
913.00 0.255376 3.35
914.00 0.255363 3.35
915.00 0.255351 3.35
916.00 0.255338 3.35
917.00 0.255325 3.35
918.00 0.255313 3.35
919.00 0.255300 3.35
920.00 0.255287 3.35
921.00 0.255275 3.35
922.00 0.255262 3.35
923.00 0.255250 3.35
924.00 0.255238 3.35
925.00 0.255225 3.35
926.00 0.255213 3.35
927.00 0.255201 3.35
928.00 0.255188 3.35
929.00 0.255176 3.35
930.00 0.255164 3.35
931.00 0.255152 3.35
932.00 0.255140 3.35
933.00 0.255128 3.35
934.00 0.255116 3.35
935.00 0.255104 3.34
936.00 0.255094 3.34
937.00 0.255083 3.34
938.00 0.255073 3.34
939.00 0.255062 3.34
940.00 0.255052 3.34
941.00 0.255042 3.34
942.00 0.255031 3.34
943.00 0.255021 3.34
944.00 0.255011 3.34
945.00 0.255001 3.34
946.00 0.254991 3.34
947.00 0.254982 3.34
948.00 0.254972 3.34
949.00 0.254962 3.34
950.00 0.254953 3.34
951.00 0.254943 3.34
952.00 0.254933 3.34
953.00 0.254924 3.34
954.00 0.254915 3.33
955.00 0.254906 3.33
956.00 0.254898 3.33
957.00 0.254889 3.33
958.00 0.254881 3.33
959.00 0.254872 3.33
960.00 0.254864 3.33
961.00 0.254856 3.33
962.00 0.254847 3.33
963.00 0.254839 3.33
964.00 0.254831 3.33
965.00 0.254823 3.33
966.00 0.254815 3.33
967.00 0.254808 3.33
968.00 0.254800 3.33
969.00 0.254792 3.33
970.00 0.254785 3.33
971.00 0.254777 3.33
972.00 0.254770 3.33
973.00 0.254762 3.33
974.00 0.254755 3.33
975.00 0.254747 3.33
976.00 0.254740 3.33
977.00 0.254733 3.33
978.00 0.254726 3.33
979.00 0.254719 3.33
980.00 0.254712 3.33
981.00 0.254705 3.33
982.00 0.254698 3.33
983.00 0.254691 3.33
984.00 0.254684 3.33
985.00 0.254677 3.33
986.00 0.254670 3.33
987.00 0.254664 3.33
988.00 0.254657 3.33
989.00 0.254650 3.33
990.00 0.254644 3.33
991.00 0.254637 3.33
992.00 0.254631 3.33
993.00 0.254625 3.33
994.00 0.254618 3.33
995.00 0.254612 3.33
996.00 0.254606 3.33
997.00 0.254599 3.33
998.00 0.254593 3.33
999.00 0.254587 3.33
1000.00 0.254581 3.33
