0 2.13085 21.79
1 2.14288 21.79
2 2.13456 23.5309
3 2.12649 23.4525
4 2.11867 23.3766
5 2.11108 23.3031
6 2.10371 23.2396
7 2.09655 23.1705
8 2.08961 23.1038
9 2.08287 23.0391
10 2.07631 22.983
11 2.06995 22.9222
12 2.06378 22.8633
13 2.05778 22.8062
14 2.05195 22.7551
15 2.04629 22.7015
16 2.04079 22.6495
17 2.03541 22.6085
18 2.03012 22.5834
19 2.02497 22.5351
20 2.01997 22.4882
21 2.0151 22.4427
22 2.01034 22.4076
23 2.00566 22.3796
24 2.00102 22.3663
25 1.99649 22.3243
26 1.99207 22.2915
27 1.98775 22.2517
28 1.98352 22.2191
29 1.97937 22.1903
30 1.9753 22.1604
31 1.9713 22.1313
32 1.96739 22.0955
33 1.96356 22.0676
34 1.9598 22.0354
35 1.95613 22.002
36 1.95254 21.9692
37 1.94901 21.9397
38 1.94555 21.9122
39 1.94217 21.8815
40 1.93885 21.8516
41 1.93561 21.8223
42 1.93242 21.7982
43 1.9293 21.7701
44 1.92623 21.7449
45 1.92323 21.7179
46 1.92029 21.6916
47 1.9174 21.6658
48 1.91458 21.6406
49 1.91181 21.6159
50 1.90906 21.6032
51 1.90638 21.5794
52 1.90371 21.5678
53 1.9011 21.5446
54 1.89853 21.5233
55 1.89601 21.501
56 1.89353 21.4792
57 1.8911 21.4577
58 1.88871 21.4367
59 1.88637 21.4161
60 1.88407 21.3959
61 1.88181 21.3761
62 1.87959 21.3567
63 1.87742 21.3376
64 1.87526 21.3293
65 1.87314 21.3108
66 1.87105 21.2927
67 1.869 21.2749
68 1.86699 21.2574
69 1.86501 21.2403
70 1.86306 21.2234
71 1.86115 21.2075
72 1.85926 21.1913
73 1.85741 21.1753
74 1.85559 21.1596
75 1.8538 21.1442
76 1.85204 21.129
77 1.85031 21.1141
78 1.84861 21.0995
79 1.84693 21.0852
80 1.84528 21.0711
81 1.84367 21.0572
82 1.84207 21.0436
83 1.8405 21.0307
84 1.83896 21.0176
85 1.83744 21.0046
86 1.83593 21.0003
87 1.83445 20.9877
88 1.83299 20.9753
89 1.83155 20.9631
90 1.83014 20.9511
91 1.82873 20.9439
92 1.82735 20.9323
93 1.826 20.9208
94 1.82465 20.9095
95 1.82334 20.8984
96 1.82204 20.8875
97 1.82075 20.8796
98 1.81948 20.869
99 1.81823 20.8585
100 1.817 20.8481
101 1.81579 20.838
102 1.81459 20.8279
103 1.81342 20.8181
104 1.81225 20.8083
105 1.81111 20.7988
106 1.80998 20.7893
107 1.80887 20.7801
108 1.80777 20.7709
109 1.80669 20.7619
110 1.80563 20.753
111 1.80458 20.7443
112 1.80354 20.7357
113 1.80252 20.7272
114 1.80152 20.7188
115 1.80053 20.7106
116 1.79955 20.7025
117 1.79859 20.6945
118 1.79764 20.6866
119 1.7967 20.6789
120 1.79578 20.6712
121 1.79487 20.6637
122 1.79397 20.6563
123 1.79308 20.649
124 1.79221 20.6418
125 1.79135 20.6347
126 1.7905 20.6277
127 1.78966 20.6208
128 1.78884 20.614
129 1.78803 20.6073
130 1.78722 20.6058
131 1.78642 20.5993
132 1.78563 20.5928
133 1.78485 20.5864
134 1.78408 20.5801
135 1.78333 20.5739
136 1.78258 20.5678
137 1.78184 20.5617
138 1.78112 20.5558
139 1.7804 20.5499
140 1.77969 20.5441
141 1.77899 20.5384
142 1.7783 20.5327
143 1.77762 20.5272
144 1.77694 20.5217
145 1.77628 20.5162
146 1.77563 20.5109
147 1.77498 20.5056
148 1.77434 20.5004
149 1.77371 20.4953
150 1.77309 20.4902
151 1.77248 20.4852
152 1.77187 20.4803
153 1.77128 20.4754
154 1.77069 20.4706
155 1.7701 20.4659
156 1.76953 20.4612
157 1.76896 20.4566
158 1.7684 20.452
159 1.76785 20.4475
160 1.7673 20.4445
161 1.76676 20.4401
162 1.76622 20.4358
163 1.76569 20.4315
164 1.76517 20.4273
165 1.76466 20.4231
166 1.76414 20.4189
167 1.76364 20.4149
168 1.76315 20.4108
169 1.76265 20.4069
170 1.76217 20.403
171 1.76169 20.3991
172 1.76122 20.3953
173 1.76075 20.3915
174 1.76029 20.3877
175 1.75983 20.3841
176 1.75938 20.3804
177 1.75893 20.3768
178 1.75849 20.3733
179 1.75806 20.3698
180 1.75763 20.3663
181 1.75721 20.3629
182 1.75678 20.3595
183 1.75637 20.3562
184 1.75596 20.3529
185 1.75556 20.3496
186 1.75515 20.3464
187 1.75476 20.3432
188 1.75437 20.3401
189 1.75398 20.337
190 1.7536 20.3339
191 1.75323 20.3309
192 1.75285 20.3279
193 1.75249 20.3249
194 1.75212 20.3222
195 1.75176 20.3193
196 1.75141 20.3164
197 1.75106 20.3136
198 1.75071 20.3108
199 1.75036 20.3081
200 1.75002 20.3054
201 1.74969 20.3026
202 1.74936 20.3
203 1.74903 20.2974
204 1.7487 20.2947
205 1.74838 20.2922
206 1.74806 20.2896
207 1.74775 20.2871
208 1.74744 20.2846
209 1.74713 20.2822
210 1.74683 20.2797
211 1.74653 20.2773
212 1.74623 20.2749
213 1.74594 20.2726
214 1.74564 20.2703
215 1.74536 20.268
216 1.74507 20.2657
217 1.74479 20.2634
218 1.74451 20.2612
219 1.74424 20.259
220 1.74397 20.2568
221 1.7437 20.2547
222 1.74343 20.2526
223 1.74317 20.2505
224 1.74291 20.2484
225 1.74265 20.2463
226 1.74239 20.2443
227 1.74215 20.2423
228 1.74189 20.2403
229 1.74165 20.2383
230 1.7414 20.2364
231 1.74116 20.2344
232 1.74093 20.2325
233 1.74069 20.2307
234 1.74045 20.2288
235 1.74023 20.2269
236 1.73999 20.2251
237 1.73977 20.2233
238 1.73955 20.2215
239 1.73933 20.2198
240 1.73911 20.218
241 1.73889 20.2163
242 1.73868 20.2146
243 1.73847 20.2129
244 1.73826 20.2112
245 1.73805 20.2096
246 1.73784 20.2079
247 1.73764 20.2063
248 1.73744 20.2051
249 1.73724 20.2035
250 1.73704 20.202
251 1.73685 20.2004
252 1.73666 20.1989
253 1.73646 20.1974
254 1.73628 20.1958
255 1.73609 20.1944
256 1.7359 20.1929
257 1.73572 20.1914
258 1.73554 20.19
259 1.73536 20.1885
260 1.73518 20.1871
261 1.735 20.1857
262 1.73483 20.1843
263 1.73466 20.1829
264 1.73449 20.1816
265 1.73432 20.1802
266 1.73415 20.1789
267 1.73399 20.1776
268 1.73382 20.1763
269 1.73366 20.175
270 1.7335 20.1737
271 1.73334 20.1725
272 1.73318 20.1712
273 1.73302 20.17
274 1.73287 20.1687
275 1.73272 20.1675
276 1.73257 20.1663
277 1.73242 20.1651
278 1.73227 20.164
279 1.73212 20.1628
280 1.73198 20.1616
281 1.73183 20.1605
282 1.73169 20.1593
283 1.73155 20.1582
284 1.73141 20.1571
285 1.73127 20.156
286 1.73114 20.1549
287 1.731 20.1539
288 1.73087 20.1528
289 1.73073 20.1517
290 1.7306 20.1507
291 1.73047 20.1497
292 1.73034 20.1486
293 1.73022 20.1476
294 1.73009 20.1466
295 1.72996 20.1456
296 1.72984 20.1447
297 1.72972 20.1437
298 1.7296 20.1427
299 1.72948 20.1418
300 1.72936 20.1408
301 1.72924 20.1399
302 1.72913 20.139
303 1.72901 20.138
304 1.7289 20.1371
305 1.72878 20.1363
306 1.72867 20.1353
307 1.72856 20.1345
308 1.72845 20.1336
309 1.72834 20.1327
310 1.72824 20.1319
311 1.72813 20.131
312 1.72802 20.1302
313 1.72792 20.1294
314 1.72782 20.1286
315 1.72772 20.1278
316 1.72761 20.1269
317 1.72751 20.1261
318 1.72742 20.1253
319 1.72732 20.1246
320 1.72722 20.1238
321 1.72712 20.123
322 1.72703 20.1223
323 1.72693 20.1215
324 1.72684 20.1208
325 1.72675 20.12
326 1.72666 20.1193
327 1.72657 20.1186
328 1.72647 20.1179
329 1.72639 20.1172
330 1.7263 20.1165
331 1.72621 20.1158
332 1.72613 20.1151
333 1.72604 20.1144
334 1.72595 20.1137
335 1.72587 20.1131
336 1.72579 20.1124
337 1.72571 20.1118
338 1.72562 20.1111
339 1.72554 20.1105
340 1.72546 20.1098
341 1.72538 20.1092
342 1.72531 20.1086
343 1.72523 20.108
344 1.72515 20.1074
345 1.72508 20.1068
346 1.725 20.1062
347 1.72493 20.1056
348 1.72485 20.105
349 1.72478 20.1044
350 1.72471 20.1038
351 1.72464 20.1033
352 1.72457 20.1027
353 1.7245 20.1022
354 1.72443 20.1016
355 1.72436 20.1011
356 1.72429 20.1005
357 1.72422 20.1
358 1.72416 20.0994
359 1.72409 20.0989
360 1.72402 20.0984
361 1.72396 20.0979
362 1.7239 20.0974
363 1.72383 20.0969
364 1.72377 20.0964
365 1.72371 20.0959
366 1.72364 20.0954
367 1.72358 20.0949
368 1.72352 20.0944
369 1.72346 20.0939
370 1.7234 20.0935
371 1.72334 20.093
372 1.72329 20.0925
373 1.72323 20.0921
374 1.72317 20.0916
375 1.72312 20.0912
376 1.72306 20.0907
377 1.723 20.0903
378 1.72295 20.0898
379 1.7229 20.0894
380 1.72284 20.089
381 1.72279 20.0886
382 1.72274 20.0881
383 1.72268 20.0877
384 1.72263 20.0873
385 1.72258 20.0869
386 1.72253 20.0865
387 1.72248 20.0861
388 1.72243 20.0857
389 1.72238 20.0853
390 1.72233 20.0849
391 1.72228 20.0846
392 1.72223 20.0842
393 1.72219 20.0838
394 1.72214 20.0834
395 1.72209 20.0831
396 1.72205 20.0827
397 1.722 20.0823
398 1.72196 20.082
399 1.72191 20.0816
400 1.72187 20.0813
401 1.72182 20.0809
402 1.72178 20.0806
403 1.72174 20.0802
404 1.7217 20.0799
405 1.72165 20.0795
406 1.72161 20.0792
407 1.72157 20.0789
408 1.72153 20.0786
409 1.72149 20.0782
410 1.72145 20.0784
411 1.72141 20.078
412 1.72137 20.0777
413 1.72133 20.0774
414 1.72129 20.0771
415 1.72125 20.0768
416 1.72121 20.0765
417 1.72118 20.0762
418 1.72114 20.0759
419 1.7211 20.0756
420 1.72106 20.0753
421 1.72103 20.075
422 1.72099 20.0747
423 1.72095 20.0744
424 1.72092 20.0741
425 1.72088 20.0739
426 1.72085 20.0736
427 1.72081 20.0733
428 1.72078 20.073
429 1.72074 20.0727
430 1.72071 20.0725
431 1.72068 20.0722
432 1.72064 20.0719
433 1.72061 20.0717
434 1.72058 20.0714
435 1.72054 20.0712
436 1.72051 20.0709
437 1.72048 20.0707
438 1.72045 20.0704
439 1.72042 20.0702
440 1.72039 20.0699
441 1.72036 20.0697
442 1.72033 20.0694
443 1.7203 20.0692
444 1.72027 20.0689
445 1.72024 20.0687
446 1.72021 20.0685
447 1.72018 20.0682
448 1.72015 20.068
449 1.72012 20.0678
450 1.72009 20.0676
451 1.72006 20.0673
452 1.72004 20.0671
453 1.72001 20.0669
454 1.71998 20.0667
455 1.71995 20.0664
456 1.71993 20.0662
457 1.7199 20.066
458 1.71988 20.0658
459 1.71985 20.0656
460 1.71982 20.0654
461 1.7198 20.0652
462 1.71977 20.065
463 1.71975 20.0648
464 1.71972 20.0646
465 1.7197 20.0644
466 1.71967 20.0642
467 1.71965 20.064
468 1.71962 20.0638
469 1.7196 20.0636
470 1.71958 20.0634
471 1.71955 20.0633
472 1.71953 20.0631
473 1.71951 20.0629
474 1.71948 20.0627
475 1.71946 20.0625
476 1.71944 20.0623
477 1.71942 20.0622
478 1.71939 20.062
479 1.71937 20.0618
480 1.71935 20.0617
481 1.71933 20.0615
482 1.71931 20.0613
483 1.71929 20.0612
484 1.71927 20.061
485 1.71925 20.0608
486 1.71923 20.0607
487 1.71921 20.0605
488 1.71919 20.0603
489 1.71917 20.0602
490 1.71915 20.06
491 1.71913 20.0598
492 1.71911 20.0597
493 1.71909 20.0595
494 1.71907 20.0594
495 1.71905 20.0592
496 1.71903 20.0591
497 1.71901 20.0589
498 1.71899 20.0588
499 1.71897 20.0586
500  
501  
502  
503  
504  
505  
506  
507  
508  
509  
510  
511  
512  
513  
514  
515  
516  
517  
518  
519  
520  
521  
522  
523  
524  
525  
526  
527  
528  
529  
530  
531  
532  
533  
534  
535  
536  
537  
538  
539  
540  
541  
542  
543  
544  
545  
546  
547  
548  
549  
550  
551  
552  
553  
554  
555  
556  
557  
558  
559  
560  
561  
562  
563  
564  
565  
566  
567  
568  
569  
570  
571  
572  
573  
574  
575  
576  
577  
578  
579  
580  
581  
582  
583  
584  
585  
586  
587  
588  
589  
590  
591  
592  
593  
594  
595  
596  
597  
598  
599  
600  
601  
602  
603  
604  
605  
606  
607  
608  
609  
610  
611  
612  
613  
614  
615  
616  
617  
618  
619  
620  
621  
622  
623  
624  
625  
626  
627  
628  
629  
630  
631  
632  
633  
634  
635  
636  
637  
638  
639  
640  
641  
642  
643  
644  
645  
646  
647  
648  
649  
650  
651  
652  
653  
654  
655  
656  
657  
658  
659  
660  
661  
662  
663  
664  
665  
666  
667  
668  
669  
670  
671  
672  
673  
674  
675  
676  
677  
678  
679  
680  
681  
682  
683  
684  
685  
686  
687  
688  
689  
690  
691  
692  
693  
694  
695  
696  
697  
698  
699  
700  
701  
702  
703  
704  
705  
706  
707  
708  
709  
710  
711  
712  
713  
714  
715  
716  
717  
718  
719  
720  
721  
722  
723  
724  
725  
726  
727  
728  
729  
730  
731  
732  
733  
734  
735  
736  
737  
738  
739  
740  
741  
742  
743  
744  
745  
746  
747  
748  
749  
750  
751  
752  
753  
754  
755  
756  
757  
758  
759  
760  
761  
762  
763  
764  
765  
766  
767  
768  
769  
770  
771  
772  
773  
774  
775  
776  
777  
778  
779  
780  
781  
782  
783  
784  
785  
786  
787  
788  
789  
790  
791  
792  
793  
794  
795  
796  
797  
798  
799  
800  
801  
802  
803  
804  
805  
806  
807  
808  
809  
810  
811  
812  
813  
814  
815  
816  
817  
818  
819  
820  
821  
822  
823  
824  
825  
826  
827  
828  
829  
830  
831  
832  
833  
834  
835  
836  
837  
838  
839  
840  
841  
842  
843  
844  
845  
846  
847  
848  
849  
850  
851  
852  
853  
854  
855  
856  
857  
858  
859  
860  
861  
862  
863  
864  
865  
866  
867  
868  
869  
870  
871  
872  
873  
874  
875  
876  
877  
878  
879  
880  
881  
882  
883  
884  
885  
886  
887  
888  
889  
890  
891  
892  
893  
894  
895  
896  
897  
898  
899  
900  
901  
902  
903  
904  
905  
906  
907  
908  
909  
910  
911  
912  
913  
914  
915  
916  
917  
918  
919  
920  
921  
922  
923  
924  
925  
926  
927  
928  
929  
930  
931  
932  
933  
934  
935  
936  
937  
938  
939  
940  
941  
942  
943  
944  
945  
946  
947  
948  
949  
950  
951  
952  
953  
954  
955  
956  
957  
958  
959  
960  
961  
962  
963  
964  
965  
966  
967  
968  
969  
970  
971  
972  
973  
974  
975  
976  
977  
978  
979  
980  
981  
982  
983  
984  
985  
986  
987  
988  
989  
990  
991  
992  
993  
994  
995  
996  
997  
998  
999  
