0 2.13085 21.79
1 2.12542 21.7696
2 2.12004 21.7493
3 2.11471 21.7291
4 2.10944 21.7091
5 2.10421 21.6892
6 2.09903 21.6695
7 2.09391 21.6499
8 2.08883 21.6304
9 2.0838 21.6111
10 2.07882 21.5919
11 2.07388 21.5729
12 2.069 21.554
13 2.06416 21.5352
14 2.05936 21.5166
15 2.05461 21.4981
16 2.0499 21.4797
17 2.04524 21.4614
18 2.04063 21.4433
19 2.03605 21.4253
20 2.03152 21.4074
21 2.02703 21.3897
22 2.02259 21.3721
23 2.01818 21.3546
24 2.01382 21.3372
25 2.00949 21.3199
26 2.00521 21.3028
27 2.00097 21.2858
28 1.99676 21.2689
29 1.9926 21.2521
30 1.98847 21.2354
31 1.98438 21.2189
32 1.98033 21.2024
33 1.97632 21.1861
34 1.97234 21.1699
35 1.9684 21.1538
36 1.9645 21.1378
37 1.96063 21.1219
38 1.9568 21.1061
39 1.953 21.0905
40 1.94924 21.0749
41 1.94551 21.0595
42 1.94181 21.0441
43 1.93815 21.0289
44 1.93452 21.0138
45 1.93093 20.9987
46 1.92737 20.9838
47 1.92384 20.969
48 1.92034 20.9543
49 1.91687 20.9396
50 1.91344 20.9251
51 1.91004 20.9107
52 1.90666 20.8964
53 1.90332 20.8821
54 1.90001 20.868
55 1.89672 20.854
56 1.89347 20.84
57 1.89025 20.8262
58 1.88705 20.8124
59 1.88388 20.7987
60 1.88074 20.7852
61 1.87763 20.7717
62 1.87455 20.7583
63 1.87149 20.745
64 1.86846 20.7318
65 1.86546 20.7186
66 1.86249 20.7056
67 1.85954 20.6927
68 1.85661 20.6798
69 1.85372 20.667
70 1.85084 20.6543
71 1.848 20.6417
72 1.84518 20.6292
73 1.84238 20.6168
74 1.83961 20.6044
75 1.83686 20.5921
76 1.83413 20.5799
77 1.83143 20.5678
78 1.82876 20.5558
79 1.8261 20.5438
80 1.82347 20.5319
81 1.82087 20.5202
82 1.81828 20.5084
83 1.81572 20.4968
84 1.81318 20.4852
85 1.81066 20.4737
86 1.80817 20.4623
87 1.80569 20.451
88 1.80324 20.4397
89 1.8008 20.4285
90 1.79839 20.4174
91 1.796 20.4064
92 1.79363 20.3954
93 1.79128 20.3845
94 1.78895 20.3736
95 1.78664 20.3629
96 1.78435 20.3522
97 1.78208 20.3416
98 1.77983 20.331
99 1.7776 20.3205
100 1.77539 20.3101
101 1.7732 20.2998
102 1.77102 20.2895
103 1.76886 20.2793
104 1.76672 20.2691
105 1.7646 20.259
106 1.7625 20.249
107 1.76042 20.2391
108 1.75835 20.2292
109 1.7563 20.2193
110 1.75427 20.2096
111 1.75225 20.1999
112 1.75026 20.1902
113 1.74827 20.1807
114 1.74631 20.1711
115 1.74436 20.1617
116 1.74243 20.1523
117 1.74051 20.143
118 1.73861 20.1337
119 1.73673 20.1245
120 1.73486 20.1153
121 1.73301 20.1062
122 1.73117 20.0972
123 1.72935 20.0882
124 1.72754 20.0793
125 1.72575 20.0704
126 1.72397 20.0616
127 1.72221 20.0528
128 1.72046 20.0441
129 1.71873 20.0355
130 1.71701 20.0269
131 1.7153 20.0183
132 1.71361 20.0098
133 1.71194 20.0014
134 1.71027 19.993
135 1.70862 19.9847
136 1.70699 19.9764
137 1.70536 19.9682
138 1.70375 19.96
139 1.70216 19.9519
140 1.70058 19.9438
141 1.69901 19.9358
142 1.69745 19.9278
143 1.6959 19.9199
144 1.69437 19.912
145 1.69285 19.9042
146 1.69134 19.8964
147 1.68985 19.8887
148 1.68837 19.881
149 1.6869 19.8734
150 1.68544 19.8658
151 1.68399 19.8583
152 1.68255 19.8508
153 1.68113 19.8433
154 1.67972 19.836
155 1.67832 19.8286
156 1.67693 19.8213
157 1.67555 19.814
158 1.67418 19.8068
159 1.67282 19.7996
160 1.67148 19.7925
161 1.67014 19.7854
162 1.66882 19.7784
163 1.66751 19.7714
164 1.6662 19.7644
165 1.66491 19.7575
166 1.66363 19.7506
167 1.66235 19.7438
168 1.66109 19.737
169 1.65984 19.7303
170 1.6586 19.7236
171 1.65737 19.7169
172 1.65614 19.7103
173 1.65493 19.7037
174 1.65373 19.6972
175 1.65253 19.6907
176 1.65135 19.6842
177 1.65018 19.6778
178 1.64901 19.6714
179 1.64785 19.665
180 1.64671 19.6587
181 1.64557 19.6525
182 1.64444 19.6462
183 1.64332 19.64
184 1.64221 19.6339
185 1.6411 19.6277
186 1.64001 19.6217
187 1.63892 19.6156
188 1.63785 19.6096
189 1.63678 19.6036
190 1.63572 19.5977
191 1.63467 19.5918
192 1.63362 19.5859
193 1.63259 19.5801
194 1.63156 19.5743
195 1.63054 19.5685
196 1.62953 19.5628
197 1.62852 19.5571
198 1.62753 19.5514
199 1.62654 19.5458
200 1.62556 19.5402
201 1.62458 19.5346
202 1.62362 19.5291
203 1.62266 19.5236
204 1.62171 19.5181
205 1.62077 19.5127
206 1.61983 19.5073
207 1.6189 19.5019
208 1.61798 19.4966
209 1.61706 19.4913
210 1.61616 19.486
211 1.61526 19.4808
212 1.61436 19.4756
213 1.61348 19.4704
214 1.6126 19.4652
215 1.61172 19.4601
216 1.61086 19.455
217 1.61 19.45
218 1.60914 19.4449
219 1.60829 19.4399
220 1.60745 19.435
221 1.60662 19.43
222 1.60579 19.4251
223 1.60497 19.4202
224 1.60416 19.4154
225 1.60335 19.4105
226 1.60254 19.4057
227 1.60175 19.401
228 1.60096 19.3962
229 1.60017 19.3915
230 1.59939 19.3868
231 1.59862 19.3821
232 1.59785 19.3775
233 1.59709 19.3729
234 1.59634 19.3683
235 1.59559 19.3638
236 1.59484 19.3592
237 1.5941 19.3547
238 1.59337 19.3502
239 1.59264 19.3458
240 1.59192 19.3414
241 1.5912 19.337
242 1.59049 19.3326
243 1.58979 19.3282
244 1.58909 19.3239
245 1.58839 19.3196
246 1.5877 19.3153
247 1.58702 19.3111
248 1.58634 19.3069
249 1.58566 19.3026
250 1.58499 19.2985
251 1.58433 19.2943
252 1.58367 19.2902
253 1.58301 19.2861
254 1.58236 19.282
255 1.58172 19.2779
256 1.58108 19.2739
257 1.58044 19.2699
258 1.57981 19.2659
259 1.57918 19.2619
260 1.57856 19.258
261 1.57795 19.254
262 1.57733 19.2501
263 1.57673 19.2463
264 1.57612 19.2424
265 1.57552 19.2386
266 1.57493 19.2347
267 1.57434 19.231
268 1.57375 19.2272
269 1.57317 19.2234
270 1.57259 19.2197
271 1.57202 19.216
272 1.57145 19.2123
273 1.57089 19.2086
274 1.57033 19.205
275 1.56977 19.2014
276 1.56922 19.1978
277 1.56867 19.1942
278 1.56813 19.1906
279 1.56759 19.1871
280 1.56705 19.1835
281 1.56652 19.18
282 1.56599 19.1765
283 1.56547 19.1731
284 1.56495 19.1696
285 1.56443 19.1662
286 1.56392 19.1628
287 1.56341 19.1594
288 1.5629 19.156
289 1.5624 19.1527
290 1.5619 19.1493
291 1.56141 19.146
292 1.56091 19.1427
293 1.56043 19.1395
294 1.55994 19.1362
295 1.55946 19.1329
296 1.55899 19.1297
297 1.55851 19.1265
298 1.55804 19.1233
299 1.55758 19.1202
300 1.55711 19.117
301 1.55665 19.1139
302 1.5562 19.1107
303 1.55574 19.1076
304 1.55529 19.1046
305 1.55484 19.1015
306 1.5544 19.0984
307 1.55396 19.0954
308 1.55352 19.0924
309 1.55309 19.0894
310 1.55266 19.0864
311 1.55223 19.0834
312 1.55181 19.0805
313 1.55138 19.0775
314 1.55097 19.0746
315 1.55055 19.0717
316 1.55014 19.0688
317 1.54973 19.066
318 1.54932 19.0631
319 1.54892 19.0603
320 1.54852 19.0574
321 1.54812 19.0546
322 1.54772 19.0518
323 1.54733 19.0491
324 1.54694 19.0463
325 1.54655 19.0435
326 1.54617 19.0408
327 1.54579 19.0381
328 1.54541 19.0354
329 1.54503 19.0327
330 1.54466 19.03
331 1.54429 19.0274
332 1.54392 19.0247
333 1.54355 19.0221
334 1.54319 19.0195
335 1.54283 19.0168
336 1.54247 19.0143
337 1.54212 19.0117
338 1.54177 19.0091
339 1.54141 19.0066
340 1.54107 19.004
341 1.54072 19.0015
342 1.54038 18.999
343 1.54004 18.9965
344 1.5397 18.994
345 1.53936 18.9916
346 1.53903 18.9891
347 1.5387 18.9867
348 1.53837 18.9842
349 1.53805 18.9818
350 1.53772 18.9794
351 1.5374 18.977
352 1.53708 18.9747
353 1.53676 18.9723
354 1.53645 18.9699
355 1.53614 18.9676
356 1.53583 18.9653
357 1.53552 18.963
358 1.53521 18.9607
359 1.53491 18.9584
360 1.5346 18.9561
361 1.5343 18.9538
362 1.53401 18.9516
363 1.53371 18.9493
364 1.53342 18.9471
365 1.53313 18.9449
366 1.53284 18.9427
367 1.53255 18.9405
368 1.53226 18.9383
369 1.53198 18.9361
370 1.5317 18.934
371 1.53142 18.9318
372 1.53114 18.9297
373 1.53087 18.9276
374 1.53059 18.9254
375 1.53032 18.9233
376 1.53005 18.9213
377 1.52978 18.9192
378 1.52952 18.9171
379 1.52925 18.915
380 1.52899 18.913
381 1.52873 18.911
382 1.52847 18.9089
383 1.52821 18.9069
384 1.52796 18.9049
385 1.5277 18.9029
386 1.52745 18.9009
387 1.5272 18.899
388 1.52695 18.897
389 1.52671 18.895
390 1.52646 18.8931
391 1.52622 18.8912
392 1.52598 18.8892
393 1.52574 18.8873
394 1.5255 18.8854
395 1.52526 18.8835
396 1.52503 18.8816
397 1.52479 18.8798
398 1.52456 18.8779
399 1.52433 18.8761
400 1.5241 18.8742
401 1.52388 18.8724
402 1.52365 18.8705
403 1.52343 18.8687
404 1.5232 18.8669
405 1.52298 18.8651
406 1.52276 18.8633
407 1.52255 18.8616
408 1.52233 18.8598
409 1.52212 18.858
410 1.5219 18.8563
411 1.52169 18.8545
412 1.52148 18.8528
413 1.52127 18.8511
414 1.52106 18.8494
415 1.52086 18.8477
416 1.52065 18.846
417 1.52045 18.8443
418 1.52025 18.8426
419 1.52005 18.8409
420 1.51985 18.8393
421 1.51965 18.8376
422 1.51945 18.836
423 1.51926 18.8343
424 1.51906 18.8327
425 1.51887 18.8311
426 1.51868 18.8295
427 1.51849 18.8279
428 1.5183 18.8263
429 1.51811 18.8247
430 1.51793 18.8231
431 1.51774 18.8215
432 1.51756 18.82
433 1.51738 18.8184
434 1.5172 18.8169
435 1.51702 18.8153
436 1.51684 18.8138
437 1.51666 18.8123
438 1.51648 18.8107
439 1.51631 18.8092
440 1.51614 18.8077
441 1.51596 18.8062
442 1.51579 18.8048
443 1.51562 18.8033
444 1.51545 18.8018
445 1.51528 18.8003
446 1.51512 18.7989
447 1.51495 18.7974
448 1.51479 18.796
449 1.51462 18.7946
450 1.51446 18.7931
451 1.5143 18.7917
452 1.51414 18.7903
453 1.51398 18.7889
454 1.51382 18.7875
455 1.51366 18.7861
456 1.51351 18.7847
457 1.51335 18.7834
458 1.5132 18.782
459 1.51305 18.7806
460 1.51289 18.7793
461 1.51274 18.7779
462 1.51259 18.7766
463 1.51244 18.7752
464 1.5123 18.7739
465 1.51215 18.7726
466 1.512 18.7713
467 1.51186 18.77
468 1.51172 18.7687
469 1.51157 18.7674
470 1.51143 18.7661
471 1.51129 18.7648
472 1.51115 18.7635
473 1.51101 18.7623
474 1.51087 18.761
475 1.51073 18.7597
476 1.5106 18.7585
477 1.51046 18.7572
478 1.51033 18.756
479 1.51019 18.7548
480 1.51006 18.7535
481 1.50993 18.7523
482 1.5098 18.7511
483 1.50967 18.7499
484 1.50954 18.7487
485 1.50941 18.7475
486 1.50928 18.7463
487 1.50916 18.7451
488 1.50903 18.744
489 1.50891 18.7428
490 1.50878 18.7416
491 1.50866 18.7405
492 1.50854 18.7393
493 1.50841 18.7382
494 1.50829 18.737
495 1.50817 18.7359
496 1.50805 18.7347
497 1.50793 18.7336
498 1.50782 18.7325
499 1.5077 18.7314

