0 2.13085 21.79
1 2.12568 21.7701
2 2.12055 21.7503
3 2.11548 21.7306
4 2.11045 21.7111
5 2.10547 21.6917
6 2.10054 21.6724
7 2.09565 21.6533
8 2.09081 21.6343
9 2.08601 21.6155
10 2.08126 21.5967
11 2.07655 21.5782
12 2.07188 21.5597
13 2.06726 21.5414
14 2.06268 21.5232
15 2.05815 21.5051
16 2.05365 21.4871
17 2.0492 21.4693
18 2.04478 21.4516
19 2.04041 21.434
20 2.03608 21.4165
21 2.03179 21.3992
22 2.02754 21.382
23 2.02332 21.3649
24 2.01915 21.3479
25 2.01501 21.331
26 2.01091 21.3142
27 2.00685 21.2976
28 2.00282 21.2811
29 1.99883 21.2647
30 1.99488 21.2484
31 1.99096 21.2322
32 1.98708 21.2161
33 1.98323 21.2001
34 1.97942 21.1843
35 1.97564 21.1685
36 1.9719 21.1529
37 1.96819 21.1373
38 1.96451 21.1219
39 1.96086 21.1065
40 1.95725 21.0913
41 1.95367 21.0762
42 1.95012 21.0612
43 1.94661 21.0463
44 1.94312 21.0314
45 1.93967 21.0167
46 1.93625 21.0021
47 1.93286 20.9876
48 1.92949 20.9731
49 1.92616 20.9588
50 1.92286 20.9446
51 1.91958 20.9304
52 1.91634 20.9164
53 1.91312 20.9024
54 1.90993 20.8886
55 1.90677 20.8748
56 1.90364 20.8612
57 1.90053 20.8476
58 1.89745 20.8341
59 1.8944 20.8207
60 1.89138 20.8074
61 1.88838 20.7941
62 1.88541 20.781
63 1.88246 20.768
64 1.87954 20.755
65 1.87665 20.7421
66 1.87378 20.7293
67 1.87093 20.7166
68 1.86811 20.704
69 1.86531 20.6915
70 1.86254 20.679
71 1.85979 20.6666
72 1.85707 20.6543
73 1.85437 20.6421
74 1.85169 20.63
75 1.84903 20.6179
76 1.8464 20.6059
77 1.84379 20.594
78 1.8412 20.5822
79 1.83864 20.5705
80 1.8361 20.5588
81 1.83357 20.5472
82 1.83107 20.5357
83 1.82859 20.5243
84 1.82614 20.5129
85 1.8237 20.5016
86 1.82128 20.4904
87 1.81889 20.4792
88 1.81651 20.4681
89 1.81416 20.4571
90 1.81182 20.4462
91 1.8095 20.4353
92 1.80721 20.4246
93 1.80493 20.4138
94 1.80267 20.4032
95 1.80043 20.3926
96 1.79821 20.3821
97 1.79601 20.3716
98 1.79383 20.3612
99 1.79166 20.3509
100 1.78951 20.3407
101 1.78738 20.3305
102 1.78527 20.3204
103 1.78318 20.3103
104 1.7811 20.3003
105 1.77904 20.2904
106 1.777 20.2805
107 1.77498 20.2707
108 1.77297 20.261
109 1.77097 20.2513
110 1.769 20.2417
111 1.76704 20.2321
112 1.7651 20.2226
113 1.76317 20.2132
114 1.76126 20.2038
115 1.75936 20.1945
116 1.75748 20.1852
117 1.75562 20.176
118 1.75377 20.1669
119 1.75194 20.1578
120 1.75012 20.1488
121 1.74831 20.1398
122 1.74652 20.1309
123 1.74475 20.122
124 1.74299 20.1132
125 1.74124 20.1045
126 1.73951 20.0958
127 1.73779 20.0871
128 1.73609 20.0786
129 1.7344 20.07
130 1.73272 20.0615
131 1.73106 20.0531
132 1.72941 20.0447
133 1.72777 20.0364
134 1.72615 20.0282
135 1.72454 20.0199
136 1.72294 20.0118
137 1.72136 20.0036
138 1.71979 19.9956
139 1.71823 19.9876
140 1.71668 19.9796
141 1.71515 19.9717
142 1.71362 19.9638
143 1.71211 19.956
144 1.71062 19.9482
145 1.70913 19.9405
146 1.70766 19.9328
147 1.7062 19.9252
148 1.70475 19.9176
149 1.70331 19.91
150 1.70188 19.9025
151 1.70046 19.8951
152 1.69906 19.8877
153 1.69766 19.8803
154 1.69628 19.873
155 1.69491 19.8658
156 1.69355 19.8585
157 1.6922 19.8514
158 1.69086 19.8442
159 1.68953 19.8371
160 1.68821 19.8301
161 1.6869 19.8231
162 1.68561 19.8161
163 1.68432 19.8092
164 1.68304 19.8023
165 1.68177 19.7955
166 1.68051 19.7887
167 1.67927 19.7819
168 1.67803 19.7752
169 1.6768 19.7685
170 1.67558 19.7619
171 1.67437 19.7553
172 1.67317 19.7487
173 1.67198 19.7422
174 1.6708 19.7358
175 1.66963 19.7293
176 1.66846 19.7229
177 1.66731 19.7166
178 1.66617 19.7102
179 1.66503 19.7039
180 1.6639 19.6977
181 1.66278 19.6915
182 1.66167 19.6853
183 1.66057 19.6792
184 1.65948 19.6731
185 1.65839 19.667
186 1.65732 19.661
187 1.65625 19.655
188 1.65519 19.649
189 1.65414 19.6431
190 1.65309 19.6372
191 1.65206 19.6314
192 1.65103 19.6255
193 1.65001 19.6198
194 1.649 19.614
195 1.64799 19.6083
196 1.647 19.6026
197 1.64601 19.597
198 1.64503 19.5914
199 1.64405 19.5858
200 1.64308 19.5802
201 1.64213 19.5747
202 1.64117 19.5692
203 1.64023 19.5638
204 1.63929 19.5583
205 1.63836 19.553
206 1.63744 19.5476
207 1.63652 19.5423
208 1.63561 19.537
209 1.63471 19.5317
210 1.63381 19.5265
211 1.63292 19.5213
212 1.63204 19.5161
213 1.63116 19.511
214 1.63029 19.5058
215 1.62943 19.5008
216 1.62857 19.4957
217 1.62772 19.4907
218 1.62688 19.4857
219 1.62604 19.4807
220 1.62521 19.4758
221 1.62439 19.4709
222 1.62357 19.466
223 1.62276 19.4611
224 1.62195 19.4563
225 1.62115 19.4515
226 1.62036 19.4468
227 1.61957 19.442
228 1.61879 19.4373
229 1.61801 19.4326
230 1.61724 19.4279
231 1.61647 19.4233
232 1.61571 19.4187
233 1.61496 19.4141
234 1.61421 19.4096
235 1.61347 19.405
236 1.61273 19.4005
237 1.612 19.3961
238 1.61127 19.3916
239 1.61055 19.3872
240 1.60984 19.3828
241 1.60912 19.3784
242 1.60842 19.374
243 1.60772 19.3697
244 1.60702 19.3654
245 1.60633 19.3611
246 1.60565 19.3569
247 1.60497 19.3527
248 1.6043 19.3484
249 1.60363 19.3443
250 1.60296 19.3401
251 1.6023 19.336
252 1.60165 19.3319
253 1.60099 19.3278
254 1.60035 19.3237
255 1.59971 19.3197
256 1.59907 19.3156
257 1.59844 19.3116
258 1.59781 19.3077
259 1.59719 19.3037
260 1.59657 19.2998
261 1.59596 19.2959
262 1.59535 19.292
263 1.59475 19.2881
264 1.59415 19.2843
265 1.59355 19.2805
266 1.59296 19.2767
267 1.59237 19.2729
268 1.59179 19.2691
269 1.59121 19.2654
270 1.59064 19.2617
271 1.59006 19.258
272 1.5895 19.2543
273 1.58894 19.2506
274 1.58838 19.247
275 1.58782 19.2434
276 1.58727 19.2398
277 1.58673 19.2362
278 1.58619 19.2327
279 1.58565 19.2291
280 1.58511 19.2256
281 1.58458 19.2221
282 1.58406 19.2187
283 1.58353 19.2152
284 1.58301 19.2118
285 1.5825 19.2083
286 1.58199 19.2049
287 1.58148 19.2016
288 1.58097 19.1982
289 1.58047 19.1948
290 1.57997 19.1915
291 1.57948 19.1882
292 1.57899 19.1849
293 1.5785 19.1817
294 1.57802 19.1784
295 1.57754 19.1752
296 1.57706 19.1719
297 1.57659 19.1687
298 1.57612 19.1656
299 1.57565 19.1624
300 1.57519 19.1592
301 1.57473 19.1561
302 1.57427 19.153
303 1.57382 19.1499
304 1.57337 19.1468
305 1.57292 19.1438
306 1.57248 19.1407
307 1.57204 19.1377
308 1.5716 19.1347
309 1.57117 19.1317
310 1.57074 19.1287
311 1.57031 19.1257
312 1.56988 19.1228
313 1.56946 19.1198
314 1.56904 19.1169
315 1.56863 19.114
316 1.56821 19.1111
317 1.5678 19.1083
318 1.56739 19.1054
319 1.56699 19.1026
320 1.56659 19.0997
321 1.56619 19.0969
322 1.56579 19.0941
323 1.5654 19.0914
324 1.56501 19.0886
325 1.56462 19.0859
326 1.56423 19.0831
327 1.56385 19.0804
328 1.56347 19.0777
329 1.56309 19.075
330 1.56272 19.0723
331 1.56235 19.0697
332 1.56198 19.067
333 1.56161 19.0644
334 1.56125 19.0618
335 1.56088 19.0592
336 1.56052 19.0566
337 1.56017 19.054
338 1.55981 19.0514
339 1.55946 19.0489
340 1.55911 19.0463
341 1.55877 19.0438
342 1.55842 19.0413
343 1.55808 19.0388
344 1.55774 19.0363
345 1.5574 19.0339
346 1.55707 19.0314
347 1.55673 19.029
348 1.5564 19.0265
349 1.55607 19.0241
350 1.55575 19.0217
351 1.55542 19.0193
352 1.5551 19.0169
353 1.55478 19.0146
354 1.55447 19.0122
355 1.55415 19.0099
356 1.55384 19.0075
357 1.55353 19.0052
358 1.55322 19.0029
359 1.55291 19.0006
360 1.55261 18.9983
361 1.55231 18.9961
362 1.55201 18.9938
363 1.55171 18.9916
364 1.55141 18.9893
365 1.55112 18.9871
366 1.55083 18.9849
367 1.55054 18.9827
368 1.55025 18.9805
369 1.54996 18.9783
370 1.54968 18.9762
371 1.5494 18.974
372 1.54912 18.9719
373 1.54884 18.9697
374 1.54856 18.9676
375 1.54829 18.9655
376 1.54802 18.9634
377 1.54775 18.9613
378 1.54748 18.9592
379 1.54721 18.9572
380 1.54695 18.9551
381 1.54668 18.9531
382 1.54642 18.951
383 1.54616 18.949
384 1.5459 18.947
385 1.54565 18.945
386 1.54539 18.943
387 1.54514 18.941
388 1.54489 18.9391
389 1.54464 18.9371
390 1.54439 18.9352
391 1.54414 18.9332
392 1.5439 18.9313
393 1.54366 18.9294
394 1.54342 18.9275
395 1.54318 18.9255
396 1.54294 18.9237
397 1.5427 18.9218
398 1.54247 18.9199
399 1.54224 18.918
400 1.542 18.9162
401 1.54177 18.9143
402 1.54155 18.9125
403 1.54132 18.9107
404 1.54109 18.9089
405 1.54087 18.9071
406 1.54065 18.9053
407 1.54043 18.9035
408 1.54021 18.9017
409 1.53999 18.8999
410 1.53977 18.8982
411 1.53956 18.8964
412 1.53935 18.8947
413 1.53913 18.893
414 1.53892 18.8912
415 1.53871 18.8895
416 1.53851 18.8878
417 1.5383 18.8861
418 1.53809 18.8844
419 1.53789 18.8827
420 1.53769 18.8811
421 1.53749 18.8794
422 1.53729 18.8778
423 1.53709 18.8761
424 1.53689 18.8745
425 1.5367 18.8728
426 1.5365 18.8712
427 1.53631 18.8696
428 1.53612 18.868
429 1.53593 18.8664
430 1.53574 18.8648
431 1.53555 18.8632
432 1.53536 18.8617
433 1.53518 18.8601
434 1.53499 18.8585
435 1.53481 18.857
436 1.53463 18.8554
437 1.53445 18.8539
438 1.53427 18.8524
439 1.53409 18.8509
440 1.53391 18.8494
441 1.53374 18.8479
442 1.53356 18.8464
443 1.53339 18.8449
444 1.53322 18.8434
445 1.53305 18.8419
446 1.53288 18.8405
447 1.53271 18.839
448 1.53254 18.8375
449 1.53237 18.8361
450 1.53221 18.8347
451 1.53204 18.8332
452 1.53188 18.8318
453 1.53172 18.8304
454 1.53156 18.829
455 1.5314 18.8276
456 1.53124 18.8262
457 1.53108 18.8248
458 1.53092 18.8234
459 1.53077 18.8221
460 1.53061 18.8207
461 1.53046 18.8193
462 1.53031 18.818
463 1.53015 18.8166
464 1.53 18.8153
465 1.52985 18.814
466 1.5297 18.8126
467 1.52956 18.8113
468 1.52941 18.81
469 1.52926 18.8087
470 1.52912 18.8074
471 1.52897 18.8061
472 1.52883 18.8048
473 1.52869 18.8035
474 1.52855 18.8023
475 1.52841 18.801
476 1.52827 18.7997
477 1.52813 18.7985
478 1.52799 18.7972
479 1.52785 18.796
480 1.52772 18.7948
481 1.52758 18.7935
482 1.52745 18.7923
483 1.52732 18.7911
484 1.52718 18.7899
485 1.52705 18.7887
486 1.52692 18.7875
487 1.52679 18.7863
488 1.52666 18.7851
489 1.52654 18.7839
490 1.52641 18.7827
491 1.52628 18.7815
492 1.52616 18.7804
493 1.52603 18.7792
494 1.52591 18.7781
495 1.52578 18.7769
496 1.52566 18.7758
497 1.52554 18.7746
498 1.52542 18.7735
499 1.5253 18.7724
