0 2.13085 21.79
1 2.12538 21.79
2 2.11989 21.79
3 2.11438 21.79
4 2.10887 21.77
5 2.10334 21.77
6 2.09781 21.77
7 2.09226 21.76
8 2.08669 21.76
9 2.08112 21.76
10 2.07552 21.76
11 2.06991 21.76
12 2.06429 21.76
13 2.05866 21.74
14 2.05303 21.74
15 2.04739 21.72
16 2.04175 21.71
17 2.03611 21.69
18 2.03046 21.69
19 2.0248 21.69
20 2.01911 21.69
21 2.01341 21.68
22 2.00772 21.67
23 2.00201 21.67
24 1.99629 21.66
25 1.99059 21.63
26 1.9849 21.62
27 1.97921 21.6
28 1.97355 21.57
29 1.9679 21.56
30 1.96227 21.54
31 1.95666 21.5
32 1.95108 21.49
33 1.94553 21.44
34 1.94002 21.43
35 1.93451 21.42
36 1.92901 21.38
37 1.92356 21.38
38 1.91811 21.36
39 1.91267 21.34
40 1.90723 21.33
41 1.90182 21.3
42 1.8964 21.29
43 1.89102 21.27
44 1.88566 21.24
45 1.88035 21.22
46 1.87504 21.21
47 1.86973 21.21
48 1.86442 21.2
49 1.85914 21.16
50 1.85395 21.11
51 1.84882 21.1
52 1.84377 21.04
53 1.8388 21.01
54 1.83391 20.96
55 1.82906 20.92
56 1.82427 20.89
57 1.8195 20.87
58 1.81475 20.85
59 1.81005 20.81
60 1.80539 20.78
61 1.80077 20.77
62 1.79616 20.75
63 1.79157 20.73
64 1.787 20.7
65 1.78247 20.7
66 1.77794 20.67
67 1.77349 20.61
68 1.76911 20.6
69 1.76473 20.57
70 1.76041 20.53
71 1.7561 20.52
72 1.75181 20.49
73 1.74759 20.43
74 1.74343 20.39
75 1.73932 20.36
76 1.73523 20.35
77 1.73115 20.33
78 1.72712 20.31
79 1.7231 20.31
80 1.71913 20.26
81 1.71522 20.24
82 1.71134 20.21
83 1.70753 20.19
84 1.70371 20.19
85 1.69989 20.16
86 1.69611 20.14
87 1.69232 20.12
88 1.68858 20.11
89 1.68487 20.08
90 1.6812 20.05
91 1.67753 20.04
92 1.67387 20.01
93 1.67031 19.98
94 1.66681 19.95
95 1.66331 19.95
96 1.65979 19.93
97 1.65631 19.91
98 1.65287 19.87
99 1.64946 19.85
100 1.6461 19.81
101 1.64278 19.79
102 1.63947 19.79
103 1.63616 19.76
104 1.63286 19.73
105 1.62964 19.71
106 1.62644 19.7
107 1.62324 19.7
108 1.62002 19.7
109 1.6168 19.67
110 1.61363 19.64
111 1.6105 19.6
112 1.60738 19.59
113 1.60425 19.59
114 1.60111 19.58
115 1.59797 19.56
116 1.59488 19.54
117 1.59184 19.5
118 1.58882 19.49
119 1.5858 19.45
120 1.58285 19.42
121 1.57994 19.39
122 1.57707 19.36
123 1.57421 19.33
124 1.57137 19.31
125 1.5686 19.25
126 1.56588 19.23
127 1.56319 19.21
128 1.56053 19.19
129 1.55788 19.18
130 1.55524 19.16
131 1.55261 19.14
132 1.55 19.14
133 1.54739 19.11
134 1.54482 19.07
135 1.54233 19.04
136 1.53988 19.01
137 1.53746 18.99
138 1.53507 18.97
139 1.5327 18.95
140 1.53032 18.94
141 1.52796 18.93
142 1.52564 18.91
143 1.52332 18.9
144 1.52101 18.9
145 1.51871 18.89
146 1.51641 18.89
147 1.51409 18.89
148 1.51179 18.87
149 1.50952 18.86
150 1.50724 18.85
151 1.50498 18.83
152 1.50273 18.83
153 1.50048 18.82
154 1.49825 18.8
155 1.49603 18.79
156 1.49381 18.77
157 1.4916 18.76
158 1.4894 18.72
159 1.48723 18.71
160 1.48509 18.69
161 1.48296 18.66
162 1.48085 18.64
163 1.47877 18.64
164 1.47668 18.63
165 1.47458 18.62
166 1.47251 18.57
167 1.47046 18.57
168 1.46843 18.56
169 1.4664 18.54
170 1.46439 18.52
171 1.46239 18.52
172 1.46038 18.52
173 1.45836 18.52
174 1.45633 18.52
175 1.45433 18.48
176 1.45232 18.48
177 1.45032 18.45
178 1.44836 18.44
179 1.44639 18.44
180 1.44442 18.4
181 1.44249 18.37
182 1.44061 18.36
183 1.43872 18.36
184 1.43682 18.36
185 1.43493 18.33
186 1.43308 18.31
187 1.43125 18.29
188 1.42944 18.29
189 1.42761 18.29
190 1.4258 18.26
191 1.42402 18.25
192 1.42225 18.24
193 1.4205 18.2
194 1.4188 18.19
195 1.41709 18.19
196 1.41538 18.18
197 1.41367 18.18
198 1.41195 18.17
199 1.41024 18.16
200 1.40855 18.15
201 1.40687 18.12
202 1.4052 18.1
203 1.40355 18.09
204 1.40191 18.08
205 1.40029 18.06
206 1.39869 18.05
207 1.39709 18.05
208 1.3955 18.04
209 1.39391 18.03
210 1.39233 18.02
211 1.39075 18.02
212 1.38915 18.02
213 1.38757 18
214 1.38598 18
215 1.38439 18
216 1.3828 18
217 1.3812 17.99
218 1.3796 17.98
219 1.37804 17.96
220 1.37648 17.94
221 1.37497 17.93
222 1.37345 17.93
223 1.37194 17.93
224 1.37041 17.93
225 1.36892 17.88
226 1.36747 17.86
227 1.36604 17.85
228 1.36462 17.84
229 1.3632 17.84
230 1.36178 17.82
231 1.36037 17.82
232 1.35895 17.82
233 1.35753 17.81
234 1.35611 17.8
235 1.35471 17.78
236 1.35333 17.77
237 1.35195 17.76
238 1.35059 17.74
239 1.34923 17.74
240 1.34788 17.72
241 1.34654 17.71
242 1.34522 17.7
243 1.34389 17.7
244 1.34257 17.69
245 1.34128 17.66
246 1.34 17.65
247 1.33873 17.64
248 1.33747 17.63
249 1.33621 17.63
250 1.33498 17.6
251 1.33376 17.59
252 1.33254 17.58
253 1.33132 17.57
254 1.33011 17.57
255 1.3289 17.56
256 1.32771 17.55
257 1.32652 17.55
258 1.32535 17.53
259 1.3242 17.51
260 1.32306 17.51
261 1.32191 17.51
262 1.32076 17.5
263 1.31961 17.5
264 1.31848 17.48
265 1.31734 17.48
266 1.3162 17.48
267 1.31506 17.48
268 1.31391 17.47
269 1.31278 17.45
270 1.31166 17.43
271 1.31058 17.4
272 1.3095 17.39
273 1.30843 17.37
274 1.30738 17.37
275 1.30632 17.37
276 1.30525 17.35
277 1.30423 17.32
278 1.30322 17.31
279 1.30221 17.31
280 1.30119 17.31
281 1.30018 17.31
282 1.29918 17.29
283 1.29819 17.29
284 1.2972 17.29
285 1.2962 17.29
286 1.29521 17.29
287 1.2942 17.29
288 1.2932 17.29
289 1.29219 17.29
290 1.29117 17.29
291 1.29015 17.29
292 1.28913 17.29
293 1.28811 17.27
294 1.28712 17.26
295 1.28613 17.26
296 1.28516 17.23
297 1.28422 17.21
298 1.28328 17.21
299 1.28235 17.19
300 1.28142 17.19
301 1.2805 17.19
302 1.27958 17.19
303 1.27865 17.19
304 1.27773 17.16
305 1.27684 17.16
306 1.27595 17.15
307 1.27507 17.15
308 1.27419 17.14
309 1.27332 17.14
310 1.27244 17.13
311 1.27158 17.11
312 1.27072 17.11
313 1.26986 17.11
314 1.269 17.11
315 1.26814 17.11
316 1.2673 17.09
317 1.26645 17.09
318 1.2656 17.09
319 1.26477 17.08
320 1.26394 17.07
321 1.26311 17.07
322 1.26227 17.07
323 1.26144 17.05
324 1.26061 17.04
325 1.2598 17.02
326 1.25899 17.02
327 1.25818 17.01
328 1.25737 17
329 1.25656 17
330 1.25575 17
331 1.25493 17
332 1.25412 17
333 1.2533 17
334 1.25249 16.98
335 1.25169 16.97
336 1.25091 16.96
337 1.25015 16.95
338 1.24939 16.94
339 1.24864 16.93
340 1.24789 16.93
341 1.24714 16.93
342 1.24639 16.92
343 1.24566 16.9
344 1.24493 16.9
345 1.24422 16.88
346 1.24352 16.87
347 1.24283 16.87
348 1.24215 16.85
349 1.24148 16.85
350 1.24081 16.85
351 1.24014 16.85
352 1.23946 16.85
353 1.23879 16.84
354 1.23812 16.84
355 1.23745 16.84
356 1.23679 16.84
357 1.23612 16.84
358 1.23544 16.84
359 1.23477 16.84
360 1.23409 16.84
361 1.23341 16.84
362 1.23273 16.84
363 1.23205 16.84
364 1.23136 16.84
365 1.23068 16.83
366 1.23001 16.82
367 1.22935 16.82
368 1.22868 16.82
369 1.22802 16.8
370 1.22737 16.8
371 1.22672 16.78
372 1.22609 16.78
373 1.22546 16.77
374 1.22483 16.77
375 1.2242 16.77
376 1.22357 16.77
377 1.22294 16.76
378 1.22232 16.76
379 1.22169 16.75
380 1.22107 16.75
381 1.22046 16.73
382 1.21988 16.72
383 1.2193 16.72
384 1.21872 16.72
385 1.21814 16.7
386 1.21757 16.69
387 1.21701 16.69
388 1.21644 16.69
389 1.21588 16.68
390 1.21532 16.68
391 1.21476 16.68
392 1.21419 16.68
393 1.21363 16.68
394 1.21306 16.68
395 1.21249 16.68
396 1.21193 16.68
397 1.21135 16.68
398 1.21079 16.66
399 1.21025 16.65
400 1.20972 16.65
401 1.20919 16.65
402 1.20866 16.65
403 1.20812 16.65
404 1.20758 16.65
405 1.20705 16.65
406 1.20651 16.65
407 1.20596 16.65
408 1.20542 16.65
409 1.20487 16.65
410 1.20433 16.63
411 1.20379 16.63
412 1.20324 16.63
413 1.20269 16.63
414 1.20214 16.62
415 1.2016 16.61
416 1.20108 16.6
417 1.20055 16.6
418 1.20002 16.6
419 1.19949 16.6
420 1.19897 16.59
421 1.19844 16.59
422 1.19793 16.58
423 1.19742 16.58
424 1.19691 16.58
425 1.1964 16.57
426 1.1959 16.56
427 1.1954 16.55
428 1.19491 16.55
429 1.19441 16.55
430 1.19392 16.54
431 1.19343 16.54
432 1.19295 16.53
433 1.19247 16.53
434 1.19199 16.53
435 1.19151 16.52
436 1.19104 16.52
437 1.19058 16.52
438 1.19011 16.52
439 1.18964 16.52
440 1.18917 16.52
441 1.1887 16.52
442 1.18822 16.52
443 1.18775 16.52
444 1.18727 16.52
445 1.18679 16.51
446 1.18631 16.51
447 1.18583 16.51
448 1.18535 16.51
449 1.18487 16.5
450 1.18439 16.49
451 1.18392 16.49
452 1.18345 16.48
453 1.18299 16.48
454 1.18252 16.47
455 1.18206 16.47
456 1.18161 16.46
457 1.18117 16.46
458 1.18073 16.45
459 1.18029 16.44
460 1.17987 16.43
461 1.17946 16.42
462 1.17905 16.42
463 1.17864 16.42
464 1.17822 16.42
465 1.17781 16.41
466 1.17741 16.4
467 1.17702 16.39
468 1.17663 16.39
469 1.17624 16.39
470 1.17585 16.39
471 1.17546 16.39
472 1.17507 16.39
473 1.17468 16.38
474 1.17431 16.37
475 1.17395 16.37
476 1.17358 16.37
477 1.17322 16.36
478 1.17288 16.35
479 1.17254 16.34
480 1.1722 16.34
481 1.17187 16.34
482 1.17154 16.33
483 1.17121 16.32
484 1.17089 16.32
485 1.17057 16.32
486 1.17025 16.32
487 1.16993 16.31
488 1.16961 16.31
489 1.1693 16.31
490 1.16899 16.3
491 1.16868 16.3
492 1.16838 16.3
493 1.16807 16.3
494 1.16777 16.3
495 1.16746 16.3
496 1.16716 16.3
497 1.16685 16.3
498 1.16655 16.3
499 1.16624 16.3
500 1.16593 16.3
501 1.16563 16.3
502 1.16532 16.3
503 1.16501 16.29
504 1.16471 16.29
505 1.1644 16.29
506 1.1641 16.29
507 1.16379 16.29
508 1.16349 16.29
509 1.16318 16.29
510 1.16288 16.28
511 1.16258 16.28
512 1.16229 16.28
513 1.16199 16.28
514 1.1617 16.27
515 1.16141 16.27
516 1.16113 16.27
517 1.16085 16.26
518 1.16058 16.26
519 1.16031 16.26
520 1.16004 16.25
521 1.15977 16.25
522 1.15951 16.24
523 1.15925 16.24
524 1.15899 16.24
525 1.15872 16.24
526 1.15846 16.24
527 1.1582 16.24
528 1.15794 16.24
529 1.15767 16.24
530 1.15741 16.24
531 1.15715 16.24
532 1.15688 16.24
533 1.15662 16.24
534 1.15635 16.24
535 1.15609 16.23
536 1.15583 16.22
537 1.15557 16.22
538 1.15532 16.22
539 1.15506 16.22
540 1.15481 16.22
541 1.15455 16.22
542 1.1543 16.22
543 1.15405 16.21
544 1.1538 16.21
545 1.15355 16.2
546 1.15331 16.2
547 1.15307 16.2
548 1.15282 16.2
549 1.15258 16.2
550 1.15234 16.19
551 1.1521 16.18
552 1.15187 16.18
553 1.15164 16.18
554 1.15141 16.18
555 1.15118 16.18
556 1.15095 16.18
557 1.15071 16.18
558 1.15048 16.18
559 1.15025 16.18
560 1.15002 16.18
561 1.14979 16.17
562 1.14957 16.16
563 1.14936 16.16
564 1.14914 16.16
565 1.14893 16.16
566 1.14871 16.16
567 1.1485 16.15
568 1.14829 16.14
569 1.14809 16.14
570 1.14789 16.14
571 1.14769 16.14
572 1.14749 16.14
573 1.14729 16.14
574 1.14709 16.14
575 1.14689 16.14
576 1.14669 16.14
577 1.1465 16.14
578 1.14631 16.13
579 1.14612 16.13
580 1.14593 16.13
581 1.14575 16.13
582 1.14556 16.13
583 1.14538 16.12
584 1.14521 16.11
585 1.14504 16.11
586 1.14487 16.11
587 1.1447 16.11
588 1.14454 16.11
589 1.14437 16.11
590 1.1442 16.11
591 1.14404 16.11
592 1.14387 16.11
593 1.1437 16.11
594 1.14354 16.11
595 1.14338 16.11
596 1.14321 16.11
597 1.14305 16.11
598 1.14288 16.11
599 1.14272 16.11
600 1.14255 16.11
601 1.14239 16.11
602 1.14223 16.11
603 1.14206 16.11
604 1.1419 16.11
605 1.14173 16.11
606 1.14157 16.11
607 1.14141 16.11
608 1.14124 16.11
609 1.14108 16.11
610 1.14091 16.11
611 1.14075 16.1
612 1.14059 16.09
613 1.14044 16.09
614 1.14028 16.09
615 1.14013 16.09
616 1.13997 16.08
617 1.13982 16.08
618 1.13967 16.08
619 1.13952 16.08
620 1.13937 16.08
621 1.13922 16.08
622 1.13907 16.07
623 1.13892 16.07
624 1.13878 16.07
625 1.13864 16.07
626 1.13849 16.07
627 1.13835 16.07
628 1.13821 16.07
629 1.13806 16.07
630 1.13792 16.07
631 1.13777 16.07
632 1.13763 16.07
633 1.13749 16.07
634 1.13735 16.07
635 1.1372 16.07
636 1.13706 16.07
637 1.13692 16.07
638 1.13677 16.07
639 1.13663 16.07
640 1.13648 16.07
641 1.13634 16.07
642 1.1362 16.07
643 1.13605 16.07
644 1.13591 16.07
645 1.13576 16.07
646 1.13562 16.07
647 1.13547 16.07
648 1.13533 16.07
649 1.13518 16.06
650 1.13504 16.06
651 1.1349 16.06
652 1.13477 16.05
653 1.13463 16.05
654 1.13449 16.04
655 1.13436 16.03
656 1.13423 16.03
657 1.13411 16.03
658 1.13398 16.03
659 1.13385 16.03
660 1.13373 16.03
661 1.1336 16.03
662 1.13347 16.03
663 1.13335 16.03
664 1.13323 16.02
665 1.13311 16.02
666 1.13299 16.01
667 1.13288 16.01
668 1.13277 16.01
669 1.13265 16.01
670 1.13254 16.01
671 1.13243 16.01
672 1.13231 16.01
673 1.1322 16.01
674 1.13209 16.01
675 1.13198 16.01
676 1.13187 16.01
677 1.13176 16.01
678 1.13165 16
679 1.13154 16
680 1.13143 16
681 1.13133 16
682 1.13122 16
683 1.13112 16
684 1.13101 16
685 1.13091 16
686 1.13081 16
687 1.1307 16
688 1.1306 16
689 1.13049 16
690 1.13039 16
691 1.13028 16
692 1.13018 16
693 1.13008 15.99
694 1.12998 15.99
695 1.12988 15.99
696 1.12977 15.99
697 1.12967 15.99
698 1.12957 15.99
699 1.12947 15.99
700 1.12937 15.99
701 1.12927 15.99
702 1.12917 15.99
703 1.12907 15.99
704 1.12896 15.99
705 1.12886 15.98
706 1.12877 15.98
707 1.12867 15.98
708 1.12857 15.98
709 1.12847 15.98
710 1.12838 15.98
711 1.12828 15.98
712 1.12818 15.98
713 1.12809 15.97
714 1.128 15.97
715 1.12791 15.97
716 1.12781 15.97
717 1.12772 15.97
718 1.12763 15.97
719 1.12754 15.97
720 1.12745 15.97
721 1.12737 15.97
722 1.12728 15.97
723 1.12719 15.97
724 1.1271 15.97
725 1.12701 15.97
726 1.12692 15.97
727 1.12683 15.97
728 1.12674 15.97
729 1.12665 15.97
730 1.12656 15.97
731 1.12647 15.97
732 1.12638 15.97
733 1.1263 15.97
734 1.1262 15.97
735 1.12612 15.97
736 1.12603 15.97
737 1.12594 15.97
738 1.12585 15.97
739 1.12576 15.97
740 1.12567 15.97
741 1.12558 15.97
742 1.12549 15.97
743 1.1254 15.97
744 1.12532 15.97
745 1.12523 15.97
746 1.12514 15.96
747 1.12506 15.96
748 1.12498 15.96
749 1.1249 15.96
750 1.12482 15.96
751 1.12474 15.96
752 1.12465 15.96
753 1.12457 15.96
754 1.12449 15.96
755 1.12441 15.95
756 1.12434 15.94
757 1.12427 15.94
758 1.1242 15.94
759 1.12413 15.94
760 1.12405 15.94
761 1.12398 15.94
762 1.12391 15.94
763 1.12384 15.94
764 1.12377 15.94
765 1.1237 15.94
766 1.12363 15.94
767 1.12356 15.94
768 1.12349 15.94
769 1.12342 15.94
770 1.12335 15.94
771 1.12329 15.94
772 1.12322 15.94
773 1.12315 15.94
774 1.12308 15.94
775 1.12301 15.94
776 1.12294 15.94
777 1.12288 15.94
778 1.12281 15.94
779 1.12274 15.94
780 1.12268 15.94
781 1.12261 15.93
782 1.12255 15.93
783 1.12249 15.93
784 1.12243 15.93
785 1.12238 15.93
786 1.12232 15.93
787 1.12226 15.93
788 1.1222 15.93
789 1.12214 15.93
790 1.12209 15.93
791 1.12203 15.92
792 1.12198 15.91
793 1.12193 15.91
794 1.12189 15.91
795 1.12184 15.91
796 1.12179 15.91
797 1.12174 15.91
798 1.1217 15.91
799 1.12165 15.91
800 1.12161 15.91
801 1.12156 15.91
802 1.12152 15.91
803 1.12147 15.91
804 1.12143 15.91
805 1.12138 15.91
806 1.12134 15.91
807 1.1213 15.91
808 1.12125 15.91
809 1.12121 15.91
810 1.12117 15.91
811 1.12113 15.91
812 1.12109 15.91
813 1.12104 15.91
814 1.121 15.91
815 1.12096 15.91
816 1.12092 15.91
817 1.12088 15.91
818 1.12084 15.9
819 1.12081 15.9
820 1.12077 15.9
821 1.12073 15.9
822 1.1207 15.9
823 1.12066 15.9
824 1.12063 15.9
825 1.12059 15.9
826 1.12056 15.9
827 1.12052 15.9
828 1.12049 15.9
829 1.12045 15.9
830 1.12042 15.9
831 1.12039 15.9
832 1.12035 15.9
833 1.12032 15.9
834 1.12029 15.9
835 1.12026 15.9
836 1.12022 15.9
837 1.12019 15.9
838 1.12016 15.9
839 1.12013 15.9
840 1.1201 15.9
841 1.12007 15.9
842 1.12003 15.9
843 1.12 15.9
844 1.11997 15.9
845 1.11994 15.9
846 1.11991 15.9
847 1.11988 15.9
848 1.11985 15.9
849 1.11982 15.9
850 1.11979 15.9
851 1.11976 15.9
852 1.11974 15.9
853 1.1197 15.9
854 1.11968 15.9
855 1.11965 15.9
856 1.11962 15.9
857 1.11959 15.9
858 1.11956 15.9
859 1.11954 15.9
860 1.11951 15.9
861 1.11948 15.9
862 1.11945 15.9
863 1.11943 15.9
864 1.1194 15.9
865 1.11937 15.9
866 1.11934 15.9
867 1.11932 15.9
868 1.11929 15.9
869 1.11926 15.9
870 1.11924 15.9
871 1.11921 15.9
872 1.11918 15.9
873 1.11916 15.9
874 1.11913 15.9
875 1.11911 15.9
876 1.11908 15.9
877 1.11905 15.9
878 1.11903 15.9
879 1.11901 15.9
880 1.11898 15.9
881 1.11895 15.9
882 1.11893 15.9
883 1.1189 15.9
884 1.11888 15.9
885 1.11885 15.9
886 1.11883 15.9
887 1.11881 15.9
888 1.11878 15.9
889 1.11876 15.9
890 1.11873 15.9
891 1.11871 15.9
892 1.11869 15.9
893 1.11866 15.9
894 1.11864 15.9
895 1.11861 15.9
896 1.11859 15.9
897 1.11857 15.9
898 1.11854 15.9
899 1.11852 15.9
900 1.11849 15.9
901 1.11847 15.9
902 1.11845 15.9
903 1.11843 15.9
904 1.1184 15.9
905 1.11838 15.9
906 1.11836 15.9
907 1.11833 15.9
908 1.11831 15.9
909 1.11829 15.9
910 1.11827 15.9
911 1.11824 15.9
912 1.11822 15.9
913 1.1182 15.9
914 1.11818 15.9
915 1.11816 15.9
916 1.11813 15.9
917 1.11811 15.9
918 1.11809 15.9
919 1.11807 15.9
920 1.11804 15.9
921 1.11802 15.9
922 1.118 15.9
923 1.11798 15.9
924 1.11796 15.9
925 1.11794 15.9
926 1.11791 15.9
927 1.11789 15.9
928 1.11787 15.9
929 1.11785 15.9
930 1.11783 15.9
931 1.11781 15.9
932 1.11779 15.9
933 1.11777 15.9
934 1.11774 15.9
935 1.11772 15.89
936 1.1177 15.89
937 1.11769 15.89
938 1.11766 15.89
939 1.11764 15.89
940 1.11763 15.89
941 1.11761 15.89
942 1.11759 15.89
943 1.11757 15.89
944 1.11755 15.89
945 1.11753 15.89
946 1.11751 15.89
947 1.11749 15.89
948 1.11747 15.89
949 1.11746 15.89
950 1.11744 15.89
951 1.11742 15.89
952 1.1174 15.89
953 1.11738 15.89
954 1.11736 15.88
955 1.11735 15.88
956 1.11733 15.88
957 1.11731 15.88
958 1.11729 15.88
959 1.11728 15.88
960 1.11726 15.88
961 1.11724 15.88
962 1.11722 15.88
963 1.11721 15.88
964 1.11719 15.88
965 1.11717 15.88
966 1.11715 15.88
967 1.11714 15.88
968 1.11712 15.88
969 1.11711 15.88
970 1.11709 15.88
971 1.11707 15.88
972 1.11706 15.88
973 1.11704 15.88
974 1.11702 15.88
975 1.11701 15.88
976 1.11699 15.88
977 1.11697 15.88
978 1.11696 15.88
979 1.11694 15.88
980 1.11693 15.88
981 1.11691 15.88
982 1.11689 15.88
983 1.11688 15.88
984 1.11686 15.88
985 1.11684 15.88
986 1.11683 15.88
987 1.11681 15.88
988 1.1168 15.88
989 1.11678 15.88
990 1.11677 15.88
991 1.11675 15.88
992 1.11673 15.88
993 1.11672 15.88
994 1.1167 15.88
995 1.11669 15.88
996 1.11667 15.88
997 1.11665 15.88
998 1.11664 15.88
999 1.11662 15.88
