10 22 29.939916 1.000000
10 23 32.742364 1.000000
10 24 35.020069 1.000000
11 19 33.261758 1.000000
11 20 29.864387 1.000000
11 21 30.074583 1.000000
11 22 37.058960 1.000000
11 23 29.626256 1.000000
11 24 35.005099 1.000000
11 25 38.337652 1.000000
11 26 33.934254 1.000000
11 27 28.600782 1.000000
12 19 32.971629 1.000000
12 20 31.767914 1.000000
12 21 25.861995 1.000000
12 22 41.325033 1.000000
12 23 59.328287 1.000000
12 24 64.025462 1.000000
12 25 56.143679 1.000000
12 26 35.397962 1.000000
12 27 24.271881 1.000000
12 28 32.890249 1.000000
13 19 32.144323 1.000000
13 20 32.117692 1.000000
13 21 28.794304 1.000000
13 22 42.615575 1.000000
13 23 66.389532 1.000000
13 24 73.783531 1.000000
13 25 75.373920 1.000000
13 26 70.716499 1.000000
13 27 54.992249 1.000000
13 28 38.317719 1.000000
13 29 31.675465 1.000000
14 17 32.122473 1.000000
14 18 30.036047 1.000000
14 19 32.595444 1.000000
14 20 31.698321 1.000000
14 21 31.734164 1.000000
14 22 41.627294 1.000000
14 23 61.653244 1.000000
14 24 70.266750 1.000000
14 25 75.108571 1.000000
14 26 77.328587 1.000000
14 27 70.746260 1.000000
14 28 42.381615 1.000000
14 29 30.757447 1.000000
15 16 30.363188 1.000000
15 17 32.796819 1.000000
15 18 32.011350 1.000000
15 19 31.007222 1.000000
15 20 34.049458 1.000000
15 21 35.310704 1.000000
15 22 42.577307 1.000000
15 23 56.909362 1.000000
15 24 64.715627 1.000000
15 25 69.294601 1.000000
15 26 71.650340 1.000000
15 27 67.971073 1.000000
15 28 43.071123 1.000000
15 29 31.372752 1.000000
16 16 29.703039 1.000000
16 17 26.350359 1.000000
16 18 33.935167 1.000000
16 19 37.202656 1.000000
16 20 41.365772 1.000000
16 21 49.581017 1.000000
16 22 54.775887 1.000000
16 23 60.595154 0.987715
16 24 66.601927 0.934276
16 25 69.325277 0.905603
16 26 68.812991 0.900882
16 27 64.703527 0.914545
16 28 42.996026 0.958090
16 29 31.917900 1.000000
17 16 28.434757 1.000000
17 17 25.138674 1.000000
17 18 29.929487 1.000000
17 19 40.268578 1.000000
17 20 45.049898 1.000000
17 21 54.915596 1.000000
17 22 64.461071 0.872504
17 23 70.645243 0.769591
17 24 75.795379 0.713678
17 25 77.001943 0.681466
17 26 73.986515 0.669319
17 27 68.982174 0.675115
17 28 51.114616 0.692206
17 29 37.266625 0.766388
18 16 29.993662 1.000000
18 17 27.460876 1.000000
18 18 30.892168 1.000000
18 19 40.663822 1.000000
18 20 43.636188 1.000000
18 21 54.738967 0.834199
18 22 68.373565 0.669766
18 23 74.872497 0.573757
18 24 78.577350 0.516490
18 25 79.902494 0.478608
18 26 76.855186 0.457399
18 27 70.671258 0.456668
18 28 56.311694 0.467030
18 29 44.156033 0.503845
19 17 24.131164 1.000000
19 18 28.598686 1.000000
19 19 37.467566 1.000000
19 20 40.186900 0.830674
19 21 53.546134 0.591580
19 22 69.208486 0.457545
19 23 74.386019 0.368884
19 24 75.575613 0.307705
19 25 75.783697 0.261792
19 26 72.294236 0.227132
19 27 64.486152 0.215338
19 28 51.094677 0.224437
19 29 40.923891 0.253322
20 17 28.025341 1.000000
20 18 27.876235 1.000000
20 19 36.731698 0.779165
20 20 41.408342 0.514897
20 21 54.698785 0.340179
20 22 68.505967 0.236809
20 23 73.100644 0.150300
20 24 73.093328 0.078464
20 25 72.710825 0.017346
20 26 70.775727 -0.038481
20 27 62.651890 -0.075130
20 28 47.021475 -0.084282
20 29 35.576272 -0.068845
21 16 33.187690 1.000000
21 17 34.009640 0.954270
21 18 30.516609 0.648028
21 19 41.371820 0.411772
21 20 46.960134 0.228652
21 21 55.286358 0.099320
21 22 64.867954 0.009107
21 23 70.718883 -0.080293
21 24 72.582046 -0.161791
21 25 73.709803 -0.232100
21 26 74.751874 -0.297219
21 27 68.074715 -0.353008
21 28 50.798008 -0.394143
21 29 35.341949 -0.420210
22 16 36.581012 0.780158
22 17 36.882336 0.611130
22 18 38.004053 0.311887
22 19 46.795706 0.117482
22 20 49.773594 -0.032026
22 21 54.309076 -0.145557
22 22 62.159737 -0.230409
22 23 71.779623 -0.312617
22 24 76.423417 -0.391435
22 25 76.462076 -0.465795
22 26 76.630881 -0.539386
22 27 70.828680 -0.611448
22 28 54.448136 -0.673449
22 29 35.437720 -0.735609
23 16 39.646895 0.558462
23 17 38.261812 0.349352
23 18 43.583200 0.068193
23 19 52.813740 -0.120050
23 20 56.740969 -0.262700
23 21 60.035202 -0.371087
23 22 65.959396 -0.450657
23 23 76.076505 -0.517978
23 24 81.642057 -0.590597
23 25 80.897101 -0.673991
23 26 80.686036 -0.764219
23 27 75.216563 -0.858942
23 28 56.213642 -0.952748
23 29 35.074253 -1.046729
24 16 35.245172 0.418519
24 17 32.778025 0.158668
24 18 42.125272 -0.144645
24 19 62.755605 -0.299051
24 20 71.313502 -0.418932
24 21 72.872248 -0.524850
24 22 74.626489 -0.614898
24 23 79.782686 -0.686566
24 24 83.502542 -0.760642
24 25 83.627804 -0.851993
24 26 84.536910 -0.956682
24 27 81.060641 -1.074289
24 28 62.744143 -1.215375
24 29 35.074267 -1.386608
24 30 0.000000 -1.654800
25 16 34.900004 0.308459
25 17 29.126250 0.000943
25 18 47.473280 -0.261423
25 19 72.595939 -0.396935
25 20 81.633259 -0.513652
25 21 82.156773 -0.626716
25 22 82.449242 -0.732317
25 23 84.454502 -0.821419
25 24 85.194440 -0.904338
25 25 82.189966 -1.002368
25 26 79.844526 -1.125019
25 27 79.542204 -1.269589
25 28 72.607932 -1.442211
25 29 53.915428 -1.635692
25 30 21.010082 -1.887763
25 31 0.000000 -2.093312
26 15 46.193805 0.523169
26 16 44.902937 0.300860
26 17 46.192619 0.001953
26 18 63.042398 -0.225428
26 19 77.359994 -0.400182
26 20 85.542379 -0.550004
26 21 88.155782 -0.685274
26 22 88.115732 -0.810242
26 23 89.068596 -0.920827
26 24 87.012285 -1.019604
26 25 78.216236 -1.130910
26 26 70.013810 -1.281375
26 27 72.359395 -1.459574
26 28 80.173883 -1.637257
26 29 77.463035 -1.807757
26 30 57.092103 -1.981846
26 31 16.856031 -2.245341
26 32 0.000000 -2.417526
27 12 42.246394 1.000000
27 13 44.094911 1.000000
27 14 50.986876 0.863344
27 15 53.088226 0.602805
27 16 52.228626 0.338198
27 17 59.795696 0.079932
27 18 67.338602 -0.144822
27 19 71.431535 -0.362402
27 20 80.904337 -0.560654
27 21 89.640133 -0.723168
27 22 92.527952 -0.864772
27 23 94.109875 -0.990743
27 24 89.098576 -1.106459
27 25 75.731225 -1.237343
27 26 63.977723 -1.417065
27 27 64.827221 -1.632901
27 28 80.804282 -1.803268
27 29 86.126486 -1.956343
27 30 70.930311 -2.120485
27 31 42.001893 -2.338188
27 32 0.000000 -2.673630
27 33 0.000000 -2.766788
27 34 0.000000 -2.823666
28 11 34.226421 1.000000
28 12 34.773014 1.000000
28 13 42.230286 1.000000
28 14 54.591953 0.865258
28 15 60.771643 0.625061
28 16 63.975305 0.400575
28 17 67.091265 0.187230
28 18 63.176416 -0.032098
28 19 58.271092 -0.286201
28 20 63.610309 -0.550527
28 21 75.707667 -0.756584
28 22 84.483056 -0.920008
28 23 91.311732 -1.055844
28 24 89.200722 -1.180703
28 25 77.082142 -1.323884
28 26 65.326253 -1.512858
28 27 60.457506 -1.752465
28 28 72.011515 -1.943058
28 29 81.972765 -2.097015
28 30 77.045207 -2.268887
28 31 65.008905 -2.475509
28 32 44.552281 -2.721413
28 33 0.000000 -3.036106
28 34 0.000000 -3.058003
28 35 0.000000 -3.123505
28 36 0.000000 -3.181481
28 37 0.000000 -3.200934
29 11 28.799200 1.000000
29 12 28.675637 1.000000
29 13 32.566008 1.000000
29 14 50.454708 0.877917
29 15 66.949928 0.652166
29 16 74.429582 0.473972
29 17 69.501447 0.303949
29 18 54.861781 0.111656
29 19 42.343063 -0.150225
29 20 37.673830 -0.485913
29 21 42.538677 -0.779162
29 22 52.918571 -0.987257
29 23 67.033505 -1.134328
29 24 74.442743 -1.261650
29 25 68.952551 -1.409378
29 26 58.023241 -1.599443
29 27 47.908782 -1.852199
29 28 50.747373 -2.074951
29 29 60.892223 -2.235469
29 30 66.224016 -2.424067
29 31 74.374843 -2.618872
29 32 73.884086 -2.802817
29 33 51.406264 -2.997623
29 34 0.000000 -3.304918
29 35 0.000000 -3.309768
29 36 0.000000 -3.331477
29 37 0.000000 -3.350654
30 11 28.914610 1.000000
30 12 26.784411 1.000000
30 13 30.287563 1.000000
30 14 36.913442 0.983083
30 15 58.050746 0.712326
30 16 71.633204 0.545577
30 17 67.171292 0.405679
30 18 51.863831 0.258171
30 19 37.938931 0.046651
30 20 30.778190 -0.262377
30 21 15.888343 -0.685815
30 22 0.000000 -1.097938
30 23 18.814009 -1.262317
30 24 38.965254 -1.359564
30 25 39.323785 -1.512987
30 26 25.620015 -1.741939
30 27 0.000000 -2.094107
30 28 0.000000 -2.318158
30 29 14.862246 -2.431260
30 30 29.946824 -2.578563
30 31 49.616166 -2.746425
30 32 57.183560 -2.918060
30 33 32.006657 -3.159987
30 34 0.000000 -3.396829
30 35 0.000000 -3.452645
30 36 0.000000 -3.493774
30 37 0.000000 -3.509591
31 11 28.761297 1.000000
31 12 27.208184 1.000000
31 13 28.780240 1.000000
31 14 34.823342 1.000000
31 15 41.428065 0.820056
31 16 59.913972 0.617860
31 17 65.369153 0.489022
31 18 58.124426 0.368566
31 19 45.625482 0.210443
31 20 34.349519 -0.027782
31 21 27.343421 -0.343605
31 22 0.000000 -0.830621
31 23 0.000000 -1.185941
31 24 0.000000 -1.438648
31 25 0.000000 -1.599569
31 26 0.000000 -1.786342
31 27 0.000000 -2.003516
31 28 0.000000 -2.213154
31 29 0.000000 -2.390700
31 30 0.000000 -2.593338
31 31 0.000000 -2.828424
31 32 0.000000 -3.015709
31 33 0.000000 -3.135379
31 34 0.000000 -3.278382
31 35 0.000000 -3.444879
31 36 0.000000 -3.543409
31 37 0.000000 -3.576123
32 14 30.533607 1.000000
32 15 31.914177 0.919059
32 16 52.562826 0.673928
32 17 64.755105 0.536418
32 18 64.711334 0.418053
32 19 55.317634 0.278584
32 20 43.326895 0.106887
32 21 33.146149 -0.120034
32 22 20.745321 -0.394880
32 24 0.000000 -1.325552
32 25 0.000000 -1.474117
32 26 0.000000 -1.650061
32 27 0.000000 -1.845081
32 28 0.000000 -2.044891
32 29 0.000000 -2.213168
32 30 0.000000 -2.382019
32 31 0.000000 -2.531596
32 32 0.000000 -2.640048
32 33 0.000000 -2.782947
32 34 0.000000 -3.067920
32 35 0.000000 -3.382421
32 36 0.000000 -3.540268
32 37 0.000000 -3.598247
33 19 58.593890 0.236954
33 20 53.911379 0.126377
33 21 45.624806 -0.012078
33 22 33.782910 -0.150099
33 26 0.000000 -1.535244
33 27 0.000000 -1.697338
33 28 0.000000 -1.896156
33 29 0.000000 -2.070419
33 30 0.000000 -2.225128
33 31 0.000000 -2.320709
33 32 0.000000 -2.373669
33 33 0.000000 -2.482628
34 20 60.336729 0.092415
34 21 55.490795 0.013203
34 22 45.565921 -0.078899
