10 21 99.785754 0.709327
10 22 90.310580 0.640091
10 23 82.979124 0.576280
11 20 90.582655 0.789497
11 21 84.500913 0.699556
11 22 79.818931 0.578783
11 23 77.334684 0.472799
11 24 68.928470 0.372123
12 20 70.666053 0.794750
12 21 66.356890 0.654883
12 22 70.226208 0.477833
12 23 74.613084 0.338399
12 24 70.582203 0.234866
13 20 52.916075 0.823937
13 21 50.133357 0.600804
13 22 59.404462 0.346908
13 23 70.760944 0.173610
13 24 70.399103 0.037305
13 25 55.981390 -0.132342
13 26 38.224682 -0.306623
13 34 0.000000 -1.807843
13 35 0.000000 -1.921850
13 36 0.000000 -2.072979
13 37 0.000000 -2.208648
13 38 0.000000 -2.335387
13 39 0.000000 -2.464221
13 40 0.000000 -2.607011
13 41 0.000000 -2.742530
13 42 0.000000 -2.855000
13 43 0.000000 -2.966472
13 44 0.000000 -3.062119
14 20 42.119941 0.870601
14 21 38.376635 0.555614
14 22 47.188861 0.194499
14 23 64.409105 -0.003018
14 24 69.203554 -0.148876
14 25 58.562222 -0.311054
14 26 38.820339 -0.511593
14 27 0.000000 -0.889689
14 29 0.000000 -1.299610
14 30 0.000000 -1.415704
14 31 0.000000 -1.567560
14 32 0.000000 -1.690764
14 33 0.000000 -1.789573
14 34 0.000000 -1.893376
14 35 0.000000 -2.045796
14 36 0.000000 -2.221445
14 37 0.000000 -2.365128
14 38 0.000000 -2.477891
14 39 0.000000 -2.592193
14 40 0.000000 -2.732698
14 41 0.000000 -2.856922
14 42 0.000000 -2.951297
14 43 0.000000 -3.043561
14 44 0.000000 -3.127380
14 45 0.000000 -3.190778
15 20 38.283131 0.848505
15 21 35.357037 0.450550
15 22 40.076010 0.025770
15 23 55.136039 -0.201021
15 24 62.164736 -0.359326
15 25 56.558167 -0.533181
15 26 38.912404 -0.743246
15 27 0.000000 -1.138479
15 28 0.000000 -1.331796
15 29 0.000000 -1.479944
15 30 0.000000 -1.599923
15 31 0.000000 -1.739269
15 32 0.000000 -1.846741
15 33 0.000000 -1.941630
15 34 0.000000 -2.072952
15 35 0.000000 -2.248970
15 36 0.000000 -2.423238
15 37 0.000000 -2.555160
15 38 0.000000 -2.651717
15 39 0.000000 -2.753650
15 40 0.000000 -2.877441
15 41 0.000000 -2.995449
15 42 0.000000 -3.100638
15 43 0.000000 -3.172459
15 44 0.000000 -3.204276
15 45 0.000000 -3.230731
16 12 71.648896 1.000000
16 13 65.851538 1.000000
16 14 59.857280 1.000000
16 15 55.786655 1.000000
16 21 30.506558 0.151119
16 22 29.291226 -0.211624
16 23 38.817509 -0.458584
16 24 49.992778 -0.614545
16 25 48.679386 -0.800917
16 26 31.964139 -1.045546
16 27 0.000000 -1.427118
16 28 0.000000 -1.612961
16 29 0.000000 -1.770458
16 30 0.000000 -1.910248
16 31 0.000000 -2.045077
16 32 0.000000 -2.141670
16 33 0.000000 -2.212325
16 34 0.000000 -2.300228
16 35 0.000000 -2.413173
16 36 0.000000 -2.535396
16 37 0.000000 -2.639797
16 38 0.000000 -2.728481
16 39 0.000000 -2.824775
16 40 0.000000 -2.917122
16 41 0.000000 -3.002850
16 42 0.000000 -3.106000
16 43 0.000000 -3.187938
16 44 0.000000 -3.216766
16 45 0.000000 -3.230191
17 12 59.011635 1.000000
17 13 56.303221 1.000000
17 14 52.610980 0.934137
17 15 48.921325 0.784590
17 16 44.809866 0.567086
17 21 13.961061 -0.285978
17 22 0.000000 -0.614897
17 23 0.000000 -0.915827
17 24 30.836287 -0.979562
17 25 34.456395 -1.175024
17 26 0.000000 -1.553720
17 27 0.000000 -1.696139
17 28 0.000000 -1.866347
17 29 0.000000 -2.017157
17 30 0.000000 -2.149143
17 31 0.000000 -2.278310
17 32 0.000000 -2.367768
17 33 0.000000 -2.403477
17 34 0.000000 -2.427133
17 35 0.000000 -2.471589
17 36 0.000000 -2.547852
17 37 0.000000 -2.635683
17 38 0.000000 -2.713246
17 39 0.000000 -2.783108
17 40 0.000000 -2.831757
17 41 0.000000 -2.867228
17 42 0.000000 -2.941034
17 43 0.000000 -3.043514
17 44 0.000000 -3.122025
17 45 0.000000 -3.169129
18 12 47.704680 0.985855
18 13 49.174064 0.822803
18 14 50.372778 0.630741
18 15 48.350917 0.453995
18 16 48.044561 0.254466
18 17 42.022012 0.019171
18 18 26.127308 -0.174362
18 19 0.000000 -0.407974
18 21 0.000000 -0.673330
18 22 0.000000 -0.859899
18 23 0.000000 -1.149469
18 24 0.000000 -1.437909
18 25 0.000000 -1.643338
18 26 0.000000 -1.752573
18 27 0.000000 -1.855038
18 28 0.000000 -1.978949
18 29 0.000000 -2.098366
18 30 0.000000 -2.206147
18 31 0.000000 -2.317834
18 32 0.000000 -2.406283
18 33 0.000000 -2.430136
18 34 0.000000 -2.429782
18 35 0.000000 -2.462532
18 36 0.000000 -2.523878
18 37 0.000000 -2.590133
18 38 0.000000 -2.646966
18 39 0.000000 -2.684999
18 40 0.000000 -2.703642
18 41 0.000000 -2.720133
18 42 0.000000 -2.778180
18 43 0.000000 -2.895563
18 44 0.000000 -3.001203
19 12 47.108290 0.709646
19 13 50.824737 0.523940
19 14 56.866731 0.338285
19 15 56.013293 0.159980
19 16 55.444887 -0.024078
19 17 44.653819 -0.227898
19 18 10.671407 -0.526279
19 19 0.000000 -0.679816
19 20 0.000000 -0.814406
19 21 0.000000 -0.954292
19 22 0.000000 -1.137783
19 23 0.000000 -1.388573
19 24 0.000000 -1.617694
19 25 0.000000 -1.765987
19 26 0.000000 -1.855448
19 27 0.000000 -1.936222
19 28 0.000000 -2.016786
19 29 0.000000 -2.099722
19 30 0.000000 -2.178610
19 31 0.000000 -2.263123
19 32 0.000000 -2.345708
19 33 0.000000 -2.378146
19 34 0.000000 -2.383549
19 35 0.000000 -2.416591
19 36 0.000000 -2.452026
19 37 0.000000 -2.479285
19 38 0.000000 -2.521256
19 39 0.000000 -2.559692
19 40 0.000000 -2.577872
19 41 0.000000 -2.598590
19 42 0.000000 -2.654470
20 12 45.888717 0.476910
20 13 54.800773 0.274263
20 14 62.728414 0.106051
20 15 63.175072 -0.068077
20 16 64.248908 -0.245620
20 17 57.347663 -0.436251
20 18 36.271016 -0.686602
20 19 0.000000 -1.032000
20 20 0.000000 -1.125045
20 21 0.000000 -1.251168
20 22 0.000000 -1.423447
20 23 0.000000 -1.607628
20 24 0.000000 -1.754760
20 25 0.000000 -1.855260
20 26 0.000000 -1.931046
20 27 0.000000 -1.990308
20 28 0.000000 -2.041717
20 29 0.000000 -2.099471
20 30 0.000000 -2.160221
20 31 0.000000 -2.223835
20 32 0.000000 -2.276812
20 33 0.000000 -2.287374
20 34 0.000000 -2.282948
20 35 0.000000 -2.294070
20 36 0.000000 -2.292436
20 37 0.000000 -2.292562
20 38 0.000000 -2.327960
20 39 0.000000 -2.389142
20 40 0.000000 -2.451609
20 41 0.000000 -2.487450
21 11 36.532889 0.755845
21 12 37.625229 0.357387
21 13 55.714184 0.091247
21 14 65.259076 -0.078558
21 15 68.133127 -0.246532
21 16 71.138695 -0.412863
21 17 68.010071 -0.590736
21 18 57.419879 -0.801044
21 19 35.817437 -1.075957
21 20 0.000000 -1.437204
21 21 0.000000 -1.549077
21 22 0.000000 -1.665271
21 23 0.000000 -1.772823
21 24 0.000000 -1.856127
21 25 0.000000 -1.920760
21 26 0.000000 -1.969941
21 27 0.000000 -2.002415
21 28 0.000000 -2.031655
21 29 0.000000 -2.064101
21 30 0.000000 -2.111048
21 31 0.000000 -2.173321
21 32 0.000000 -2.201154
21 33 0.000000 -2.164408
21 34 0.000000 -2.116193
21 35 0.000000 -2.091023
21 36 0.000000 -2.087324
21 37 0.000000 -2.123434
21 38 0.000000 -2.181092
21 39 0.000000 -2.235717
22 11 34.345655 0.737033
22 12 28.617006 0.252207
22 13 52.953787 -0.060695
22 14 67.833430 -0.226633
22 15 72.385918 -0.379900
22 16 73.933695 -0.536273
22 17 74.164760 -0.703807
22 18 72.585590 -0.882236
22 19 64.904135 -1.074599
22 20 50.861833 -1.287152
22 21 26.122243 -1.562421
22 22 0.000000 -1.820070
22 23 0.000000 -1.864379
22 24 0.000000 -1.890482
22 25 0.000000 -1.914508
22 26 0.000000 -1.937393
22 27 0.000000 -1.957284
22 28 0.000000 -1.978934
22 29 0.000000 -1.983676
22 30 0.000000 -1.994145
22 31 0.000000 -2.042382
22 32 0.000000 -2.059870
22 33 0.000000 -1.994102
22 34 0.000000 -1.911711
22 35 0.000000 -1.881196
22 36 0.000000 -1.903453
23 11 34.459898 0.677205
23 12 27.828734 0.181962
23 13 51.012093 -0.167659
23 14 69.881725 -0.328959
23 15 74.957582 -0.470772
23 16 76.210361 -0.617976
23 17 79.877985 -0.769013
23 18 85.139735 -0.913014
23 19 84.611685 -1.053061
23 20 75.653402 -1.209365
23 21 59.172806 -1.402854
23 22 23.736572 -1.701363
23 23 0.000000 -1.873796
23 24 0.000000 -1.851420
23 25 0.000000 -1.839063
23 26 0.000000 -1.849823
23 27 0.000000 -1.880517
23 28 0.000000 -1.915545
23 29 0.000000 -1.900787
23 30 0.000000 -1.854484
23 31 0.000000 -1.839641
23 32 0.000000 -1.817430
23 33 0.000000 -1.755376
23 34 0.000000 -1.717166
23 35 0.000000 -1.731144
24 11 34.893756 0.623476
24 12 28.406685 0.143555
24 13 50.587921 -0.214073
24 14 71.057605 -0.373928
24 15 77.859439 -0.506341
24 16 81.310045 -0.637993
24 17 87.147604 -0.763919
24 18 94.182867 -0.874685
24 19 94.193566 -0.986866
24 20 83.442957 -1.122485
24 21 63.687779 -1.301230
24 22 29.158643 -1.567085
24 23 0.000000 -1.754527
24 24 0.000000 -1.718872
24 25 0.000000 -1.717621
24 26 18.080172 -1.628495
24 27 42.083920 -1.510767
24 28 9.557164 -1.762292
24 29 0.000000 -1.784752
24 30 0.000000 -1.689650
24 31 0.000000 -1.592259
24 32 0.000000 -1.537518
24 33 0.000000 -1.548442
24 34 0.000000 -1.593082
25 11 36.396121 0.592884
25 12 30.323418 0.143921
25 13 52.130031 -0.197145
25 14 74.190763 -0.349248
25 15 82.575154 -0.469997
25 16 86.225365 -0.586805
25 17 91.618062 -0.691152
25 18 96.087698 -0.781092
25 19 91.270433 -0.880954
25 20 74.119902 -1.012684
25 21 44.699436 -1.212459
25 22 0.000000 -1.511617
25 23 0.000000 -1.473582
25 24 0.000000 -1.458300
25 25 0.000000 -1.518910
25 26 50.966985 -1.264880
25 27 64.254486 -1.230442
25 28 46.056999 -1.326745
25 29 0.000000 -1.561031
25 30 0.000000 -1.427616
25 31 0.000000 -1.302890
25 32 0.000000 -1.279571
26 11 39.105343 0.605564
26 12 34.064011 0.190312
26 13 55.687035 -0.123463
26 14 76.569274 -0.271990
26 15 83.979649 -0.387168
26 16 86.173765 -0.494093
26 17 90.351301 -0.580973
26 18 92.075354 -0.651620
26 19 81.442929 -0.735515
26 20 55.965678 -0.862505
26 21 7.647611 -1.142813
26 22 0.000000 -1.151716
26 23 0.000000 -1.118199
26 24 0.000000 -1.144078
26 25 27.525012 -1.072773
26 26 63.307934 -0.975110
26 27 71.459508 -0.965333
26 28 54.774375 -1.003971
26 29 36.352326 -1.053594
26 30 0.000000 -1.200669
26 31 0.000000 -1.069550
27 11 39.411570 0.695138
27 12 36.146375 0.288301
27 13 57.393969 -0.014523
27 14 75.200095 -0.166815
27 15 81.100791 -0.279972
27 16 82.560923 -0.377235
27 17 87.150789 -0.443331
27 18 87.907985 -0.487268
27 19 74.640242 -0.534299
27 20 49.540596 -0.598979
27 21 12.493052 -0.744862
27 22 0.000000 -0.766907
27 23 0.000000 -0.790647
27 24 0.000000 -0.901756
27 25 41.297846 -0.759990
27 26 69.299736 -0.705999
27 27 75.167457 -0.703197
27 28 61.994185 -0.711284
27 29 53.718597 -0.722830
28 11 33.886117 0.915716
28 12 31.036756 0.468659
28 13 52.208297 0.122354
28 14 69.693428 -0.040938
28 15 74.879513 -0.150362
28 16 75.581418 -0.235686
28 17 80.926094 -0.280409
28 18 83.597220 -0.296267
28 19 73.820068 -0.300298
28 20 54.307526 -0.290752
28 21 34.346524 -0.285027
28 22 0.000000 -0.473050
28 23 0.000000 -0.482699
28 25 41.695204 -0.459735
28 26 71.631467 -0.439238
28 27 78.456789 -0.450402
28 28 70.135287 -0.459415
28 29 64.165370 -0.476669
29 11 31.433467 1.000000
29 12 34.037269 0.748868
29 13 42.602974 0.320800
29 14 58.325766 0.118813
29 15 62.926400 0.014351
29 16 63.650954 -0.058894
29 17 72.361145 -0.087943
29 18 81.090059 -0.089574
29 19 76.903724 -0.074106
29 20 60.051917 -0.022184
29 21 41.480233 0.076360
29 24 10.729308 0.037176
29 25 41.957194 -0.110671
29 26 74.880808 -0.168966
29 27 82.004335 -0.209884
29 28 76.840754 -0.239637
29 29 71.232494 -0.271737
30 12 34.237432 0.885657
30 13 40.883667 0.527341
30 14 49.266739 0.333260
30 15 50.836641 0.252936
30 16 53.168643 0.180596
30 17 66.651860 0.136988
30 18 80.474331 0.118169
30 19 78.155581 0.130431
30 20 62.005470 0.212200
30 21 44.270986 0.410624
30 22 43.211968 0.758160
30 23 49.965220 0.858899
30 24 30.713426 0.396692
30 25 57.392232 0.173184
30 26 83.959850 0.064051
30 27 89.311626 -0.000292
30 28 82.138663 -0.049727
30 29 71.912167 -0.095091
31 14 47.956950 0.542019
31 15 52.051551 0.549043
31 16 52.153582 0.467901
31 17 64.895957 0.377269
31 18 77.042621 0.321007
31 19 70.810032 0.321855
31 20 53.260992 0.429594
31 21 44.343864 0.687218
31 22 47.599253 0.929333
31 23 47.704675 0.849629
31 24 48.780002 0.516567
31 25 77.872318 0.356532
31 26 93.625052 0.243762
31 27 94.805924 0.169650
31 28 82.496884 0.112409
31 29 65.263968 0.066445
32 15 66.662155 0.769598
32 16 63.256360 0.704249
32 17 68.293848 0.602329
32 18 69.657941 0.527178
32 19 59.827321 0.526312
32 20 43.853947 0.672916
32 21 43.842366 0.991896
32 22 50.391631 1.000000
32 23 46.198684 0.817801
32 24 74.249813 0.619410
32 25 95.203334 0.493534
32 26 98.046873 0.391456
32 27 92.347956 0.317851
32 28 72.882556 0.264766
32 29 50.689953 0.239026
33 15 107.416642 0.865463
33 16 94.136777 0.833020
33 17 80.594610 0.774853
33 18 67.519910 0.727463
33 19 53.433533 0.709423
33 21 46.310533 1.000000
33 22 45.865570 1.000000
33 23 52.282904 0.887447
33 24 86.805699 0.721592
33 25 99.453081 0.608881
33 26 93.612080 0.519362
33 27 84.343551 0.454649
33 28 65.534326 0.409786
33 29 47.613407 0.431346
34 15 148.769724 0.900967
34 16 127.097494 0.885722
34 17 95.591988 0.865344
34 18 73.010552 0.858982
34 21 52.031863 1.000000
34 22 47.717002 1.000000
34 23 54.882053 1.000000
34 24 80.827075 0.829794
34 25 90.092228 0.719132
34 26 79.786849 0.645703
34 27 67.621061 0.600805
35 21 67.327312 1.000000
35 22 56.774931 1.000000
35 23 54.084231 1.000000
35 24 70.843066 0.925050
35 25 82.807693 0.818232
35 26 73.013763 0.772433
35 27 57.044397 0.764828
