0.00 0.225190 3.66
1.00 0.224431 3.66
2.00 0.223672 3.66
3.00 0.222912 3.66
4.00 0.222153 3.66
5.00 0.221393 3.66
6.00 0.220634 3.66
7.00 0.219874 3.66
8.00 0.219115 3.66
9.00 0.218356 3.66
10.00 0.217596 3.66
11.00 0.216836 3.66
12.00 0.216076 3.66
13.00 0.215314 3.66
14.00 0.214551 3.66
15.00 0.213795 3.65
16.00 0.213042 3.65
17.00 0.212289 3.65
18.00 0.211534 3.65
19.00 0.210778 3.65
20.00 0.210021 3.65
21.00 0.209266 3.64
22.00 0.208527 3.64
23.00 0.207789 3.64
24.00 0.207049 3.64
25.00 0.206308 3.64
26.00 0.205565 3.64
27.00 0.204837 3.62
28.00 0.204123 3.61
29.00 0.203419 3.61
30.00 0.202715 3.61
31.00 0.202020 3.60
32.00 0.201331 3.60
33.00 0.200642 3.59
34.00 0.199982 3.58
35.00 0.199343 3.58
36.00 0.198709 3.57
37.00 0.198082 3.57
38.00 0.197454 3.57
39.00 0.196828 3.56
40.00 0.196231 3.55
41.00 0.195643 3.55
42.00 0.195054 3.55
43.00 0.194465 3.55
44.00 0.193879 3.54
45.00 0.193299 3.54
46.00 0.192728 3.53
47.00 0.192182 3.53
48.00 0.191634 3.53
49.00 0.191124 3.50
50.00 0.190690 3.48
51.00 0.190306 3.48
52.00 0.189924 3.48
53.00 0.189545 3.47
54.00 0.189174 3.47
55.00 0.188801 3.47
56.00 0.188428 3.47
57.00 0.188064 3.46
58.00 0.187723 3.46
59.00 0.187388 3.45
60.00 0.187066 3.45
61.00 0.186743 3.45
62.00 0.186419 3.45
63.00 0.186096 3.45
64.00 0.185784 3.43
65.00 0.185523 3.43
66.00 0.185263 3.43
67.00 0.185004 3.43
68.00 0.184744 3.43
69.00 0.184485 3.43
70.00 0.184225 3.43
71.00 0.183964 3.43
72.00 0.183719 3.42
73.00 0.183499 3.39
74.00 0.183306 3.39
75.00 0.183116 3.39
76.00 0.182928 3.39
77.00 0.182742 3.39
78.00 0.182558 3.39
79.00 0.182374 3.39
80.00 0.182192 3.39
81.00 0.182011 3.39
82.00 0.181856 3.38
83.00 0.181706 3.38
84.00 0.181558 3.38
85.00 0.181413 3.37
86.00 0.181283 3.37
87.00 0.181155 3.37
88.00 0.181029 3.37
89.00 0.180904 3.37
90.00 0.180787 3.36
91.00 0.180673 3.36
92.00 0.180559 3.36
93.00 0.180446 3.36
94.00 0.180333 3.36
95.00 0.180222 3.36
96.00 0.180111 3.35
97.00 0.180010 3.35
98.00 0.179910 3.35
99.00 0.179811 3.35
100.00 0.179713 3.35
101.00 0.179615 3.35
102.00 0.179519 3.35
103.00 0.179423 3.35
104.00 0.179328 3.35
105.00 0.179233 3.35
106.00 0.179139 3.35
107.00 0.179045 3.35
108.00 0.178952 3.35
109.00 0.178862 3.34
110.00 0.178792 3.32
111.00 0.178734 3.31
112.00 0.178680 3.31
113.00 0.178627 3.31
114.00 0.178577 3.31
115.00 0.178528 3.31
116.00 0.178481 3.31
117.00 0.178434 3.31
118.00 0.178389 3.31
119.00 0.178346 3.31
120.00 0.178303 3.31
121.00 0.178261 3.31
122.00 0.178221 3.30
123.00 0.178186 3.30
124.00 0.178151 3.30
125.00 0.178118 3.30
126.00 0.178091 3.29
127.00 0.178068 3.29
128.00 0.178046 3.29
129.00 0.178026 3.29
130.00 0.178006 3.29
131.00 0.177987 3.29
132.00 0.177969 3.29
133.00 0.177952 3.29
134.00 0.177935 3.29
135.00 0.177919 3.29
136.00 0.177904 3.29
137.00 0.177889 3.29
138.00 0.177875 3.29
139.00 0.177861 3.29
140.00 0.177847 3.29
141.00 0.177835 3.29
142.00 0.177822 3.29
143.00 0.177810 3.29
144.00 0.177798 3.29
145.00 0.177787 3.29
146.00 0.177776 3.29
147.00 0.177765 3.29
148.00 0.177755 3.29
149.00 0.177745 3.29
150.00 0.177735 3.29
151.00 0.177726 3.29
152.00 0.177717 3.29
153.00 0.177708 3.29
154.00 0.177699 3.29
155.00 0.177691 3.29
156.00 0.177683 3.29
157.00 0.177675 3.29
158.00 0.177667 3.29
159.00 0.177660 3.29
160.00 0.177652 3.29
161.00 0.177645 3.29
162.00 0.177638 3.29
163.00 0.177631 3.29
164.00 0.177625 3.29
165.00 0.177618 3.29
166.00 0.177612 3.29
167.00 0.177606 3.29
168.00 0.177600 3.29
169.00 0.177594 3.29
170.00 0.177589 3.29
171.00 0.177583 3.29
172.00 0.177578 3.29
173.00 0.177572 3.29
174.00 0.177567 3.29
175.00 0.177562 3.29
176.00 0.177557 3.29
177.00 0.177552 3.29
178.00 0.177548 3.29
179.00 0.177543 3.29
180.00 0.177539 3.29
181.00 0.177534 3.29
182.00 0.177530 3.29
183.00 0.177526 3.29
184.00 0.177521 3.29
185.00 0.177517 3.29
186.00 0.177513 3.29
187.00 0.177509 3.29
188.00 0.177506 3.29
189.00 0.177502 3.29
190.00 0.177498 3.29
191.00 0.177495 3.29
192.00 0.177491 3.29
193.00 0.177488 3.29
194.00 0.177484 3.29
195.00 0.177481 3.29
196.00 0.177478 3.29
197.00 0.177474 3.29
198.00 0.177471 3.29
199.00 0.177468 3.29
200.00 0.177465 3.29
201.00 0.177462 3.29
202.00 0.177459 3.29
203.00 0.177456 3.29
204.00 0.177453 3.29
205.00 0.177451 3.29
206.00 0.177448 3.29
207.00 0.177445 3.29
208.00 0.177443 3.29
209.00 0.177440 3.29
210.00 0.177437 3.29
211.00 0.177435 3.29
212.00 0.177432 3.29
213.00 0.177430 3.29
214.00 0.177427 3.29
215.00 0.177425 3.29
216.00 0.177423 3.29
217.00 0.177420 3.29
218.00 0.177418 3.29
219.00 0.177416 3.29
220.00 0.177413 3.29
221.00 0.177411 3.29
222.00 0.177409 3.29
223.00 0.177407 3.29
224.00 0.177405 3.29
225.00 0.177402 3.29
226.00 0.177400 3.29
227.00 0.177398 3.29
228.00 0.177396 3.29
229.00 0.177394 3.29
230.00 0.177392 3.29
231.00 0.177390 3.29
232.00 0.177388 3.29
233.00 0.177386 3.29
234.00 0.177384 3.29
235.00 0.177382 3.29
236.00 0.177380 3.29
237.00 0.177378 3.29
238.00 0.177377 3.29
239.00 0.177375 3.29
240.00 0.177373 3.29
241.00 0.177371 3.29
242.00 0.177369 3.29
243.00 0.177367 3.29
244.00 0.177366 3.29
245.00 0.177364 3.29
246.00 0.177362 3.29
247.00 0.177360 3.29
248.00 0.177359 3.29
249.00 0.177357 3.29
250.00 0.177355 3.29
251.00 0.177353 3.29
252.00 0.177352 3.29
253.00 0.177350 3.29
254.00 0.177348 3.29
255.00 0.177347 3.29
256.00 0.177345 3.29
257.00 0.177343 3.29
258.00 0.177342 3.29
259.00 0.177340 3.29
260.00 0.177338 3.29
261.00 0.177337 3.29
262.00 0.177335 3.29
263.00 0.177333 3.29
264.00 0.177332 3.29
265.00 0.177330 3.29
266.00 0.177328 3.29
267.00 0.177327 3.29
268.00 0.177325 3.29
269.00 0.177324 3.29
270.00 0.177322 3.29
271.00 0.177320 3.29
272.00 0.177319 3.29
273.00 0.177317 3.29
274.00 0.177316 3.29
275.00 0.177314 3.29
276.00 0.177312 3.29
277.00 0.177311 3.29
278.00 0.177309 3.29
279.00 0.177308 3.29
280.00 0.177306 3.29
281.00 0.177304 3.29
282.00 0.177303 3.29
283.00 0.177301 3.29
284.00 0.177300 3.29
285.00 0.177298 3.29
286.00 0.177297 3.29
287.00 0.177295 3.29
288.00 0.177293 3.29
289.00 0.177292 3.29
290.00 0.177290 3.29
291.00 0.177289 3.29
292.00 0.177287 3.29
293.00 0.177285 3.29
294.00 0.177284 3.29
295.00 0.177282 3.29
296.00 0.177281 3.29
297.00 0.177279 3.29
298.00 0.177277 3.29
299.00 0.177276 3.29
300.00 0.177274 3.29
301.00 0.177273 3.29
302.00 0.177271 3.29
303.00 0.177269 3.29
304.00 0.177268 3.29
305.00 0.177266 3.29
306.00 0.177264 3.29
307.00 0.177263 3.29
308.00 0.177261 3.29
309.00 0.177259 3.29
310.00 0.177258 3.29
311.00 0.177256 3.29
312.00 0.177254 3.29
313.00 0.177253 3.29
314.00 0.177251 3.29
315.00 0.177249 3.29
316.00 0.177248 3.29
317.00 0.177246 3.29
318.00 0.177244 3.29
319.00 0.177243 3.29
320.00 0.177241 3.29
321.00 0.177239 3.29
322.00 0.177237 3.29
323.00 0.177236 3.29
324.00 0.177234 3.29
325.00 0.177232 3.29
326.00 0.177230 3.29
327.00 0.177229 3.29
328.00 0.177227 3.29
329.00 0.177225 3.29
330.00 0.177223 3.29
331.00 0.177222 3.29
332.00 0.177220 3.29
333.00 0.177218 3.29
334.00 0.177216 3.29
335.00 0.177214 3.29
336.00 0.177213 3.29
337.00 0.177211 3.29
338.00 0.177209 3.29
339.00 0.177207 3.29
340.00 0.177205 3.29
341.00 0.177203 3.29
342.00 0.177201 3.29
343.00 0.177199 3.29
344.00 0.177198 3.29
345.00 0.177196 3.29
346.00 0.177194 3.29
347.00 0.177192 3.29
348.00 0.177190 3.29
349.00 0.177188 3.29
350.00 0.177186 3.29
351.00 0.177184 3.29
352.00 0.177182 3.29
353.00 0.177180 3.29
354.00 0.177178 3.29
355.00 0.177176 3.29
356.00 0.177174 3.29
357.00 0.177172 3.29
358.00 0.177170 3.29
359.00 0.177168 3.29
360.00 0.177166 3.29
361.00 0.177164 3.29
362.00 0.177162 3.29
363.00 0.177160 3.29
364.00 0.177158 3.29
365.00 0.177155 3.29
366.00 0.177153 3.29
367.00 0.177151 3.29
368.00 0.177149 3.29
369.00 0.177147 3.29
370.00 0.177145 3.29
371.00 0.177143 3.29
372.00 0.177140 3.29
373.00 0.177138 3.29
374.00 0.177136 3.29
375.00 0.177134 3.29
376.00 0.177132 3.29
377.00 0.177129 3.29
378.00 0.177127 3.29
379.00 0.177125 3.29
380.00 0.177123 3.29
381.00 0.177120 3.29
382.00 0.177118 3.29
383.00 0.177116 3.29
384.00 0.177113 3.29
385.00 0.177111 3.29
386.00 0.177109 3.29
387.00 0.177106 3.29
388.00 0.177104 3.29
389.00 0.177102 3.29
390.00 0.177099 3.29
391.00 0.177097 3.29
392.00 0.177094 3.29
393.00 0.177092 3.29
394.00 0.177089 3.29
395.00 0.177087 3.29
396.00 0.177085 3.29
397.00 0.177082 3.29
398.00 0.177080 3.29
399.00 0.177077 3.29
400.00 0.177075 3.29
401.00 0.177072 3.29
402.00 0.177070 3.29
403.00 0.177067 3.29
404.00 0.177064 3.29
405.00 0.177062 3.29
406.00 0.177059 3.29
407.00 0.177057 3.29
408.00 0.177054 3.29
409.00 0.177051 3.29
410.00 0.177049 3.28
411.00 0.177048 3.28
412.00 0.177047 3.28
413.00 0.177046 3.28
414.00 0.177045 3.28
415.00 0.177045 3.28
416.00 0.177044 3.28
417.00 0.177043 3.28
418.00 0.177042 3.28
419.00 0.177041 3.28
420.00 0.177040 3.28
421.00 0.177039 3.28
422.00 0.177038 3.28
423.00 0.177038 3.28
424.00 0.177037 3.28
425.00 0.177036 3.28
426.00 0.177035 3.28
427.00 0.177034 3.28
428.00 0.177034 3.28
429.00 0.177033 3.28
430.00 0.177032 3.28
431.00 0.177031 3.28
432.00 0.177031 3.28
433.00 0.177030 3.28
434.00 0.177029 3.28
435.00 0.177028 3.28
436.00 0.177028 3.28
437.00 0.177027 3.28
438.00 0.177026 3.28
439.00 0.177026 3.28
440.00 0.177025 3.28
441.00 0.177024 3.28
442.00 0.177024 3.28
443.00 0.177023 3.28
444.00 0.177022 3.28
445.00 0.177022 3.28
446.00 0.177021 3.28
447.00 0.177020 3.28
448.00 0.177020 3.28
449.00 0.177019 3.28
450.00 0.177018 3.28
451.00 0.177018 3.28
452.00 0.177017 3.28
453.00 0.177017 3.28
454.00 0.177016 3.28
455.00 0.177015 3.28
456.00 0.177015 3.28
457.00 0.177014 3.28
458.00 0.177014 3.28
459.00 0.177013 3.28
460.00 0.177012 3.28
461.00 0.177012 3.28
462.00 0.177011 3.28
463.00 0.177011 3.28
464.00 0.177010 3.28
465.00 0.177010 3.28
466.00 0.177009 3.28
467.00 0.177009 3.28
468.00 0.177008 3.28
469.00 0.177007 3.28
470.00 0.177007 3.28
471.00 0.177006 3.28
472.00 0.177006 3.28
473.00 0.177005 3.28
474.00 0.177005 3.28
475.00 0.177004 3.28
476.00 0.177004 3.28
477.00 0.177003 3.28
478.00 0.177003 3.28
479.00 0.177002 3.28
480.00 0.177002 3.28
481.00 0.177002 3.28
482.00 0.177001 3.28
483.00 0.177001 3.28
484.00 0.177000 3.28
485.00 0.177000 3.28
486.00 0.176999 3.28
487.00 0.176999 3.28
488.00 0.176998 3.28
489.00 0.176998 3.28
490.00 0.176997 3.28
491.00 0.176997 3.28
492.00 0.176997 3.28
493.00 0.176996 3.28
494.00 0.176996 3.28
495.00 0.176995 3.28
496.00 0.176995 3.28
497.00 0.176994 3.28
498.00 0.176994 3.28
499.00 0.176994 3.28
500.00 0.176993 3.28
501.00 0.176993 3.28
502.00 0.176992 3.28
503.00 0.176992 3.28
504.00 0.176992 3.28
505.00 0.176991 3.28
506.00 0.176991 3.28
507.00 0.176990 3.28
508.00 0.176990 3.28
509.00 0.176990 3.28
510.00 0.176989 3.28
511.00 0.176989 3.28
512.00 0.176989 3.28
513.00 0.176988 3.28
514.00 0.176988 3.28
515.00 0.176988 3.28
516.00 0.176987 3.28
517.00 0.176987 3.28
518.00 0.176986 3.28
519.00 0.176986 3.28
520.00 0.176986 3.28
521.00 0.176985 3.28
522.00 0.176985 3.28
523.00 0.176985 3.28
524.00 0.176984 3.28
525.00 0.176984 3.28
526.00 0.176984 3.28
527.00 0.176983 3.28
528.00 0.176983 3.28
529.00 0.176983 3.28
530.00 0.176982 3.28
531.00 0.176982 3.28
532.00 0.176982 3.28
533.00 0.176982 3.28
534.00 0.176981 3.28
535.00 0.176981 3.28
536.00 0.176981 3.28
537.00 0.176980 3.28
538.00 0.176980 3.28
539.00 0.176980 3.28
540.00 0.176979 3.28
541.00 0.176979 3.28
542.00 0.176979 3.28
543.00 0.176979 3.28
544.00 0.176978 3.28
545.00 0.176978 3.28
546.00 0.176978 3.28
547.00 0.176977 3.28
548.00 0.176977 3.28
549.00 0.176977 3.28
550.00 0.176977 3.28
551.00 0.176976 3.28
552.00 0.176976 3.28
553.00 0.176976 3.28
554.00 0.176976 3.28
555.00 0.176975 3.28
556.00 0.176975 3.28
557.00 0.176975 3.28
558.00 0.176974 3.28
559.00 0.176974 3.28
560.00 0.176974 3.28
561.00 0.176974 3.28
562.00 0.176973 3.28
563.00 0.176973 3.28
564.00 0.176973 3.28
565.00 0.176973 3.28
566.00 0.176972 3.28
567.00 0.176972 3.28
568.00 0.176972 3.28
569.00 0.176972 3.28
570.00 0.176971 3.28
571.00 0.176971 3.28
572.00 0.176971 3.28
573.00 0.176971 3.28
574.00 0.176971 3.28
575.00 0.176970 3.28
576.00 0.176970 3.28
577.00 0.176970 3.28
578.00 0.176970 3.28
579.00 0.176969 3.28
580.00 0.176969 3.28
581.00 0.176969 3.28
582.00 0.176969 3.28
583.00 0.176968 3.28
584.00 0.176968 3.28
585.00 0.176968 3.28
586.00 0.176968 3.28
587.00 0.176968 3.28
588.00 0.176967 3.28
589.00 0.176967 3.28
590.00 0.176967 3.28
591.00 0.176967 3.28
592.00 0.176967 3.28
593.00 0.176966 3.28
594.00 0.176966 3.28
595.00 0.176966 3.28
596.00 0.176966 3.28
597.00 0.176966 3.28
598.00 0.176965 3.28
599.00 0.176965 3.28
600.00 0.176965 3.28
601.00 0.176965 3.28
602.00 0.176965 3.28
603.00 0.176964 3.28
604.00 0.176964 3.28
605.00 0.176964 3.28
606.00 0.176964 3.28
607.00 0.176964 3.28
608.00 0.176963 3.28
609.00 0.176963 3.28
610.00 0.176963 3.28
611.00 0.176963 3.28
612.00 0.176963 3.28
613.00 0.176962 3.28
614.00 0.176962 3.28
615.00 0.176962 3.28
616.00 0.176962 3.28
617.00 0.176962 3.28
618.00 0.176962 3.28
619.00 0.176961 3.28
620.00 0.176961 3.28
621.00 0.176961 3.28
622.00 0.176961 3.28
623.00 0.176961 3.28
624.00 0.176960 3.28
625.00 0.176960 3.28
626.00 0.176960 3.28
627.00 0.176960 3.28
628.00 0.176960 3.28
629.00 0.176960 3.28
630.00 0.176959 3.28
631.00 0.176959 3.28
632.00 0.176959 3.28
633.00 0.176959 3.28
634.00 0.176959 3.28
635.00 0.176959 3.28
636.00 0.176958 3.28
637.00 0.176958 3.28
638.00 0.176958 3.28
639.00 0.176958 3.28
640.00 0.176958 3.28
641.00 0.176958 3.28
642.00 0.176957 3.28
643.00 0.176957 3.28
644.00 0.176957 3.28
645.00 0.176957 3.28
646.00 0.176957 3.28
647.00 0.176957 3.28
648.00 0.176957 3.28
649.00 0.176956 3.28
650.00 0.176956 3.28
651.00 0.176956 3.28
652.00 0.176956 3.28
653.00 0.176956 3.28
654.00 0.176956 3.28
655.00 0.176955 3.28
656.00 0.176955 3.28
657.00 0.176955 3.28
658.00 0.176955 3.28
659.00 0.176955 3.28
660.00 0.176955 3.28
661.00 0.176955 3.28
662.00 0.176954 3.28
663.00 0.176954 3.28
664.00 0.176954 3.28
665.00 0.176954 3.28
666.00 0.176954 3.28
667.00 0.176954 3.28
668.00 0.176954 3.28
669.00 0.176953 3.28
670.00 0.176953 3.28
671.00 0.176953 3.28
672.00 0.176953 3.28
673.00 0.176953 3.28
674.00 0.176953 3.28
675.00 0.176953 3.28
676.00 0.176952 3.28
677.00 0.176952 3.28
678.00 0.176952 3.28
679.00 0.176952 3.28
680.00 0.176952 3.28
681.00 0.176952 3.28
682.00 0.176952 3.28
683.00 0.176952 3.28
684.00 0.176951 3.28
685.00 0.176951 3.28
686.00 0.176951 3.28
687.00 0.176951 3.28
688.00 0.176951 3.28
689.00 0.176951 3.28
690.00 0.176951 3.28
691.00 0.176950 3.28
692.00 0.176950 3.28
693.00 0.176950 3.28
694.00 0.176950 3.28
695.00 0.176950 3.28
696.00 0.176950 3.28
697.00 0.176950 3.28
698.00 0.176950 3.28
699.00 0.176949 3.28
700.00 0.176949 3.28
701.00 0.176949 3.28
702.00 0.176949 3.28
703.00 0.176949 3.28
704.00 0.176949 3.28
705.00 0.176949 3.28
706.00 0.176949 3.28
707.00 0.176949 3.28
708.00 0.176948 3.28
709.00 0.176948 3.28
710.00 0.176948 3.28
711.00 0.176948 3.28
712.00 0.176948 3.28
713.00 0.176948 3.28
714.00 0.176948 3.28
715.00 0.176948 3.28
716.00 0.176947 3.28
717.00 0.176947 3.28
718.00 0.176947 3.28
719.00 0.176947 3.28
720.00 0.176947 3.28
721.00 0.176947 3.28
722.00 0.176947 3.28
723.00 0.176947 3.28
724.00 0.176947 3.28
725.00 0.176946 3.28
726.00 0.176946 3.28
727.00 0.176946 3.28
728.00 0.176946 3.28
729.00 0.176946 3.28
730.00 0.176946 3.28
731.00 0.176946 3.28
732.00 0.176946 3.28
733.00 0.176946 3.28
734.00 0.176945 3.28
735.00 0.176945 3.28
736.00 0.176945 3.28
737.00 0.176945 3.28
738.00 0.176945 3.28
739.00 0.176945 3.28
740.00 0.176945 3.28
741.00 0.176945 3.28
742.00 0.176945 3.28
743.00 0.176945 3.28
744.00 0.176944 3.28
745.00 0.176944 3.28
746.00 0.176944 3.28
747.00 0.176944 3.28
748.00 0.176944 3.28
749.00 0.176944 3.28
750.00 0.176944 3.28
751.00 0.176944 3.28
752.00 0.176944 3.28
753.00 0.176944 3.28
754.00 0.176943 3.28
755.00 0.176943 3.28
756.00 0.176943 3.28
757.00 0.176943 3.28
758.00 0.176943 3.28
759.00 0.176943 3.28
760.00 0.176943 3.28
761.00 0.176943 3.28
762.00 0.176943 3.28
763.00 0.176943 3.28
764.00 0.176942 3.28
765.00 0.176942 3.28
766.00 0.176942 3.28
767.00 0.176942 3.28
768.00 0.176942 3.28
769.00 0.176942 3.28
770.00 0.176942 3.28
771.00 0.176942 3.28
772.00 0.176942 3.28
773.00 0.176942 3.28
774.00 0.176942 3.28
775.00 0.176941 3.28
776.00 0.176941 3.28
777.00 0.176941 3.28
778.00 0.176941 3.28
779.00 0.176941 3.28
780.00 0.176941 3.28
781.00 0.176941 3.28
782.00 0.176941 3.28
783.00 0.176941 3.28
784.00 0.176941 3.28
785.00 0.176941 3.28
786.00 0.176940 3.28
787.00 0.176940 3.28
788.00 0.176940 3.28
789.00 0.176940 3.28
790.00 0.176940 3.28
791.00 0.176940 3.28
792.00 0.176940 3.28
793.00 0.176940 3.28
794.00 0.176940 3.28
795.00 0.176940 3.28
796.00 0.176940 3.28
797.00 0.176940 3.28
798.00 0.176939 3.28
799.00 0.176939 3.28
800.00 0.176939 3.28
801.00 0.176939 3.28
802.00 0.176939 3.28
803.00 0.176939 3.28
804.00 0.176939 3.28
805.00 0.176939 3.28
806.00 0.176939 3.28
807.00 0.176939 3.28
808.00 0.176939 3.28
809.00 0.176939 3.28
810.00 0.176939 3.28
811.00 0.176938 3.28
812.00 0.176938 3.28
813.00 0.176938 3.28
814.00 0.176938 3.28
815.00 0.176938 3.28
816.00 0.176938 3.28
817.00 0.176938 3.28
818.00 0.176938 3.28
819.00 0.176938 3.28
820.00 0.176938 3.28
821.00 0.176938 3.28
822.00 0.176938 3.28
823.00 0.176938 3.28
824.00 0.176937 3.28
825.00 0.176937 3.28
826.00 0.176937 3.28
827.00 0.176937 3.28
828.00 0.176937 3.28
829.00 0.176937 3.28
830.00 0.176937 3.28
831.00 0.176937 3.28
832.00 0.176937 3.28
833.00 0.176937 3.28
834.00 0.176937 3.28
835.00 0.176937 3.28
836.00 0.176937 3.28
837.00 0.176936 3.28
838.00 0.176936 3.28
839.00 0.176936 3.28
840.00 0.176936 3.28
841.00 0.176936 3.28
842.00 0.176936 3.28
843.00 0.176936 3.28
844.00 0.176936 3.28
845.00 0.176936 3.28
846.00 0.176936 3.28
847.00 0.176936 3.28
848.00 0.176936 3.28
849.00 0.176936 3.28
850.00 0.176936 3.28
851.00 0.176936 3.28
852.00 0.176935 3.28
853.00 0.176935 3.28
854.00 0.176935 3.28
855.00 0.176935 3.28
856.00 0.176935 3.28
857.00 0.176935 3.28
858.00 0.176935 3.28
859.00 0.176935 3.28
860.00 0.176935 3.28
861.00 0.176935 3.28
862.00 0.176935 3.28
863.00 0.176935 3.28
864.00 0.176935 3.28
865.00 0.176935 3.28
866.00 0.176935 3.28
867.00 0.176934 3.28
868.00 0.176934 3.28
869.00 0.176934 3.28
870.00 0.176934 3.28
871.00 0.176934 3.28
872.00 0.176934 3.28
873.00 0.176934 3.28
874.00 0.176934 3.28
875.00 0.176934 3.28
876.00 0.176934 3.28
877.00 0.176934 3.28
878.00 0.176934 3.28
879.00 0.176934 3.28
880.00 0.176934 3.28
881.00 0.176934 3.28
882.00 0.176934 3.28
883.00 0.176933 3.28
884.00 0.176933 3.28
885.00 0.176933 3.28
886.00 0.176933 3.28
887.00 0.176933 3.28
888.00 0.176933 3.28
889.00 0.176933 3.28
890.00 0.176933 3.28
891.00 0.176933 3.28
892.00 0.176933 3.28
893.00 0.176933 3.28
894.00 0.176933 3.28
895.00 0.176933 3.28
896.00 0.176933 3.28
897.00 0.176933 3.28
898.00 0.176933 3.28
899.00 0.176933 3.28
900.00 0.176932 3.28
901.00 0.176932 3.28
902.00 0.176932 3.28
903.00 0.176932 3.28
904.00 0.176932 3.28
905.00 0.176932 3.28
906.00 0.176932 3.28
907.00 0.176932 3.28
908.00 0.176932 3.28
909.00 0.176932 3.28
910.00 0.176932 3.28
911.00 0.176932 3.28
912.00 0.176932 3.28
913.00 0.176932 3.28
914.00 0.176932 3.28
915.00 0.176932 3.28
916.00 0.176932 3.28
917.00 0.176932 3.28
918.00 0.176931 3.28
919.00 0.176931 3.28
920.00 0.176931 3.28
921.00 0.176931 3.28
922.00 0.176931 3.28
923.00 0.176931 3.28
924.00 0.176931 3.28
925.00 0.176931 3.28
926.00 0.176931 3.28
927.00 0.176931 3.28
928.00 0.176931 3.28
929.00 0.176931 3.28
930.00 0.176931 3.28
931.00 0.176931 3.28
932.00 0.176931 3.28
933.00 0.176931 3.28
934.00 0.176931 3.28
935.00 0.176931 3.28
936.00 0.176931 3.28
937.00 0.176931 3.28
938.00 0.176930 3.28
939.00 0.176930 3.28
940.00 0.176930 3.28
941.00 0.176930 3.28
942.00 0.176930 3.28
943.00 0.176930 3.28
944.00 0.176930 3.28
945.00 0.176930 3.28
946.00 0.176930 3.28
947.00 0.176930 3.28
948.00 0.176930 3.28
949.00 0.176930 3.28
950.00 0.176930 3.28
951.00 0.176930 3.28
952.00 0.176930 3.28
953.00 0.176930 3.28
954.00 0.176930 3.28
955.00 0.176930 3.28
956.00 0.176930 3.28
957.00 0.176930 3.28
958.00 0.176930 3.28
959.00 0.176929 3.28
960.00 0.176929 3.28
961.00 0.176929 3.28
962.00 0.176929 3.28
963.00 0.176929 3.28
964.00 0.176929 3.28
965.00 0.176929 3.28
966.00 0.176929 3.28
967.00 0.176929 3.28
968.00 0.176929 3.28
969.00 0.176929 3.28
970.00 0.176929 3.28
971.00 0.176929 3.28
972.00 0.176929 3.28
973.00 0.176929 3.28
974.00 0.176929 3.28
975.00 0.176929 3.28
976.00 0.176929 3.28
977.00 0.176929 3.28
978.00 0.176929 3.28
979.00 0.176929 3.28
980.00 0.176929 3.28
981.00 0.176928 3.28
982.00 0.176928 3.28
983.00 0.176928 3.28
984.00 0.176928 3.28
985.00 0.176928 3.28
986.00 0.176928 3.28
987.00 0.176928 3.28
988.00 0.176928 3.28
989.00 0.176928 3.28
990.00 0.176928 3.28
991.00 0.176928 3.28
992.00 0.176928 3.28
993.00 0.176928 3.28
994.00 0.176928 3.28
995.00 0.176928 3.28
996.00 0.176928 3.28
997.00 0.176928 3.28
998.00 0.176928 3.28
999.00 0.176928 3.28
1000.00 0.176928 3.28
