0 48 0.000000
1 48 0.000000
2 48 0.000000
3 48 0.000000
4 48 0.000000
5 48 0.000000
6 48 0.000000
7 48 0.000000
8 48 0.000000
9 48 0.000000
10 48 0.000000
11 48 0.000000
12 48 0.000000
13 48 0.000000
14 48 0.000000
15 48 0.000000
16 48 0.000000
17 48 0.000000
18 48 0.000000
19 48 0.000000
20 48 0.000000
21 48 0.000000
22 48 0.000000
23 48 0.000000
24 48 0.000000
25 48 0.000000
26 48 0.000000
27 48 0.000000
28 48 0.000000
29 48 0.000000
30 48 0.000000
31 48 0.000000
32 48 0.000000
33 48 0.000000
34 48 0.000000
35 48 0.000000
36 48 0.000000
37 48 0.000000
38 48 0.000000
39 48 0.000000
40 48 0.000000
41 48 0.000000
42 48 0.000000
43 48 0.000000
44 48 0.000000
45 48 0.000000
0 47 0.000000
1 47 0.000000
2 47 0.000000
3 47 0.000000
4 47 0.000000
5 47 0.000000
6 47 0.000000
7 47 0.000000
8 47 0.000000
9 47 0.000000
10 47 0.000000
11 47 0.000000
12 47 0.000000
13 47 0.000000
14 47 0.000000
15 47 0.000000
16 47 0.000000
17 47 0.000000
18 47 0.000000
19 47 0.000000
20 47 0.000000
21 47 0.000000
22 47 0.000000
23 47 0.000000
24 47 0.000000
25 47 0.000000
26 47 0.000000
27 47 0.000000
28 47 0.000000
29 47 0.000000
30 47 0.000000
31 47 0.000000
32 47 0.000000
33 47 0.000000
34 47 0.000000
35 47 0.000000
36 47 0.000000
37 47 0.000000
38 47 0.000000
39 47 0.000000
40 47 0.000000
41 47 0.000000
42 47 0.000000
43 47 0.000000
44 47 0.000000
45 47 0.000000
0 46 0.000000
1 46 0.000000
2 46 0.000000
3 46 0.000000
4 46 0.000000
5 46 0.000000
6 46 0.000000
7 46 0.000000
8 46 0.000000
9 46 0.000000
10 46 0.000000
11 46 0.000000
12 46 0.000000
13 46 0.000000
14 46 0.000000
15 46 0.000000
16 46 0.000000
17 46 0.000000
18 46 0.000000
19 46 0.000000
20 46 0.000000
21 46 0.000000
22 46 0.000000
23 46 0.000000
24 46 0.000000
25 46 0.000000
26 46 0.000000
27 46 0.000000
28 46 0.000000
29 46 0.000000
30 46 0.000000
31 46 0.000000
32 46 0.000000
33 46 0.000000
34 46 0.000000
35 46 0.000000
36 46 0.000000
37 46 0.000000
38 46 0.000000
39 46 0.000000
40 46 0.000000
41 46 0.000000
42 46 0.000000
43 46 0.000000
44 46 0.000000
45 46 0.000000
0 45 0.000000
1 45 0.000000
2 45 0.000000
3 45 0.000000
4 45 0.000000
5 45 0.000000
6 45 0.000000
7 45 0.000000
8 45 0.000000
9 45 0.000000
10 45 0.000000
11 45 0.000000
12 45 0.000000
13 45 0.000000
14 45 0.000000
15 45 0.000000
16 45 0.000000
17 45 0.000000
18 45 0.000000
19 45 0.000000
20 45 0.000000
21 45 0.000000
22 45 0.000000
23 45 0.000000
24 45 0.000000
25 45 0.000000
26 45 0.000000
27 45 0.000000
28 45 0.000000
29 45 0.000000
30 45 0.000000
31 45 0.000000
32 45 0.000000
33 45 0.000000
34 45 0.000000
35 45 0.000000
36 45 0.000000
37 45 0.000000
38 45 0.000000
39 45 0.000000
40 45 0.000000
41 45 0.000000
42 45 0.000000
43 45 0.000000
44 45 0.000000
45 45 0.000000
0 44 0.000000
1 44 0.000000
2 44 0.000000
3 44 0.000000
4 44 0.000000
5 44 0.000000
6 44 0.000000
7 44 0.000000
8 44 0.000000
9 44 0.000000
10 44 0.000000
11 44 0.000000
12 44 0.000000
13 44 0.000000
14 44 0.000000
15 44 0.000000
16 44 0.000000
17 44 0.000000
18 44 0.000000
19 44 0.000000
20 44 0.000000
21 44 0.000000
22 44 0.000000
23 44 0.000000
24 44 0.000000
25 44 0.000000
26 44 0.000000
27 44 0.000000
28 44 0.000000
29 44 0.000000
30 44 0.000000
31 44 0.000000
32 44 0.000000
33 44 0.000000
34 44 0.000000
35 44 0.000000
36 44 0.000000
37 44 0.000000
38 44 0.000000
39 44 0.000000
40 44 0.000000
41 44 0.000000
42 44 0.000000
43 44 0.000000
44 44 0.000000
45 44 0.000000
0 43 0.000000
1 43 0.000000
2 43 0.000000
3 43 0.000000
4 43 0.000000
5 43 0.000000
6 43 0.000000
7 43 0.000000
8 43 0.000000
9 43 0.000000
10 43 0.000000
11 43 0.000000
12 43 0.000000
13 43 0.000000
14 43 0.000000
15 43 0.000000
16 43 0.000000
17 43 0.000000
18 43 0.000000
19 43 0.000000
20 43 0.000000
21 43 0.000000
22 43 0.000000
23 43 0.000000
24 43 0.000000
25 43 0.000000
26 43 0.000000
27 43 0.000000
28 43 0.000000
29 43 0.000000
30 43 0.000000
31 43 0.000000
32 43 0.000000
33 43 0.000000
34 43 0.000000
35 43 0.000000
36 43 0.000000
37 43 0.000000
38 43 0.000000
39 43 0.000000
40 43 0.000000
41 43 0.000000
42 43 0.000000
43 43 0.000000
44 43 0.000000
45 43 0.000000
0 42 0.000000
1 42 0.000000
2 42 0.000000
3 42 0.000000
4 42 0.000000
5 42 0.000000
6 42 0.000000
7 42 0.000000
8 42 0.000000
9 42 0.000000
10 42 0.000000
11 42 0.000000
12 42 0.000000
13 42 0.000000
14 42 0.000000
15 42 0.000000
16 42 0.000000
17 42 0.000000
18 42 0.000000
19 42 0.000000
20 42 0.000000
21 42 0.000000
22 42 0.000000
23 42 0.000000
24 42 0.000000
25 42 0.000000
26 42 0.000000
27 42 0.000000
28 42 0.000000
29 42 0.000000
30 42 0.000000
31 42 0.000000
32 42 0.000000
33 42 0.000000
34 42 0.000000
35 42 0.000000
36 42 0.000000
37 42 0.000000
38 42 0.000000
39 42 0.000000
40 42 0.000000
41 42 0.000000
42 42 0.000000
43 42 0.000000
44 42 0.000000
45 42 0.000000
0 41 0.000000
1 41 0.000000
2 41 0.000000
3 41 0.000000
4 41 0.000000
5 41 0.000000
6 41 0.000000
7 41 0.000000
8 41 0.000000
9 41 0.000000
10 41 0.000000
11 41 0.000000
12 41 0.000000
13 41 0.000000
14 41 0.000000
15 41 0.000000
16 41 0.000000
17 41 0.000000
18 41 0.000000
19 41 0.000000
20 41 0.000000
21 41 0.000000
22 41 0.000000
23 41 0.000000
24 41 0.000000
25 41 0.000000
26 41 0.000000
27 41 0.000000
28 41 0.000000
29 41 0.000000
30 41 0.000000
31 41 0.000000
32 41 0.000000
33 41 0.000000
34 41 0.000000
35 41 0.000000
36 41 0.000000
37 41 0.000000
38 41 0.000000
39 41 0.000000
40 41 0.000000
41 41 0.000000
42 41 0.000000
43 41 0.000000
44 41 0.000000
45 41 0.000000
0 40 0.000000
1 40 0.000000
2 40 0.000000
3 40 0.000000
4 40 0.000000
5 40 0.000000
6 40 0.000000
7 40 0.000000
8 40 0.000000
9 40 0.000000
10 40 0.000000
11 40 0.000000
12 40 0.000000
13 40 0.000000
14 40 0.000000
15 40 0.000000
16 40 0.000000
17 40 0.000000
18 40 0.000000
19 40 0.000000
20 40 0.000000
21 40 0.000000
22 40 0.000000
23 40 0.000000
24 40 0.000000
25 40 0.000000
26 40 0.000000
27 40 0.000000
28 40 0.000000
29 40 0.000000
30 40 0.000000
31 40 0.000000
32 40 0.000000
33 40 0.000000
34 40 0.000000
35 40 0.000000
36 40 0.000000
37 40 0.000000
38 40 0.000000
39 40 0.000000
40 40 0.000000
41 40 0.000000
42 40 0.000000
43 40 0.000000
44 40 0.000000
45 40 0.000000
0 39 0.000000
1 39 0.000000
2 39 0.000000
3 39 0.000000
4 39 0.000000
5 39 0.000000
6 39 0.000000
7 39 0.000000
8 39 0.000000
9 39 0.000000
10 39 0.000000
11 39 0.000000
12 39 0.000000
13 39 0.000000
14 39 0.000000
15 39 0.000000
16 39 0.000000
17 39 0.000000
18 39 0.000000
19 39 0.000000
20 39 0.000000
21 39 0.000000
22 39 0.000000
23 39 0.000000
24 39 0.000000
25 39 0.000000
26 39 0.000000
27 39 0.000000
28 39 0.000000
29 39 0.000000
30 39 0.000000
31 39 0.000000
32 39 0.000000
33 39 0.000000
34 39 0.000000
35 39 0.000000
36 39 0.000000
37 39 0.000000
38 39 0.000000
39 39 0.000000
40 39 0.000000
41 39 0.000000
42 39 0.000000
43 39 0.000000
44 39 0.000000
45 39 0.000000
0 38 0.000000
1 38 0.000000
2 38 0.000000
3 38 0.000000
4 38 0.000000
5 38 0.000000
6 38 0.000000
7 38 0.000000
8 38 0.000000
9 38 0.000000
10 38 0.000000
11 38 0.000000
12 38 0.000000
13 38 0.000000
14 38 0.000000
15 38 0.000000
16 38 0.000000
17 38 0.000000
18 38 0.000000
19 38 0.000000
20 38 0.000000
21 38 0.000000
22 38 0.000000
23 38 0.000000
24 38 0.000000
25 38 0.000000
26 38 0.000000
27 38 0.000000
28 38 0.000000
29 38 0.000000
30 38 0.000000
31 38 0.000000
32 38 0.000000
33 38 0.000000
34 38 0.000000
35 38 0.000000
36 38 0.000000
37 38 0.000000
38 38 0.000000
39 38 0.000000
40 38 0.000000
41 38 0.000000
42 38 0.000000
43 38 0.000000
44 38 0.000000
45 38 0.000000
0 37 0.000000
1 37 0.000000
2 37 0.000000
3 37 0.000000
4 37 0.000000
5 37 0.000000
6 37 0.000000
7 37 0.000000
8 37 0.000000
9 37 0.000000
10 37 0.000000
11 37 0.000000
12 37 0.000000
13 37 0.000000
14 37 0.000000
15 37 0.000000
16 37 0.000000
17 37 0.000000
18 37 0.000000
19 37 0.000000
20 37 0.000000
21 37 0.000000
22 37 0.000000
23 37 0.000000
24 37 0.000000
25 37 0.000000
26 37 0.000000
27 37 0.000000
28 37 4675.411014
29 37 4650.457718
30 37 4623.968115
31 37 4612.879451
32 37 4609.192170
33 37 0.000000
34 37 0.000000
35 37 0.000000
36 37 0.000000
37 37 0.000000
38 37 0.000000
39 37 0.000000
40 37 0.000000
41 37 0.000000
42 37 0.000000
43 37 0.000000
44 37 0.000000
45 37 0.000000
0 36 0.000000
1 36 0.000000
2 36 0.000000
3 36 0.000000
4 36 0.000000
5 36 0.000000
6 36 0.000000
7 36 0.000000
8 36 0.000000
9 36 0.000000
10 36 0.000000
11 36 0.000000
12 36 0.000000
13 36 0.000000
14 36 0.000000
15 36 0.000000
16 36 0.000000
17 36 0.000000
18 36 0.000000
19 36 0.000000
20 36 0.000000
21 36 0.000000
22 36 0.000000
23 36 0.000000
24 36 0.000000
25 36 0.000000
26 36 0.000000
27 36 0.000000
28 36 4678.653230
29 36 4653.653772
30 36 4626.604257
31 36 4618.331888
32 36 4618.855308
33 36 0.000000
34 36 0.000000
35 36 0.000000
36 36 0.000000
37 36 0.000000
38 36 0.000000
39 36 0.000000
40 36 0.000000
41 36 0.000000
42 36 0.000000
43 36 0.000000
44 36 0.000000
45 36 0.000000
0 35 0.000000
1 35 0.000000
2 35 0.000000
3 35 0.000000
4 35 0.000000
5 35 0.000000
6 35 0.000000
7 35 0.000000
8 35 0.000000
9 35 0.000000
10 35 0.000000
11 35 0.000000
12 35 0.000000
13 35 0.000000
14 35 0.000000
15 35 0.000000
16 35 0.000000
17 35 0.000000
18 35 0.000000
19 35 0.000000
20 35 0.000000
21 35 0.000000
22 35 0.000000
23 35 0.000000
24 35 0.000000
25 35 0.000000
26 35 0.000000
27 35 0.000000
28 35 4688.315775
29 35 4657.272006
30 35 4633.459138
31 35 4634.753525
32 35 4645.163102
33 35 0.000000
34 35 0.000000
35 35 0.000000
36 35 0.000000
37 35 0.000000
38 35 0.000000
39 35 0.000000
40 35 0.000000
41 35 0.000000
42 35 0.000000
43 35 0.000000
44 35 0.000000
45 35 0.000000
0 34 0.000000
1 34 0.000000
2 34 0.000000
3 34 0.000000
4 34 0.000000
5 34 0.000000
6 34 0.000000
7 34 0.000000
8 34 0.000000
9 34 0.000000
10 34 0.000000
11 34 0.000000
12 34 0.000000
13 34 0.000000
14 34 0.000000
15 34 0.000000
16 34 0.000000
17 34 0.000000
18 34 0.000000
19 34 0.000000
20 34 0.000000
21 34 0.000000
22 34 0.000000
23 34 0.000000
24 34 0.000000
25 34 0.000000
26 34 0.000000
27 34 4738.288993
28 34 4699.232891
29 34 4658.080336
30 34 4642.761889
31 34 4662.503010
32 34 4697.579990
33 34 0.000000
34 34 0.000000
35 34 0.000000
36 34 0.000000
37 34 0.000000
38 34 0.000000
39 34 0.000000
40 34 0.000000
41 34 0.000000
42 34 0.000000
43 34 0.000000
44 34 0.000000
45 34 0.000000
0 33 0.000000
1 33 0.000000
2 33 0.000000
3 33 0.000000
4 33 0.000000
5 33 0.000000
6 33 0.000000
7 33 0.000000
8 33 0.000000
9 33 0.000000
10 33 0.000000
11 33 0.000000
12 33 0.000000
13 33 0.000000
14 33 0.000000
15 33 0.000000
16 33 0.000000
17 33 0.000000
18 33 0.000000
19 33 0.000000
20 33 0.000000
21 33 0.000000
22 33 0.000000
23 33 0.000000
24 33 0.000000
25 33 0.000000
26 33 0.000000
27 33 4747.768718
28 33 4702.882314
29 33 4657.889971
30 33 4650.228767
31 33 4686.336887
32 33 4745.075509
33 33 4795.128685
34 33 0.000000
35 33 0.000000
36 33 0.000000
37 33 0.000000
38 33 0.000000
39 33 0.000000
40 33 0.000000
41 33 0.000000
42 33 0.000000
43 33 0.000000
44 33 0.000000
45 33 0.000000
0 32 0.000000
1 32 0.000000
2 32 0.000000
3 32 0.000000
4 32 0.000000
5 32 0.000000
6 32 0.000000
7 32 0.000000
8 32 0.000000
9 32 0.000000
10 32 0.000000
11 32 0.000000
12 32 0.000000
13 32 0.000000
14 32 0.000000
15 32 0.000000
16 32 0.000000
17 32 0.000000
18 32 0.000000
19 32 0.000000
20 32 0.000000
21 32 0.000000
22 32 0.000000
23 32 0.000000
24 32 0.000000
25 32 0.000000
26 32 4805.978938
27 32 4763.294936
28 32 4710.778852
29 32 4667.879760
30 32 4665.373134
31 32 4706.281896
32 32 4768.892047
33 32 4813.288526
34 32 0.000000
35 32 0.000000
36 32 0.000000
37 32 0.000000
38 32 0.000000
39 32 0.000000
40 32 0.000000
41 32 0.000000
42 32 0.000000
43 32 0.000000
44 32 0.000000
45 32 0.000000
0 31 0.000000
1 31 0.000000
2 31 0.000000
3 31 0.000000
4 31 0.000000
5 31 0.000000
6 31 0.000000
7 31 0.000000
8 31 0.000000
9 31 0.000000
10 31 0.000000
11 31 0.000000
12 31 0.000000
13 31 0.000000
14 31 0.000000
15 31 0.000000
16 31 0.000000
17 31 0.000000
18 31 0.000000
19 31 0.000000
20 31 0.000000
21 31 0.000000
22 31 0.000000
23 31 0.000000
24 31 0.000000
25 31 4860.014729
26 31 4817.820514
27 31 4777.200148
28 31 4731.306343
29 31 4698.046571
30 31 4701.546339
31 31 4737.495973
32 31 4786.967270
33 31 4822.115155
34 31 0.000000
35 31 0.000000
36 31 0.000000
37 31 0.000000
38 31 0.000000
39 31 0.000000
40 31 0.000000
41 31 0.000000
42 31 0.000000
43 31 0.000000
44 31 0.000000
45 31 0.000000
0 30 0.000000
1 30 0.000000
2 30 0.000000
3 30 0.000000
4 30 0.000000
5 30 0.000000
6 30 0.000000
7 30 0.000000
8 30 0.000000
9 30 0.000000
10 30 0.000000
11 30 0.000000
12 30 0.000000
13 30 0.000000
14 30 0.000000
15 30 0.000000
16 30 0.000000
17 30 0.000000
18 30 0.000000
19 30 0.000000
20 30 0.000000
21 30 0.000000
22 30 0.000000
23 30 0.000000
24 30 4933.100071
25 30 4873.262720
26 30 4821.500204
27 30 4784.555559
28 30 4753.706926
29 30 4738.664872
30 30 4749.192611
31 30 4776.677047
32 30 4811.896752
33 30 4838.045353
34 30 0.000000
35 30 0.000000
36 30 0.000000
37 30 0.000000
38 30 0.000000
39 30 0.000000
40 30 0.000000
41 30 0.000000
42 30 0.000000
43 30 0.000000
44 30 0.000000
45 30 0.000000
0 29 0.000000
1 29 0.000000
2 29 0.000000
3 29 0.000000
4 29 0.000000
5 29 0.000000
6 29 0.000000
7 29 0.000000
8 29 0.000000
9 29 0.000000
10 29 0.000000
11 29 0.000000
12 29 0.000000
13 29 5491.802364
14 29 5458.092020
15 29 5415.322099
16 29 5362.420899
17 29 5299.364758
18 29 5248.718154
19 29 5210.196428
20 29 5161.849632
21 29 5103.523125
22 29 5050.860812
23 29 4999.370861
24 29 4942.724404
25 29 4882.369251
26 29 4830.144193
27 29 4796.716319
28 29 4777.424661
29 29 4775.429580
30 29 4788.827715
31 29 4810.450028
32 29 4840.038605
33 29 4863.830204
34 29 0.000000
35 29 0.000000
36 29 0.000000
37 29 0.000000
38 29 0.000000
39 29 0.000000
40 29 0.000000
41 29 0.000000
42 29 0.000000
43 29 0.000000
44 29 0.000000
45 29 0.000000
0 28 0.000000
1 28 0.000000
2 28 0.000000
3 28 0.000000
4 28 0.000000
5 28 0.000000
6 28 0.000000
7 28 0.000000
8 28 0.000000
9 28 0.000000
10 28 0.000000
11 28 0.000000
12 28 5494.896999
13 28 5446.368818
14 28 5404.870236
15 28 5369.139534
16 28 5325.585673
17 28 5273.153105
18 28 5230.426593
19 28 5195.211442
20 28 5147.831507
21 28 5092.411534
22 28 5042.210394
23 28 4993.894990
24 28 4943.593324
25 28 4895.923586
26 28 4855.850021
27 28 4827.551101
28 28 4813.045479
29 28 4812.327506
30 28 4822.540285
31 28 4840.040955
32 28 4868.084877
33 28 4892.874075
34 28 0.000000
35 28 0.000000
36 28 0.000000
37 28 0.000000
38 28 0.000000
39 28 0.000000
40 28 0.000000
41 28 0.000000
42 28 0.000000
43 28 0.000000
44 28 0.000000
45 28 0.000000
0 27 0.000000
1 27 0.000000
2 27 0.000000
3 27 0.000000
4 27 0.000000
5 27 0.000000
6 27 0.000000
7 27 0.000000
8 27 0.000000
9 27 0.000000
10 27 0.000000
11 27 5541.691210
12 27 5474.369923
13 27 5402.976013
14 27 5359.900981
15 27 5332.110986
16 27 5296.620612
17 27 5252.437039
18 27 5214.340039
19 27 5180.303567
20 27 5133.726444
21 27 5081.990562
22 27 5036.163260
23 27 4990.526446
24 27 4948.791173
25 27 4917.759691
26 27 4893.278210
27 27 4871.922624
28 27 4856.365064
29 27 4852.291318
30 27 4859.882113
31 27 4874.980652
32 27 4901.386454
33 27 4926.010331
34 27 0.000000
35 27 0.000000
36 27 0.000000
37 27 0.000000
38 27 0.000000
39 27 0.000000
40 27 0.000000
41 27 0.000000
42 27 0.000000
43 27 0.000000
44 27 0.000000
45 27 0.000000
0 26 0.000000
1 26 0.000000
2 26 0.000000
3 26 0.000000
4 26 0.000000
5 26 0.000000
6 26 0.000000
7 26 0.000000
8 26 0.000000
9 26 0.000000
10 26 0.000000
11 26 5510.681332
12 26 5447.568990
13 26 5383.041096
14 26 5351.129206
15 26 5325.963583
16 26 5290.234049
17 26 5246.466695
18 26 5208.278005
19 26 5174.461038
20 26 5131.710854
21 26 5084.611587
22 26 5042.371534
23 26 5000.844108
24 26 4964.916095
25 26 4941.552380
26 26 4925.323666
27 26 4908.744829
28 26 4891.430799
29 26 4884.302905
30 26 4892.956846
31 26 4911.176255
32 26 4933.889774
33 26 4953.025970
34 26 0.000000
35 26 0.000000
36 26 0.000000
37 26 0.000000
38 26 0.000000
39 26 0.000000
40 26 0.000000
41 26 0.000000
42 26 0.000000
43 26 0.000000
44 26 0.000000
45 26 0.000000
0 25 0.000000
1 25 0.000000
2 25 0.000000
3 25 0.000000
4 25 0.000000
5 25 0.000000
6 25 0.000000
7 25 0.000000
8 25 0.000000
9 25 0.000000
10 25 0.000000
11 25 5485.256414
12 25 5429.975811
13 25 5384.683768
14 25 5358.395021
15 25 5330.702343
16 25 5290.508576
17 25 5245.475713
18 25 5208.765509
19 25 5176.748240
20 25 5139.080211
21 25 5096.506834
22 25 5054.805489
23 25 5015.671046
24 25 4983.273309
25 25 4959.648769
26 25 4942.198717
27 25 4926.944889
28 25 4911.170597
29 25 4905.051042
30 25 4917.411779
31 25 4942.305239
32 25 4963.213786
33 25 0.000000
34 25 0.000000
35 25 0.000000
36 25 0.000000
37 25 0.000000
38 25 0.000000
39 25 0.000000
40 25 0.000000
41 25 0.000000
42 25 0.000000
43 25 0.000000
44 25 0.000000
45 25 0.000000
0 24 0.000000
1 24 0.000000
2 24 0.000000
3 24 0.000000
4 24 0.000000
5 24 0.000000
6 24 0.000000
7 24 0.000000
8 24 0.000000
9 24 0.000000
10 24 5562.582649
11 24 5496.986367
12 24 5434.374024
13 24 5398.421665
14 24 5373.294578
15 24 5342.091980
16 24 5298.010706
17 24 5252.050953
18 24 5216.404279
19 24 5184.608623
20 24 5148.883987
21 24 5109.352793
22 24 5067.237493
23 24 5028.825066
24 24 4998.623800
25 24 4972.982568
26 24 4951.953776
27 24 4935.391588
28 24 4922.915519
29 24 4924.182312
30 24 4943.340771
31 24 4969.125335
32 24 4987.974687
33 24 0.000000
34 24 0.000000
35 24 0.000000
36 24 0.000000
37 24 0.000000
38 24 0.000000
39 24 0.000000
40 24 0.000000
41 24 0.000000
42 24 0.000000
43 24 0.000000
44 24 0.000000
45 24 0.000000
0 23 0.000000
1 23 0.000000
2 23 0.000000
3 23 0.000000
4 23 0.000000
5 23 0.000000
6 23 0.000000
7 23 0.000000
8 23 0.000000
9 23 0.000000
10 23 5582.387749
11 23 5522.650927
12 23 5457.389215
13 23 5422.438138
14 23 5396.377405
15 23 5360.423981
16 23 5312.924060
17 23 5266.519921
18 23 5229.653736
19 23 5195.994658
20 23 5160.849316
21 23 5124.799027
22 23 5085.017508
23 23 5046.493847
24 23 5014.689712
25 23 4987.542277
26 23 4966.360220
27 23 4949.666261
28 23 4941.614291
29 23 4952.811798
30 23 4979.699868
31 23 5011.243209
32 23 0.000000
33 23 0.000000
34 23 0.000000
35 23 0.000000
36 23 0.000000
37 23 0.000000
38 23 0.000000
39 23 0.000000
40 23 0.000000
41 23 0.000000
42 23 0.000000
43 23 0.000000
44 23 0.000000
45 23 0.000000
0 22 0.000000
1 22 0.000000
2 22 0.000000
3 22 0.000000
4 22 0.000000
5 22 0.000000
6 22 0.000000
7 22 0.000000
8 22 0.000000
9 22 0.000000
10 22 5606.682649
11 22 5562.507694
12 22 5510.646321
13 22 5473.440066
14 22 5438.808373
15 22 5388.876825
16 22 5334.799392
17 22 5289.856226
18 22 5252.154111
19 22 5215.949023
20 22 5179.862174
21 22 5145.549958
22 22 5108.338814
23 22 5067.831159
24 22 5031.790475
25 22 5004.397884
26 22 4985.743862
27 22 4972.243396
28 22 4971.082310
29 22 4991.438664
30 22 5025.910324
31 22 5070.463175
32 22 5122.341311
33 22 5150.100523
34 22 5150.184278
35 22 0.000000
36 22 0.000000
37 22 0.000000
38 22 0.000000
39 22 0.000000
40 22 0.000000
41 22 0.000000
42 22 0.000000
43 22 0.000000
44 22 0.000000
45 22 0.000000
0 21 0.000000
1 21 0.000000
2 21 0.000000
3 21 0.000000
4 21 0.000000
5 21 0.000000
6 21 0.000000
7 21 0.000000
8 21 0.000000
9 21 0.000000
10 21 0.000000
11 21 5628.307814
12 21 5592.572420
13 21 5549.479095
14 21 5499.991327
15 21 5433.387828
16 21 5373.124814
17 21 5330.192427
18 21 5293.194163
19 21 5253.950503
20 21 5210.897636
21 21 5170.166986
22 21 5130.331456
23 21 5087.016897
24 21 5048.552796
25 21 5022.290612
26 21 5006.531873
27 21 4998.731860
28 21 5007.094978
29 21 5036.501060
30 21 5078.709177
31 21 5124.289102
32 21 5155.748204
33 21 5161.262186
34 21 5155.609750
35 21 0.000000
36 21 0.000000
37 21 0.000000
38 21 0.000000
39 21 0.000000
40 21 0.000000
41 21 0.000000
42 21 0.000000
43 21 0.000000
44 21 0.000000
45 21 0.000000
0 20 0.000000
1 20 0.000000
2 20 0.000000
3 20 0.000000
4 20 0.000000
5 20 0.000000
6 20 0.000000
7 20 0.000000
8 20 0.000000
9 20 0.000000
10 20 0.000000
11 20 5702.741985
12 20 5669.238797
13 20 5621.058126
14 20 5563.725296
15 20 5492.890869
16 20 5430.177256
17 20 5385.031950
18 20 5348.616784
19 20 5307.158794
20 20 5253.307903
21 20 5200.048464
22 20 5153.788705
23 20 5108.375728
24 20 5067.764576
25 20 5041.658021
26 20 5031.690265
27 20 5034.553334
28 20 5053.535193
29 20 5090.240695
30 20 5134.392359
31 20 5169.920208
32 20 5183.387584
33 20 5176.051408
34 20 5163.965850
35 20 0.000000
36 20 0.000000
37 20 0.000000
38 20 0.000000
39 20 0.000000
40 20 0.000000
41 20 0.000000
42 20 0.000000
43 20 0.000000
44 20 0.000000
45 20 0.000000
0 19 0.000000
1 19 0.000000
2 19 0.000000
3 19 0.000000
4 19 0.000000
5 19 0.000000
6 19 0.000000
7 19 0.000000
8 19 0.000000
9 19 0.000000
10 19 0.000000
11 19 5742.758761
12 19 5710.547426
13 19 5663.588591
14 19 5616.053994
15 19 5556.534542
16 19 5494.239673
17 19 5445.520765
18 19 5406.549128
19 19 5363.145799
20 19 5302.029159
21 19 5236.156914
22 19 5181.684566
23 19 5136.077857
24 19 5096.302493
25 19 5070.148212
26 19 5064.843026
27 19 5077.068178
28 19 5102.928726
29 19 5141.519474
30 19 5178.736300
31 19 5198.348274
32 19 5200.013004
33 19 5189.798402
34 19 0.000000
35 19 0.000000
36 19 0.000000
37 19 0.000000
38 19 0.000000
39 19 0.000000
40 19 0.000000
41 19 0.000000
42 19 0.000000
43 19 0.000000
44 19 0.000000
45 19 0.000000
0 18 0.000000
1 18 0.000000
2 18 0.000000
3 18 0.000000
4 18 0.000000
5 18 0.000000
6 18 0.000000
7 18 0.000000
8 18 0.000000
9 18 0.000000
10 18 0.000000
11 18 0.000000
12 18 0.000000
13 18 0.000000
14 18 5666.309391
15 18 5621.381042
16 18 5567.229997
17 18 5523.874179
18 18 5481.192514
19 18 5431.393940
20 18 5363.268323
21 18 5286.388132
22 18 5222.877090
23 18 5176.682367
24 18 5142.667151
25 18 5117.856167
26 18 5108.286335
27 18 5117.424407
28 18 5140.373930
29 18 5172.647538
30 18 5200.064603
31 18 5212.203229
32 18 5213.864217
33 18 0.000000
34 18 0.000000
35 18 0.000000
36 18 0.000000
37 18 0.000000
38 18 0.000000
39 18 0.000000
40 18 0.000000
41 18 0.000000
42 18 0.000000
43 18 0.000000
44 18 0.000000
45 18 0.000000
0 17 0.000000
1 17 0.000000
2 17 0.000000
3 17 0.000000
4 17 0.000000
5 17 0.000000
6 17 0.000000
7 17 0.000000
8 17 0.000000
9 17 0.000000
10 17 0.000000
11 17 0.000000
12 17 0.000000
13 17 0.000000
14 17 5715.071523
15 17 5689.535523
16 17 5656.475401
17 17 5623.116223
18 17 5577.089478
19 17 5503.991104
20 17 5409.947395
21 17 5333.935432
22 17 5273.872686
23 17 5228.863566
24 17 5202.566570
25 17 5179.930978
26 17 5163.032886
27 17 5162.426252
28 17 5173.013744
29 17 5190.056669
30 17 5209.341953
31 17 5225.034554
32 17 5233.547930
33 17 0.000000
34 17 0.000000
35 17 0.000000
36 17 0.000000
37 17 0.000000
38 17 0.000000
39 17 0.000000
40 17 0.000000
41 17 0.000000
42 17 0.000000
43 17 0.000000
44 17 0.000000
45 17 0.000000
0 16 0.000000
1 16 0.000000
2 16 0.000000
3 16 0.000000
4 16 0.000000
5 16 0.000000
6 16 0.000000
7 16 0.000000
8 16 0.000000
9 16 0.000000
10 16 0.000000
11 16 0.000000
12 16 0.000000
13 16 0.000000
14 16 0.000000
15 16 5743.695159
16 16 5722.228982
17 16 5692.220067
18 16 5654.884461
19 16 0.000000
20 16 0.000000
21 16 5352.043467
22 16 5302.345392
23 16 5262.330088
24 16 5243.407951
25 16 5225.409860
26 16 5214.140409
27 16 5213.037672
28 16 5211.687146
29 16 5213.465811
30 16 5228.196219
31 16 5251.962663
32 16 5268.658514
33 16 0.000000
34 16 0.000000
35 16 0.000000
36 16 0.000000
37 16 0.000000
38 16 0.000000
39 16 0.000000
40 16 0.000000
41 16 0.000000
42 16 0.000000
43 16 0.000000
44 16 0.000000
45 16 0.000000
0 15 0.000000
1 15 0.000000
2 15 0.000000
3 15 0.000000
4 15 0.000000
5 15 0.000000
6 15 0.000000
7 15 0.000000
8 15 0.000000
9 15 0.000000
10 15 0.000000
11 15 0.000000
12 15 0.000000
13 15 0.000000
14 15 0.000000
15 15 0.000000
16 15 0.000000
17 15 0.000000
18 15 0.000000
19 15 0.000000
20 15 0.000000
21 15 0.000000
22 15 0.000000
23 15 0.000000
24 15 0.000000
25 15 0.000000
26 15 5249.900982
27 15 5256.279282
28 15 5252.305189
29 15 5250.644428
30 15 5269.570247
31 15 5304.147878
32 15 5330.162364
33 15 0.000000
34 15 0.000000
35 15 0.000000
36 15 0.000000
37 15 0.000000
38 15 0.000000
39 15 0.000000
40 15 0.000000
41 15 0.000000
42 15 0.000000
43 15 0.000000
44 15 0.000000
45 15 0.000000
0 14 0.000000
1 14 0.000000
2 14 0.000000
3 14 0.000000
4 14 0.000000
5 14 0.000000
6 14 0.000000
7 14 0.000000
8 14 0.000000
9 14 0.000000
10 14 0.000000
11 14 0.000000
12 14 0.000000
13 14 0.000000
14 14 0.000000
15 14 0.000000
16 14 0.000000
17 14 0.000000
18 14 0.000000
19 14 0.000000
20 14 0.000000
21 14 0.000000
22 14 0.000000
23 14 0.000000
24 14 0.000000
25 14 0.000000
26 14 0.000000
27 14 5301.803857
28 14 5298.517679
29 14 5304.764774
30 14 5335.833703
31 14 5372.056671
32 14 5392.291448
33 14 0.000000
34 14 0.000000
35 14 0.000000
36 14 0.000000
37 14 0.000000
38 14 0.000000
39 14 0.000000
40 14 0.000000
41 14 0.000000
42 14 0.000000
43 14 0.000000
44 14 0.000000
45 14 0.000000
0 13 0.000000
1 13 0.000000
2 13 0.000000
3 13 0.000000
4 13 0.000000
5 13 0.000000
6 13 0.000000
7 13 0.000000
8 13 0.000000
9 13 0.000000
10 13 0.000000
11 13 0.000000
12 13 0.000000
13 13 0.000000
14 13 0.000000
15 13 0.000000
16 13 0.000000
17 13 0.000000
18 13 0.000000
19 13 0.000000
20 13 0.000000
21 13 0.000000
22 13 0.000000
23 13 0.000000
24 13 0.000000
25 13 0.000000
26 13 0.000000
27 13 5356.460760
28 13 5360.277775
29 13 5380.878265
30 13 5421.242984
31 13 5452.134676
32 13 0.000000
33 13 0.000000
34 13 0.000000
35 13 0.000000
36 13 0.000000
37 13 0.000000
38 13 0.000000
39 13 0.000000
40 13 0.000000
41 13 0.000000
42 13 0.000000
43 13 0.000000
44 13 0.000000
45 13 0.000000
0 12 0.000000
1 12 0.000000
2 12 0.000000
3 12 0.000000
4 12 0.000000
5 12 0.000000
6 12 0.000000
7 12 0.000000
8 12 0.000000
9 12 0.000000
10 12 0.000000
11 12 0.000000
12 12 0.000000
13 12 0.000000
14 12 0.000000
15 12 0.000000
16 12 0.000000
17 12 0.000000
18 12 0.000000
19 12 0.000000
20 12 0.000000
21 12 0.000000
22 12 0.000000
23 12 0.000000
24 12 0.000000
25 12 0.000000
26 12 0.000000
27 12 5403.374189
28 12 5434.044816
29 12 5472.601274
30 12 5515.699476
31 12 5546.291798
32 12 0.000000
33 12 0.000000
34 12 0.000000
35 12 0.000000
36 12 0.000000
37 12 0.000000
38 12 0.000000
39 12 0.000000
40 12 0.000000
41 12 0.000000
42 12 0.000000
43 12 0.000000
44 12 0.000000
45 12 0.000000
0 11 0.000000
1 11 0.000000
2 11 0.000000
3 11 0.000000
4 11 0.000000
5 11 0.000000
6 11 0.000000
7 11 0.000000
8 11 0.000000
9 11 0.000000
10 11 0.000000
11 11 0.000000
12 11 0.000000
13 11 0.000000
14 11 0.000000
15 11 0.000000
16 11 0.000000
17 11 0.000000
18 11 0.000000
19 11 0.000000
20 11 0.000000
21 11 0.000000
22 11 0.000000
23 11 0.000000
24 11 0.000000
25 11 0.000000
26 11 0.000000
27 11 0.000000
28 11 5496.424260
29 11 5536.186332
30 11 5579.228682
31 11 5607.305643
32 11 0.000000
33 11 0.000000
34 11 0.000000
35 11 0.000000
36 11 0.000000
37 11 0.000000
38 11 0.000000
39 11 0.000000
40 11 0.000000
41 11 0.000000
42 11 0.000000
43 11 0.000000
44 11 0.000000
45 11 0.000000
0 10 0.000000
1 10 0.000000
2 10 0.000000
3 10 0.000000
4 10 0.000000
5 10 0.000000
6 10 0.000000
7 10 0.000000
8 10 0.000000
9 10 0.000000
10 10 0.000000
11 10 0.000000
12 10 0.000000
13 10 0.000000
14 10 0.000000
15 10 0.000000
16 10 0.000000
17 10 0.000000
18 10 0.000000
19 10 0.000000
20 10 0.000000
21 10 0.000000
22 10 0.000000
23 10 0.000000
24 10 0.000000
25 10 0.000000
26 10 0.000000
27 10 0.000000
28 10 0.000000
29 10 0.000000
30 10 0.000000
31 10 0.000000
32 10 0.000000
33 10 0.000000
34 10 0.000000
35 10 0.000000
36 10 0.000000
37 10 0.000000
38 10 0.000000
39 10 0.000000
40 10 0.000000
41 10 0.000000
42 10 0.000000
43 10 0.000000
44 10 0.000000
45 10 0.000000
0 9 0.000000
1 9 0.000000
2 9 0.000000
3 9 0.000000
4 9 0.000000
5 9 0.000000
6 9 0.000000
7 9 0.000000
8 9 0.000000
9 9 0.000000
10 9 0.000000
11 9 0.000000
12 9 0.000000
13 9 0.000000
14 9 0.000000
15 9 0.000000
16 9 0.000000
17 9 0.000000
18 9 0.000000
19 9 0.000000
20 9 0.000000
21 9 0.000000
22 9 0.000000
23 9 0.000000
24 9 0.000000
25 9 0.000000
26 9 0.000000
27 9 0.000000
28 9 0.000000
29 9 0.000000
30 9 0.000000
31 9 0.000000
32 9 0.000000
33 9 0.000000
34 9 0.000000
35 9 0.000000
36 9 0.000000
37 9 0.000000
38 9 0.000000
39 9 0.000000
40 9 0.000000
41 9 0.000000
42 9 0.000000
43 9 0.000000
44 9 0.000000
45 9 0.000000
0 8 0.000000
1 8 0.000000
2 8 0.000000
3 8 0.000000
4 8 0.000000
5 8 0.000000
6 8 0.000000
7 8 0.000000
8 8 0.000000
9 8 0.000000
10 8 0.000000
11 8 0.000000
12 8 0.000000
13 8 0.000000
14 8 0.000000
15 8 0.000000
16 8 0.000000
17 8 0.000000
18 8 0.000000
19 8 0.000000
20 8 0.000000
21 8 0.000000
22 8 0.000000
23 8 0.000000
24 8 0.000000
25 8 0.000000
26 8 0.000000
27 8 0.000000
28 8 0.000000
29 8 0.000000
30 8 0.000000
31 8 0.000000
32 8 0.000000
33 8 0.000000
34 8 0.000000
35 8 0.000000
36 8 0.000000
37 8 0.000000
38 8 0.000000
39 8 0.000000
40 8 0.000000
41 8 0.000000
42 8 0.000000
43 8 0.000000
44 8 0.000000
45 8 0.000000
0 7 0.000000
1 7 0.000000
2 7 0.000000
3 7 0.000000
4 7 0.000000
5 7 0.000000
6 7 0.000000
7 7 0.000000
8 7 0.000000
9 7 0.000000
10 7 0.000000
11 7 0.000000
12 7 0.000000
13 7 0.000000
14 7 0.000000
15 7 0.000000
16 7 0.000000
17 7 0.000000
18 7 0.000000
19 7 0.000000
20 7 0.000000
21 7 0.000000
22 7 0.000000
23 7 0.000000
24 7 0.000000
25 7 0.000000
26 7 0.000000
27 7 0.000000
28 7 0.000000
29 7 0.000000
30 7 0.000000
31 7 0.000000
32 7 0.000000
33 7 0.000000
34 7 0.000000
35 7 0.000000
36 7 0.000000
37 7 0.000000
38 7 0.000000
39 7 0.000000
40 7 0.000000
41 7 0.000000
42 7 0.000000
43 7 0.000000
44 7 0.000000
45 7 0.000000
0 6 0.000000
1 6 0.000000
2 6 0.000000
3 6 0.000000
4 6 0.000000
5 6 0.000000
6 6 0.000000
7 6 0.000000
8 6 0.000000
9 6 0.000000
10 6 0.000000
11 6 0.000000
12 6 0.000000
13 6 0.000000
14 6 0.000000
15 6 0.000000
16 6 0.000000
17 6 0.000000
18 6 0.000000
19 6 0.000000
20 6 0.000000
21 6 0.000000
22 6 0.000000
23 6 0.000000
24 6 0.000000
25 6 0.000000
26 6 0.000000
27 6 0.000000
28 6 0.000000
29 6 0.000000
30 6 0.000000
31 6 0.000000
32 6 0.000000
33 6 0.000000
34 6 0.000000
35 6 0.000000
36 6 0.000000
37 6 0.000000
38 6 0.000000
39 6 0.000000
40 6 0.000000
41 6 0.000000
42 6 0.000000
43 6 0.000000
44 6 0.000000
45 6 0.000000
0 5 0.000000
1 5 0.000000
2 5 0.000000
3 5 0.000000
4 5 0.000000
5 5 0.000000
6 5 0.000000
7 5 0.000000
8 5 0.000000
9 5 0.000000
10 5 0.000000
11 5 0.000000
12 5 0.000000
13 5 0.000000
14 5 0.000000
15 5 0.000000
16 5 0.000000
17 5 0.000000
18 5 0.000000
19 5 0.000000
20 5 0.000000
21 5 0.000000
22 5 0.000000
23 5 0.000000
24 5 0.000000
25 5 0.000000
26 5 0.000000
27 5 0.000000
28 5 0.000000
29 5 0.000000
30 5 0.000000
31 5 0.000000
32 5 0.000000
33 5 0.000000
34 5 0.000000
35 5 0.000000
36 5 0.000000
37 5 0.000000
38 5 0.000000
39 5 0.000000
40 5 0.000000
41 5 0.000000
42 5 0.000000
43 5 0.000000
44 5 0.000000
45 5 0.000000
0 4 0.000000
1 4 0.000000
2 4 0.000000
3 4 0.000000
4 4 0.000000
5 4 0.000000
6 4 0.000000
7 4 0.000000
8 4 0.000000
9 4 0.000000
10 4 0.000000
11 4 0.000000
12 4 0.000000
13 4 0.000000
14 4 0.000000
15 4 0.000000
16 4 0.000000
17 4 0.000000
18 4 0.000000
19 4 0.000000
20 4 0.000000
21 4 0.000000
22 4 0.000000
23 4 0.000000
24 4 0.000000
25 4 0.000000
26 4 0.000000
27 4 0.000000
28 4 0.000000
29 4 0.000000
30 4 0.000000
31 4 0.000000
32 4 0.000000
33 4 0.000000
34 4 0.000000
35 4 0.000000
36 4 0.000000
37 4 0.000000
38 4 0.000000
39 4 0.000000
40 4 0.000000
41 4 0.000000
42 4 0.000000
43 4 0.000000
44 4 0.000000
45 4 0.000000
0 3 0.000000
1 3 0.000000
2 3 0.000000
3 3 0.000000
4 3 0.000000
5 3 0.000000
6 3 0.000000
7 3 0.000000
8 3 0.000000
9 3 0.000000
10 3 0.000000
11 3 0.000000
12 3 0.000000
13 3 0.000000
14 3 0.000000
15 3 0.000000
16 3 0.000000
17 3 0.000000
18 3 0.000000
19 3 0.000000
20 3 0.000000
21 3 0.000000
22 3 0.000000
23 3 0.000000
24 3 0.000000
25 3 0.000000
26 3 0.000000
27 3 0.000000
28 3 0.000000
29 3 0.000000
30 3 0.000000
31 3 0.000000
32 3 0.000000
33 3 0.000000
34 3 0.000000
35 3 0.000000
36 3 0.000000
37 3 0.000000
38 3 0.000000
39 3 0.000000
40 3 0.000000
41 3 0.000000
42 3 0.000000
43 3 0.000000
44 3 0.000000
45 3 0.000000
0 2 0.000000
1 2 0.000000
2 2 0.000000
3 2 0.000000
4 2 0.000000
5 2 0.000000
6 2 0.000000
7 2 0.000000
8 2 0.000000
9 2 0.000000
10 2 0.000000
11 2 0.000000
12 2 0.000000
13 2 0.000000
14 2 0.000000
15 2 0.000000
16 2 0.000000
17 2 0.000000
18 2 0.000000
19 2 0.000000
20 2 0.000000
21 2 0.000000
22 2 0.000000
23 2 0.000000
24 2 0.000000
25 2 0.000000
26 2 0.000000
27 2 0.000000
28 2 0.000000
29 2 0.000000
30 2 0.000000
31 2 0.000000
32 2 0.000000
33 2 0.000000
34 2 0.000000
35 2 0.000000
36 2 0.000000
37 2 0.000000
38 2 0.000000
39 2 0.000000
40 2 0.000000
41 2 0.000000
42 2 0.000000
43 2 0.000000
44 2 0.000000
45 2 0.000000
0 1 0.000000
1 1 0.000000
2 1 0.000000
3 1 0.000000
4 1 0.000000
5 1 0.000000
6 1 0.000000
7 1 0.000000
8 1 0.000000
9 1 0.000000
10 1 0.000000
11 1 0.000000
12 1 0.000000
13 1 0.000000
14 1 0.000000
15 1 0.000000
16 1 0.000000
17 1 0.000000
18 1 0.000000
19 1 0.000000
20 1 0.000000
21 1 0.000000
22 1 0.000000
23 1 0.000000
24 1 0.000000
25 1 0.000000
26 1 0.000000
27 1 0.000000
28 1 0.000000
29 1 0.000000
30 1 0.000000
31 1 0.000000
32 1 0.000000
33 1 0.000000
34 1 0.000000
35 1 0.000000
36 1 0.000000
37 1 0.000000
38 1 0.000000
39 1 0.000000
40 1 0.000000
41 1 0.000000
42 1 0.000000
43 1 0.000000
44 1 0.000000
45 1 0.000000
0 0 0.000000
1 0 0.000000
2 0 0.000000
3 0 0.000000
4 0 0.000000
5 0 0.000000
6 0 0.000000
7 0 0.000000
8 0 0.000000
9 0 0.000000
10 0 0.000000
11 0 0.000000
12 0 0.000000
13 0 0.000000
14 0 0.000000
15 0 0.000000
16 0 0.000000
17 0 0.000000
18 0 0.000000
19 0 0.000000
20 0 0.000000
21 0 0.000000
22 0 0.000000
23 0 0.000000
24 0 0.000000
25 0 0.000000
26 0 0.000000
27 0 0.000000
28 0 0.000000
29 0 0.000000
30 0 0.000000
31 0 0.000000
32 0 0.000000
33 0 0.000000
34 0 0.000000
35 0 0.000000
36 0 0.000000
37 0 0.000000
38 0 0.000000
39 0 0.000000
40 0 0.000000
41 0 0.000000
42 0 0.000000
43 0 0.000000
44 0 0.000000
45 0 0.000000
