0 43 0.000000 0.000000
1 43 0.000000 0.000000
2 43 0.000000 0.000000
3 43 0.000000 0.000000
4 43 0.000000 0.000000
5 43 0.000000 0.000000
6 43 0.000000 0.000000
7 43 0.000000 0.000000
8 43 0.000000 0.000000
9 43 0.000000 0.000000
10 43 0.000000 0.000000
11 43 0.000000 0.000000
12 43 0.000000 0.000000
13 43 0.000000 0.000000
14 43 0.000000 0.000000
15 43 0.000000 0.000000
16 43 0.000000 0.000000
17 43 0.000000 0.000000
18 43 0.000000 0.000000
19 43 0.000000 0.000000
20 43 0.000000 0.000000
21 43 0.000000 0.000000
22 43 0.000000 0.000000
23 43 0.000000 0.000000
24 43 0.000000 0.000000
25 43 0.000000 0.000000
26 43 0.000000 0.000000
27 43 0.000000 0.000000
28 43 0.000000 0.000000
29 43 0.000000 0.000000
30 43 0.000000 0.000000
31 43 0.000000 0.000000
32 43 0.000000 0.000000
33 43 0.000000 0.000000
34 43 0.000000 0.000000
35 43 0.000000 0.000000
36 43 0.000000 0.000000
37 43 0.000000 0.000000
38 43 0.000000 0.000000
39 43 0.000000 0.000000
40 43 0.000000 0.000000
41 43 0.000000 0.000000
42 43 0.000000 0.000000
43 43 0.000000 0.000000
44 43 0.000000 0.000000
45 43 0.000000 0.000000
46 43 0.000000 0.000000
47 43 0.000000 0.000000
48 43 0.000000 0.000000
0 42 0.000000 0.000000
1 42 0.000000 0.000000
2 42 0.000000 0.000000
3 42 0.000000 0.000000
4 42 0.000000 0.000000
5 42 0.000000 0.000000
6 42 0.000000 0.000000
7 42 0.000000 0.000000
8 42 0.000000 0.000000
9 42 0.000000 0.000000
10 42 0.000000 0.000000
11 42 0.000000 0.000000
12 42 0.000000 0.000000
13 42 0.000000 0.000000
14 42 0.000000 0.000000
15 42 0.000000 0.000000
16 42 0.000000 0.000000
17 42 0.000000 0.000000
18 42 0.000000 0.000000
19 42 0.000000 0.000000
20 42 0.000000 0.000000
21 42 0.000000 0.000000
22 42 0.000000 0.000000
23 42 0.000000 0.000000
24 42 0.000000 0.000000
25 42 0.000000 0.000000
26 42 0.000000 0.000000
27 42 0.000000 0.000000
28 42 0.000000 0.000000
29 42 0.000000 0.000000
30 42 0.000000 0.000000
31 42 0.000000 0.000000
32 42 0.000000 0.000000
33 42 0.000000 0.000000
34 42 0.000000 0.000000
35 42 0.000000 0.000000
36 42 0.000000 0.000000
37 42 0.000000 0.000000
38 42 0.000000 0.000000
39 42 0.000000 0.000000
40 42 0.000000 0.000000
41 42 0.000000 0.000000
42 42 0.000000 0.000000
43 42 0.000000 0.000000
44 42 0.000000 0.000000
45 42 0.000000 0.000000
46 42 0.000000 0.000000
47 42 0.000000 0.000000
48 42 0.000000 0.000000
0 41 0.000000 0.000000
1 41 0.000000 0.000000
2 41 0.000000 0.000000
3 41 0.000000 0.000000
4 41 0.000000 0.000000
5 41 0.000000 0.000000
6 41 0.000000 0.000000
7 41 0.000000 0.000000
8 41 0.000000 0.000000
9 41 0.000000 0.000000
10 41 0.000000 0.000000
11 41 0.000000 0.000000
12 41 0.000000 0.000000
13 41 0.000000 0.000000
14 41 0.000000 0.000000
15 41 0.000000 0.000000
16 41 0.000000 0.000000
17 41 0.000000 0.000000
18 41 0.000000 0.000000
19 41 0.000000 0.000000
20 41 0.000000 0.000000
21 41 0.000000 0.000000
22 41 0.000000 0.000000
23 41 0.000000 0.000000
24 41 0.000000 0.000000
25 41 0.000000 0.000000
26 41 0.000000 0.000000
27 41 0.000000 0.000000
28 41 0.000000 0.000000
29 41 0.000000 0.000000
30 41 0.000000 0.000000
31 41 0.000000 0.000000
32 41 0.000000 0.000000
33 41 0.000000 0.000000
34 41 0.000000 0.000000
35 41 0.000000 0.000000
36 41 0.000000 0.000000
37 41 0.000000 0.000000
38 41 0.000000 0.000000
39 41 0.000000 0.000000
40 41 0.000000 0.000000
41 41 0.000000 0.000000
42 41 0.000000 0.000000
43 41 0.000000 0.000000
44 41 0.000000 0.000000
45 41 0.000000 0.000000
46 41 0.000000 0.000000
47 41 0.000000 0.000000
48 41 0.000000 0.000000
0 40 0.000000 0.000000
1 40 0.000000 0.000000
2 40 0.000000 0.000000
3 40 0.000000 0.000000
4 40 0.000000 0.000000
5 40 0.000000 0.000000
6 40 0.000000 0.000000
7 40 0.000000 0.000000
8 40 0.000000 0.000000
9 40 0.000000 0.000000
10 40 0.000000 0.000000
11 40 0.000000 0.000000
12 40 0.000000 0.000000
13 40 0.000000 0.000000
14 40 0.000000 0.000000
15 40 0.000000 0.000000
16 40 0.000000 0.000000
17 40 0.000000 0.000000
18 40 0.000000 0.000000
19 40 0.000000 0.000000
20 40 0.000000 0.000000
21 40 0.000000 0.000000
22 40 0.000000 0.000000
23 40 0.000000 0.000000
24 40 0.000000 0.000000
25 40 0.000000 0.000000
26 40 0.000000 0.000000
27 40 0.000000 0.000000
28 40 0.000000 0.000000
29 40 0.000000 0.000000
30 40 0.000000 0.000000
31 40 0.000000 0.000000
32 40 0.000000 0.000000
33 40 0.000000 0.000000
34 40 0.000000 0.000000
35 40 0.000000 0.000000
36 40 0.000000 0.000000
37 40 0.000000 0.000000
38 40 0.000000 0.000000
39 40 0.000000 0.000000
40 40 0.000000 0.000000
41 40 0.000000 0.000000
42 40 0.000000 0.000000
43 40 0.000000 0.000000
44 40 0.000000 0.000000
45 40 0.000000 0.000000
46 40 0.000000 0.000000
47 40 0.000000 0.000000
48 40 0.000000 0.000000
0 39 0.000000 0.000000
1 39 0.000000 0.000000
2 39 0.000000 0.000000
3 39 0.000000 0.000000
4 39 0.000000 0.000000
5 39 0.000000 0.000000
6 39 0.000000 0.000000
7 39 0.000000 0.000000
8 39 0.000000 0.000000
9 39 0.000000 0.000000
10 39 0.000000 0.000000
11 39 0.000000 0.000000
12 39 0.000000 0.000000
13 39 0.000000 0.000000
14 39 0.000000 0.000000
15 39 0.000000 0.000000
16 39 0.000000 0.000000
17 39 0.000000 0.000000
18 39 0.000000 0.000000
19 39 0.000000 0.000000
20 39 0.000000 0.000000
21 39 0.000000 0.000000
22 39 0.000000 0.000000
23 39 0.000000 0.000000
24 39 0.000000 0.000000
25 39 0.000000 0.000000
26 39 0.000000 0.000000
27 39 0.000000 0.000000
28 39 0.000000 0.000000
29 39 0.000000 0.000000
30 39 0.000000 0.000000
31 39 0.000000 0.000000
32 39 0.000000 0.000000
33 39 0.000000 0.000000
34 39 0.000000 0.000000
35 39 0.000000 0.000000
36 39 0.000000 0.000000
37 39 0.000000 0.000000
38 39 0.000000 0.000000
39 39 0.000000 0.000000
40 39 0.000000 0.000000
41 39 0.000000 0.000000
42 39 0.000000 0.000000
43 39 0.000000 0.000000
44 39 0.000000 0.000000
45 39 0.000000 0.000000
46 39 0.000000 0.000000
47 39 0.000000 0.000000
48 39 0.000000 0.000000
0 38 0.000000 0.000000
1 38 0.000000 0.000000
2 38 0.000000 0.000000
3 38 0.000000 0.000000
4 38 0.000000 0.000000
5 38 0.000000 0.000000
6 38 0.000000 0.000000
7 38 0.000000 0.000000
8 38 0.000000 0.000000
9 38 0.000000 0.000000
10 38 0.000000 0.000000
11 38 0.000000 0.000000
12 38 0.000000 0.000000
13 38 0.000000 0.000000
14 38 0.000000 0.000000
15 38 0.000000 0.000000
16 38 0.000000 0.000000
17 38 0.000000 0.000000
18 38 0.000000 0.000000
19 38 0.000000 0.000000
20 38 0.000000 0.000000
21 38 0.000000 0.000000
22 38 0.000000 0.000000
23 38 0.000000 0.000000
24 38 0.000000 0.000000
25 38 0.000000 0.000000
26 38 0.000000 0.000000
27 38 0.000000 0.000000
28 38 0.000000 0.000000
29 38 0.000000 0.000000
30 38 0.000000 0.000000
31 38 0.000000 0.000000
32 38 0.000000 0.000000
33 38 0.000000 0.000000
34 38 0.000000 0.000000
35 38 0.000000 0.000000
36 38 0.000000 0.000000
37 38 0.000000 0.000000
38 38 0.000000 0.000000
39 38 0.000000 0.000000
40 38 0.000000 0.000000
41 38 0.000000 0.000000
42 38 0.000000 0.000000
43 38 0.000000 0.000000
44 38 0.000000 0.000000
45 38 0.000000 0.000000
46 38 0.000000 0.000000
47 38 0.000000 0.000000
48 38 0.000000 0.000000
0 37 0.000000 0.000000
1 37 0.000000 0.000000
2 37 0.000000 0.000000
3 37 0.000000 0.000000
4 37 0.000000 0.000000
5 37 0.000000 0.000000
6 37 0.000000 0.000000
7 37 0.000000 0.000000
8 37 0.000000 0.000000
9 37 0.000000 0.000000
10 37 0.000000 0.000000
11 37 0.000000 0.000000
12 37 0.000000 0.000000
13 37 0.000000 0.000000
14 37 0.000000 0.000000
15 37 0.000000 0.000000
16 37 0.000000 0.000000
17 37 0.000000 0.000000
18 37 0.000000 0.000000
19 37 0.000000 0.000000
20 37 0.000000 0.000000
21 37 0.000000 0.000000
22 37 0.000000 0.000000
23 37 0.000000 0.000000
24 37 0.000000 0.000000
25 37 0.000000 0.000000
26 37 0.000000 0.000000
27 37 0.000000 0.000000
28 37 0.000000 0.000000
29 37 0.000000 0.000000
30 37 0.000000 0.000000
31 37 0.000000 0.000000
32 37 0.000000 0.000000
33 37 0.000000 0.000000
34 37 0.000000 0.000000
35 37 0.000000 0.000000
36 37 0.000000 0.000000
37 37 0.000000 0.000000
38 37 0.000000 0.000000
39 37 0.000000 0.000000
40 37 0.000000 0.000000
41 37 0.000000 0.000000
42 37 0.000000 0.000000
43 37 0.000000 0.000000
44 37 0.000000 0.000000
45 37 0.000000 0.000000
46 37 0.000000 0.000000
47 37 0.000000 0.000000
48 37 0.000000 0.000000
0 36 0.000000 0.000000
1 36 0.000000 0.000000
2 36 0.000000 0.000000
3 36 0.000000 0.000000
4 36 0.000000 0.000000
5 36 0.000000 0.000000
6 36 0.000000 0.000000
7 36 0.000000 0.000000
8 36 0.000000 0.000000
9 36 0.000000 0.000000
10 36 0.000000 0.000000
11 36 0.000000 0.000000
12 36 0.000000 0.000000
13 36 0.000000 0.000000
14 36 0.000000 0.000000
15 36 0.000000 0.000000
16 36 0.000000 0.000000
17 36 0.000000 0.000000
18 36 0.000000 0.000000
19 36 0.000000 0.000000
20 36 0.000000 0.000000
21 36 0.000000 0.000000
22 36 0.000000 0.000000
23 36 0.000000 0.000000
24 36 0.000000 0.000000
25 36 0.000000 0.000000
26 36 0.000000 0.000000
27 36 0.000000 0.000000
28 36 0.000000 0.000000
29 36 0.000000 0.000000
30 36 0.000000 0.000000
31 36 0.000000 0.000000
32 36 0.000000 0.000000
33 36 0.000000 0.000000
34 36 0.000000 0.000000
35 36 0.000000 0.000000
36 36 0.000000 0.000000
37 36 0.000000 0.000000
38 36 0.000000 0.000000
39 36 0.000000 0.000000
40 36 0.000000 0.000000
41 36 0.000000 0.000000
42 36 0.000000 0.000000
43 36 0.000000 0.000000
44 36 0.000000 0.000000
45 36 0.000000 0.000000
46 36 0.000000 0.000000
47 36 0.000000 0.000000
48 36 0.000000 0.000000
0 35 0.000000 0.000000
1 35 0.000000 0.000000
2 35 0.000000 0.000000
3 35 0.000000 0.000000
4 35 0.000000 0.000000
5 35 0.000000 0.000000
6 35 0.000000 0.000000
7 35 0.000000 0.000000
8 35 0.000000 0.000000
9 35 0.000000 0.000000
10 35 0.000000 0.000000
11 35 0.000000 0.000000
12 35 0.000000 0.000000
13 35 0.000000 0.000000
14 35 0.000000 0.000000
15 35 0.000000 0.000000
16 35 0.000000 0.000000
17 35 0.000000 0.000000
18 35 0.000000 0.000000
19 35 0.000000 0.000000
20 35 0.000000 0.000000
21 35 0.000000 0.000000
22 35 0.000000 0.000000
23 35 0.000000 0.000000
24 35 0.000000 0.000000
25 35 0.000000 0.000000
26 35 0.000000 0.000000
27 35 0.000000 0.000000
28 35 0.000000 0.000000
29 35 0.000000 0.000000
30 35 0.000000 0.000000
31 35 0.000000 0.000000
32 35 0.000000 0.000000
33 35 0.000000 0.000000
34 35 0.000000 0.000000
35 35 0.000000 0.000000
36 35 0.000000 0.000000
37 35 0.000000 0.000000
38 35 0.000000 0.000000
39 35 0.000000 0.000000
40 35 0.000000 0.000000
41 35 0.000000 0.000000
42 35 0.000000 0.000000
43 35 0.000000 0.000000
44 35 0.000000 0.000000
45 35 0.000000 0.000000
46 35 0.000000 0.000000
47 35 0.000000 0.000000
48 35 0.000000 0.000000
0 34 0.000000 0.000000
1 34 0.000000 0.000000
2 34 0.000000 0.000000
3 34 0.000000 0.000000
4 34 0.000000 0.000000
5 34 0.000000 0.000000
6 34 0.000000 0.000000
7 34 0.000000 0.000000
8 34 0.000000 0.000000
9 34 0.000000 0.000000
10 34 0.000000 0.000000
11 34 0.000000 0.000000
12 34 0.000000 0.000000
13 34 0.000000 0.000000
14 34 0.000000 0.000000
15 34 0.000000 0.000000
16 34 0.000000 0.000000
17 34 0.000000 0.000000
18 34 0.000000 0.000000
19 34 0.000000 0.000000
20 34 0.000000 0.000000
21 34 0.000000 0.000000
22 34 0.000000 0.000000
23 34 0.000000 0.000000
24 34 0.000000 0.000000
25 34 0.000000 0.000000
26 34 0.000000 0.000000
27 34 0.000000 0.000000
28 34 0.000000 0.000000
29 34 0.000000 0.000000
30 34 0.000000 0.000000
31 34 0.000000 0.000000
32 34 0.000000 0.000000
33 34 0.000000 0.000000
34 34 0.000000 0.000000
35 34 0.000000 0.000000
36 34 0.000000 0.000000
37 34 0.000000 0.000000
38 34 0.000000 0.000000
39 34 0.000000 0.000000
40 34 0.000000 0.000000
41 34 0.000000 0.000000
42 34 0.000000 0.000000
43 34 0.000000 0.000000
44 34 0.000000 0.000000
45 34 0.000000 0.000000
46 34 0.000000 0.000000
47 34 0.000000 0.000000
48 34 0.000000 0.000000
0 33 0.000000 0.000000
1 33 0.000000 0.000000
2 33 0.000000 0.000000
3 33 0.000000 0.000000
4 33 0.000000 0.000000
5 33 0.000000 0.000000
6 33 0.000000 0.000000
7 33 0.000000 0.000000
8 33 0.000000 0.000000
9 33 0.000000 0.000000
10 33 0.000000 0.000000
11 33 0.000000 0.000000
12 33 0.000000 0.000000
13 33 0.000000 0.000000
14 33 0.000000 0.000000
15 33 0.000000 0.000000
16 33 0.000000 0.000000
17 33 0.000000 0.000000
18 33 0.000000 0.000000
19 33 0.000000 -3.171244
20 33 0.000000 -3.235273
21 33 0.000000 -3.221644
22 33 0.000000 0.000000
23 33 0.000000 0.000000
24 33 0.000000 0.000000
25 33 0.000000 0.000000
26 33 0.000000 0.000000
27 33 0.000000 0.000000
28 33 0.000000 0.000000
29 33 0.000000 0.000000
30 33 0.000000 0.000000
31 33 0.000000 0.000000
32 33 0.000000 0.000000
33 33 0.000000 0.000000
34 33 0.000000 0.000000
35 33 0.000000 0.000000
36 33 0.000000 0.000000
37 33 0.000000 0.000000
38 33 0.000000 0.000000
39 33 0.000000 0.000000
40 33 0.000000 0.000000
41 33 0.000000 0.000000
42 33 0.000000 0.000000
43 33 0.000000 0.000000
44 33 0.000000 0.000000
45 33 0.000000 0.000000
46 33 0.000000 0.000000
47 33 0.000000 0.000000
48 33 0.000000 0.000000
0 32 0.000000 0.000000
1 32 0.000000 0.000000
2 32 0.000000 0.000000
3 32 0.000000 0.000000
4 32 0.000000 0.000000
5 32 0.000000 0.000000
6 32 0.000000 0.000000
7 32 0.000000 0.000000
8 32 0.000000 0.000000
9 32 0.000000 0.000000
10 32 0.000000 0.000000
11 32 0.000000 0.000000
12 32 0.000000 0.000000
13 32 0.000000 0.000000
14 32 0.000000 0.000000
15 32 0.000000 0.000000
16 32 0.000000 0.000000
17 32 0.000000 0.000000
18 32 11.781539 -2.646016
19 32 44.821535 -2.540727
20 32 48.250322 -2.594109
21 32 35.134438 -2.708240
22 32 0.000000 -2.920189
23 32 0.000000 0.000000
24 32 0.000000 0.000000
25 32 0.000000 0.000000
26 32 0.000000 0.000000
27 32 0.000000 0.000000
28 32 0.000000 0.000000
29 32 0.000000 0.000000
30 32 0.000000 0.000000
31 32 0.000000 0.000000
32 32 0.000000 0.000000
33 32 0.000000 0.000000
34 32 0.000000 0.000000
35 32 0.000000 0.000000
36 32 0.000000 0.000000
37 32 0.000000 0.000000
38 32 0.000000 0.000000
39 32 0.000000 0.000000
40 32 0.000000 0.000000
41 32 0.000000 0.000000
42 32 0.000000 0.000000
43 32 0.000000 0.000000
44 32 0.000000 0.000000
45 32 0.000000 0.000000
46 32 0.000000 0.000000
47 32 0.000000 0.000000
48 32 0.000000 0.000000
0 31 0.000000 0.000000
1 31 0.000000 0.000000
2 31 0.000000 0.000000
3 31 0.000000 0.000000
4 31 0.000000 0.000000
5 31 0.000000 0.000000
6 31 0.000000 0.000000
7 31 0.000000 0.000000
8 31 0.000000 0.000000
9 31 0.000000 0.000000
10 31 0.000000 0.000000
11 31 0.000000 0.000000
12 31 0.000000 0.000000
13 31 0.000000 0.000000
14 31 0.000000 0.000000
15 31 0.000000 0.000000
16 31 0.000000 -2.065606
17 31 14.348661 -2.192046
18 31 53.882743 -2.084802
19 31 65.854044 -2.102016
20 31 65.153344 -2.165658
21 31 56.495412 -2.272778
22 31 13.317411 -2.576614
23 31 0.000000 -2.541198
24 31 0.000000 0.000000
25 31 0.000000 0.000000
26 31 0.000000 0.000000
27 31 0.000000 0.000000
28 31 0.000000 0.000000
29 31 0.000000 0.000000
30 31 0.000000 0.000000
31 31 0.000000 0.000000
32 31 0.000000 0.000000
33 31 0.000000 0.000000
34 31 0.000000 0.000000
35 31 0.000000 0.000000
36 31 0.000000 0.000000
37 31 0.000000 0.000000
38 31 0.000000 0.000000
39 31 0.000000 0.000000
40 31 0.000000 0.000000
41 31 0.000000 0.000000
42 31 0.000000 0.000000
43 31 0.000000 0.000000
44 31 0.000000 0.000000
45 31 0.000000 0.000000
46 31 0.000000 0.000000
47 31 0.000000 0.000000
48 31 0.000000 0.000000
0 30 0.000000 0.000000
1 30 0.000000 0.000000
2 30 0.000000 0.000000
3 30 0.000000 0.000000
4 30 0.000000 0.000000
5 30 0.000000 0.000000
6 30 0.000000 0.000000
7 30 0.000000 0.000000
8 30 0.000000 0.000000
9 30 0.000000 0.000000
10 30 0.000000 0.000000
11 30 0.000000 0.000000
12 30 0.000000 0.000000
13 30 0.000000 0.000000
14 30 0.000000 0.000000
15 30 0.000000 -1.789367
16 30 0.000000 -2.070436
17 30 63.490556 -1.832257
18 30 87.422876 -1.795632
19 30 92.027039 -1.815683
20 30 87.011991 -1.863389
21 30 73.487918 -1.946296
22 30 45.670925 -2.093392
23 30 0.000000 -2.350564
24 30 0.000000 0.000000
25 30 0.000000 0.000000
26 30 0.000000 0.000000
27 30 0.000000 0.000000
28 30 0.000000 0.000000
29 30 0.000000 0.000000
30 30 0.000000 0.000000
31 30 0.000000 0.000000
32 30 0.000000 0.000000
33 30 0.000000 0.000000
34 30 0.000000 0.000000
35 30 0.000000 0.000000
36 30 0.000000 0.000000
37 30 0.000000 0.000000
38 30 0.000000 0.000000
39 30 0.000000 0.000000
40 30 0.000000 0.000000
41 30 0.000000 0.000000
42 30 0.000000 0.000000
43 30 0.000000 0.000000
44 30 0.000000 0.000000
45 30 0.000000 0.000000
46 30 0.000000 0.000000
47 30 0.000000 0.000000
48 30 0.000000 0.000000
0 29 0.000000 0.000000
1 29 0.000000 0.000000
2 29 0.000000 0.000000
3 29 0.000000 0.000000
4 29 0.000000 0.000000
5 29 0.000000 0.000000
6 29 0.000000 0.000000
7 29 0.000000 0.000000
8 29 0.000000 0.000000
9 29 0.000000 0.000000
10 29 0.000000 0.000000
11 29 0.000000 0.000000
12 29 0.000000 0.000000
13 29 0.000000 0.000000
14 29 0.000000 -1.513676
15 29 0.000000 -1.784971
16 29 55.745702 -1.715936
17 29 108.097776 -1.650579
18 29 128.788516 -1.628798
19 29 125.597003 -1.633277
20 29 112.236291 -1.655342
21 29 90.460293 -1.703703
22 29 58.312585 -1.812494
23 29 0.000000 -2.158904
24 29 0.000000 0.000000
25 29 0.000000 0.000000
26 29 0.000000 0.000000
27 29 0.000000 0.000000
28 29 0.000000 0.000000
29 29 0.000000 0.000000
30 29 0.000000 0.000000
31 29 0.000000 0.000000
32 29 0.000000 0.000000
33 29 0.000000 0.000000
34 29 0.000000 0.000000
35 29 0.000000 0.000000
36 29 0.000000 0.000000
37 29 0.000000 0.000000
38 29 0.000000 0.000000
39 29 0.000000 0.000000
40 29 0.000000 0.000000
41 29 0.000000 0.000000
42 29 0.000000 0.000000
43 29 0.000000 0.000000
44 29 0.000000 0.000000
45 29 0.000000 0.000000
46 29 0.000000 0.000000
47 29 0.000000 0.000000
48 29 0.000000 0.000000
0 28 0.000000 0.000000
1 28 0.000000 0.000000
2 28 0.000000 0.000000
3 28 0.000000 0.000000
4 28 0.000000 0.000000
5 28 0.000000 0.000000
6 28 0.000000 0.000000
7 28 0.000000 0.000000
8 28 0.000000 0.000000
9 28 0.000000 0.000000
10 28 0.000000 0.000000
11 28 0.000000 0.000000
12 28 0.000000 -0.928547
13 28 0.000000 -1.235955
14 28 0.000000 -1.563505
15 28 9.884677 -1.808391
16 28 88.374421 -1.596757
17 28 141.976838 -1.539671
18 28 160.388679 -1.513755
19 28 151.513631 -1.500237
20 28 133.410159 -1.494700
21 28 107.403054 -1.506287
22 28 71.643864 -1.562258
23 28 28.567842 -1.748271
24 28 0.000000 0.000000
25 28 0.000000 0.000000
26 28 0.000000 0.000000
27 28 0.000000 0.000000
28 28 0.000000 0.000000
29 28 0.000000 0.000000
30 28 0.000000 0.000000
31 28 0.000000 0.000000
32 28 0.000000 0.000000
33 28 0.000000 0.000000
34 28 0.000000 0.000000
35 28 0.000000 0.000000
36 28 0.000000 0.000000
37 28 0.000000 0.000000
38 28 0.000000 0.000000
39 28 0.000000 0.000000
40 28 0.000000 0.000000
41 28 0.000000 0.000000
42 28 0.000000 0.000000
43 28 0.000000 0.000000
44 28 0.000000 0.000000
45 28 0.000000 0.000000
46 28 0.000000 0.000000
47 28 0.000000 0.000000
48 28 0.000000 0.000000
0 27 0.000000 0.000000
1 27 0.000000 0.000000
2 27 0.000000 0.000000
3 27 0.000000 0.000000
4 27 0.000000 0.000000
5 27 0.000000 0.000000
6 27 0.000000 0.000000
7 27 0.000000 0.000000
8 27 0.000000 0.000000
9 27 0.000000 0.000000
10 27 0.000000 0.000000
11 27 0.000000 -0.664403
12 27 0.000000 -0.930781
13 27 0.000000 -1.291336
14 27 0.000000 -1.670090
15 27 50.528630 -1.618434
16 27 111.289890 -1.499598
17 27 157.168489 -1.449253
18 27 172.183549 -1.416325
19 27 164.572839 -1.386438
20 27 150.989081 -1.358586
21 27 127.550050 -1.340882
22 27 89.776608 -1.348986
23 27 52.016468 -1.412237
24 27 0.000000 0.000000
25 27 0.000000 0.000000
26 27 0.000000 0.000000
27 27 0.000000 0.000000
28 27 0.000000 0.000000
29 27 0.000000 0.000000
30 27 0.000000 0.000000
31 27 0.000000 0.000000
32 27 0.000000 0.000000
33 27 0.000000 0.000000
34 27 0.000000 0.000000
35 27 0.000000 0.000000
36 27 0.000000 0.000000
37 27 0.000000 0.000000
38 27 0.000000 0.000000
39 27 0.000000 0.000000
40 27 0.000000 0.000000
41 27 0.000000 0.000000
42 27 0.000000 0.000000
43 27 0.000000 0.000000
44 27 0.000000 0.000000
45 27 0.000000 0.000000
46 27 0.000000 0.000000
47 27 0.000000 0.000000
48 27 0.000000 0.000000
0 26 0.000000 0.000000
1 26 0.000000 0.000000
2 26 0.000000 0.000000
3 26 0.000000 0.000000
4 26 0.000000 0.000000
5 26 0.000000 0.000000
6 26 0.000000 0.000000
7 26 0.000000 0.000000
8 26 0.000000 0.000000
9 26 0.000000 0.000000
10 26 0.000000 0.000000
11 26 0.000000 -0.584106
12 26 0.000000 -0.865645
13 26 0.000000 -1.267132
14 26 0.000000 -1.671119
15 26 64.612113 -1.529888
16 26 118.917948 -1.421473
17 26 155.888604 -1.365445
18 26 169.395157 -1.322447
19 26 168.927408 -1.279620
20 26 164.495839 -1.238085
21 26 147.955684 -1.202999
22 26 112.854647 -1.182923
23 26 71.220174 -1.201927
24 26 31.322986 -1.334001
25 26 0.000000 0.000000
26 26 0.000000 0.000000
27 26 0.000000 0.000000
28 26 0.000000 0.000000
29 26 0.000000 0.000000
30 26 0.000000 0.000000
31 26 0.000000 0.000000
32 26 0.000000 0.000000
33 26 0.000000 0.000000
34 26 0.000000 0.000000
35 26 0.000000 0.000000
36 26 0.000000 0.000000
37 26 0.000000 0.000000
38 26 0.000000 0.000000
39 26 0.000000 0.000000
40 26 0.000000 0.000000
41 26 0.000000 0.000000
42 26 0.000000 0.000000
43 26 0.000000 0.000000
44 26 0.000000 0.000000
45 26 0.000000 0.000000
46 26 0.000000 0.000000
47 26 0.000000 0.000000
48 26 0.000000 0.000000
0 25 0.000000 0.000000
1 25 0.000000 0.000000
2 25 0.000000 0.000000
3 25 0.000000 0.000000
4 25 0.000000 0.000000
5 25 0.000000 0.000000
6 25 0.000000 0.000000
7 25 0.000000 0.000000
8 25 0.000000 0.000000
9 25 0.000000 0.000000
10 25 0.000000 0.000000
11 25 0.000000 -0.365005
12 25 0.000000 -0.645261
13 25 0.000000 -1.040041
14 25 0.000000 -1.460188
15 25 51.204633 -1.474196
16 25 109.440884 -1.347418
17 25 145.683092 -1.280110
18 25 162.677185 -1.227151
19 25 169.245422 -1.175615
20 25 172.262447 -1.125905
21 25 163.205593 -1.080068
22 25 133.259987 -1.041389
23 25 90.945075 -1.019570
24 25 58.192501 -1.030478
25 25 0.000000 0.000000
26 25 0.000000 0.000000
27 25 0.000000 0.000000
28 25 0.000000 0.000000
29 25 0.000000 0.000000
30 25 0.000000 0.000000
31 25 0.000000 0.000000
32 25 0.000000 0.000000
33 25 0.000000 0.000000
34 25 0.000000 0.000000
35 25 0.000000 0.000000
36 25 0.000000 0.000000
37 25 0.000000 0.000000
38 25 0.000000 0.000000
39 25 0.000000 0.000000
40 25 0.000000 0.000000
41 25 0.000000 0.000000
42 25 0.000000 0.000000
43 25 0.000000 0.000000
44 25 0.000000 0.000000
45 25 0.000000 0.000000
46 25 0.000000 0.000000
47 25 0.000000 0.000000
48 25 0.000000 0.000000
0 24 0.000000 0.000000
1 24 0.000000 0.000000
2 24 0.000000 0.000000
3 24 0.000000 0.000000
4 24 0.000000 0.000000
5 24 0.000000 0.000000
6 24 0.000000 0.000000
7 24 0.000000 0.000000
8 24 0.000000 0.000000
9 24 0.000000 0.000000
10 24 0.000000 0.000000
11 24 0.000000 -0.123082
12 24 0.000000 -0.378009
13 24 0.000000 -0.753644
14 24 0.000000 -1.200143
15 24 21.441813 -1.461291
16 24 88.322907 -1.269853
17 24 129.681138 -1.188640
18 24 154.132855 -1.129925
19 24 168.047478 -1.074097
20 24 177.799529 -1.020028
21 24 174.896649 -0.967194
22 24 148.899141 -0.913051
23 24 108.531211 -0.857872
24 24 74.979631 -0.806376
25 24 46.858048 -0.762982
26 24 0.000000 0.000000
27 24 0.000000 0.000000
28 24 0.000000 0.000000
29 24 0.000000 0.000000
30 24 0.000000 0.000000
31 24 0.000000 0.000000
32 24 0.000000 0.000000
33 24 0.000000 0.000000
34 24 0.000000 0.000000
35 24 0.000000 0.000000
36 24 0.000000 0.000000
37 24 0.000000 0.000000
38 24 0.000000 0.000000
39 24 0.000000 0.000000
40 24 0.000000 0.000000
41 24 0.000000 0.000000
42 24 0.000000 0.000000
43 24 0.000000 0.000000
44 24 0.000000 0.000000
45 24 0.000000 0.000000
46 24 0.000000 0.000000
47 24 0.000000 0.000000
48 24 0.000000 0.000000
0 23 0.000000 0.000000
1 23 0.000000 0.000000
2 23 0.000000 0.000000
3 23 0.000000 0.000000
4 23 0.000000 0.000000
5 23 0.000000 0.000000
6 23 0.000000 0.000000
7 23 0.000000 0.000000
8 23 0.000000 0.000000
9 23 0.000000 0.000000
10 23 0.000000 0.000000
11 23 0.000000 0.000000
12 23 0.000000 -0.201920
13 23 0.000000 -0.541478
14 23 0.000000 -0.997421
15 23 0.000000 -1.388513
16 23 68.376784 -1.153571
17 23 110.365528 -1.078650
18 23 140.370991 -1.026720
19 23 161.703747 -0.974223
20 23 176.381423 -0.919524
21 23 177.839823 -0.860816
22 23 160.188921 -0.793656
23 23 128.586108 -0.716757
24 23 95.596542 -0.630161
25 23 62.396027 -0.521803
26 23 45.163255 -0.318260
27 23 0.000000 0.000000
28 23 0.000000 0.000000
29 23 0.000000 0.000000
30 23 0.000000 0.000000
31 23 0.000000 0.000000
32 23 0.000000 0.000000
33 23 0.000000 0.000000
34 23 0.000000 0.000000
35 23 0.000000 0.000000
36 23 0.000000 0.000000
37 23 0.000000 0.000000
38 23 0.000000 0.000000
39 23 0.000000 0.000000
40 23 0.000000 0.000000
41 23 0.000000 0.000000
42 23 0.000000 0.000000
43 23 0.000000 0.000000
44 23 0.000000 0.000000
45 23 0.000000 0.000000
46 23 0.000000 0.000000
47 23 0.000000 0.000000
48 23 0.000000 0.000000
0 22 0.000000 0.000000
1 22 0.000000 0.000000
2 22 0.000000 0.000000
3 22 0.000000 0.000000
4 22 0.000000 0.000000
5 22 0.000000 0.000000
6 22 0.000000 0.000000
7 22 0.000000 0.000000
8 22 0.000000 0.000000
9 22 0.000000 0.000000
10 22 0.000000 0.000000
11 22 0.000000 0.000000
12 22 27.410136 0.136864
13 22 0.000000 -0.383009
14 22 0.000000 -0.818282
15 22 37.022980 -0.878911
16 22 66.682914 -0.922088
17 22 96.989009 -0.925684
18 22 124.193040 -0.906579
19 22 146.052387 -0.869653
20 22 161.689818 -0.818015
21 22 167.626506 -0.753565
22 22 161.183572 -0.676074
23 22 140.880259 -0.585763
24 22 109.433366 -0.477916
25 22 75.309723 -0.320878
26 22 61.060678 -0.089001
27 22 0.000000 0.000000
28 22 0.000000 0.000000
29 22 0.000000 0.000000
30 22 0.000000 0.000000
31 22 0.000000 0.000000
32 22 0.000000 0.000000
33 22 0.000000 0.000000
34 22 0.000000 0.000000
35 22 0.000000 0.000000
36 22 0.000000 0.000000
37 22 0.000000 0.000000
38 22 0.000000 0.000000
39 22 0.000000 0.000000
40 22 0.000000 0.000000
41 22 0.000000 0.000000
42 22 0.000000 0.000000
43 22 0.000000 0.000000
44 22 0.000000 0.000000
45 22 0.000000 0.000000
46 22 0.000000 0.000000
47 22 0.000000 0.000000
48 22 0.000000 0.000000
0 21 0.000000 0.000000
1 21 0.000000 0.000000
2 21 0.000000 0.000000
3 21 0.000000 0.000000
4 21 0.000000 0.000000
5 21 0.000000 0.000000
6 21 0.000000 0.000000
7 21 0.000000 0.000000
8 21 0.000000 0.000000
9 21 0.000000 0.000000
10 21 0.000000 0.000000
11 21 0.000000 0.000000
12 21 34.636051 0.309760
13 21 33.968723 0.043859
14 21 37.333228 -0.332830
15 21 56.510734 -0.546620
16 21 72.556998 -0.674281
17 21 91.071179 -0.738702
18 21 109.617658 -0.759529
19 21 124.600840 -0.746974
20 21 138.423407 -0.704176
21 21 149.684919 -0.637331
22 21 152.267827 -0.553003
23 21 139.647819 -0.450716
24 21 112.985097 -0.318550
25 21 89.408707 -0.123559
26 21 81.766151 0.122211
27 21 81.926487 0.384624
28 21 82.140381 0.608955
29 21 85.401967 0.801980
30 21 84.007013 0.968570
31 21 79.967593 1.000000
32 21 79.815368 1.000000
33 21 0.000000 0.000000
34 21 0.000000 0.000000
35 21 0.000000 0.000000
36 21 0.000000 0.000000
37 21 0.000000 0.000000
38 21 0.000000 0.000000
39 21 0.000000 0.000000
40 21 0.000000 0.000000
41 21 0.000000 0.000000
42 21 0.000000 0.000000
43 21 0.000000 0.000000
44 21 0.000000 0.000000
45 21 0.000000 0.000000
46 21 0.000000 0.000000
47 21 0.000000 0.000000
48 21 0.000000 0.000000
0 20 0.000000 0.000000
1 20 0.000000 0.000000
2 20 0.000000 0.000000
3 20 0.000000 0.000000
4 20 0.000000 0.000000
5 20 0.000000 0.000000
6 20 0.000000 0.000000
7 20 0.000000 0.000000
8 20 0.000000 0.000000
9 20 0.000000 0.000000
10 20 0.000000 0.000000
11 20 0.000000 0.000000
12 20 0.000000 0.000000
13 20 36.652094 0.382115
14 20 45.670769 0.009284
15 20 60.433814 -0.282544
16 20 72.454646 -0.444567
17 20 84.641546 -0.535481
18 20 97.174544 -0.582940
19 20 107.944184 -0.592369
20 20 119.944238 -0.566869
21 20 133.488546 -0.507452
22 20 141.417473 -0.421632
23 20 135.935147 -0.309684
24 20 119.603528 -0.161477
25 20 108.547320 0.031711
26 20 107.356484 0.242203
27 20 107.982139 0.446409
28 20 108.561315 0.634678
29 20 109.849773 0.804820
30 20 108.725062 0.958507
31 20 104.378232 1.000000
32 20 101.391347 1.000000
33 20 99.829990 1.000000
34 20 0.000000 0.000000
35 20 0.000000 0.000000
36 20 0.000000 0.000000
37 20 0.000000 0.000000
38 20 0.000000 0.000000
39 20 0.000000 0.000000
40 20 0.000000 0.000000
41 20 0.000000 0.000000
42 20 0.000000 0.000000
43 20 0.000000 0.000000
44 20 0.000000 0.000000
45 20 0.000000 0.000000
46 20 0.000000 0.000000
47 20 0.000000 0.000000
48 20 0.000000 0.000000
0 19 0.000000 0.000000
1 19 0.000000 0.000000
2 19 0.000000 0.000000
3 19 0.000000 0.000000
4 19 0.000000 0.000000
5 19 0.000000 0.000000
6 19 0.000000 0.000000
7 19 0.000000 0.000000
8 19 0.000000 0.000000
9 19 0.000000 0.000000
10 19 0.000000 0.000000
11 19 0.000000 0.000000
12 19 42.572130 1.000000
13 19 38.358964 0.889768
14 19 43.812760 0.393866
15 19 51.467488 -0.002829
16 19 66.148803 -0.195551
17 19 78.292566 -0.303048
18 19 89.110066 -0.377472
19 19 101.250173 -0.413844
20 19 113.459800 -0.414398
21 19 124.802772 -0.372854
22 19 132.279242 -0.291701
23 19 132.590890 -0.175220
24 19 128.149278 -0.025388
25 19 127.456818 0.149077
26 19 132.030215 0.328530
27 19 136.298998 0.501898
28 19 138.234447 0.666112
29 19 139.079511 0.820595
30 19 137.909613 0.965475
31 19 132.482187 1.000000
32 19 123.645977 1.000000
33 19 112.803905 1.000000
34 19 99.542797 1.000000
35 19 0.000000 0.000000
36 19 0.000000 0.000000
37 19 0.000000 0.000000
38 19 0.000000 0.000000
39 19 0.000000 0.000000
40 19 0.000000 0.000000
41 19 0.000000 0.000000
42 19 0.000000 0.000000
43 19 0.000000 0.000000
44 19 0.000000 0.000000
45 19 0.000000 0.000000
46 19 0.000000 0.000000
47 19 0.000000 0.000000
48 19 0.000000 0.000000
0 18 0.000000 0.000000
1 18 0.000000 0.000000
2 18 0.000000 0.000000
3 18 0.000000 0.000000
4 18 0.000000 0.000000
5 18 0.000000 0.000000
6 18 0.000000 0.000000
7 18 0.000000 0.000000
8 18 0.000000 0.000000
9 18 0.000000 0.000000
10 18 0.000000 0.000000
11 18 0.000000 0.000000
12 18 32.968164 1.000000
13 18 31.731559 1.000000
14 18 37.765054 0.794876
15 18 41.938465 0.337379
16 18 60.538662 0.098587
17 18 74.343162 -0.044501
18 18 82.899457 -0.155966
19 18 93.194986 -0.229994
20 18 102.647983 -0.262812
21 18 109.335557 -0.242568
22 18 114.346658 -0.169882
23 18 119.594226 -0.052744
24 18 125.623071 0.089043
25 18 131.437682 0.240882
26 18 136.087699 0.397025
27 18 141.376949 0.554426
28 18 146.478420 0.705529
29 18 148.171142 0.850236
30 18 145.778063 0.991514
31 18 139.912427 1.000000
32 18 130.578016 1.000000
33 18 115.761140 1.000000
34 18 96.096236 1.000000
35 18 77.215518 1.000000
36 18 0.000000 0.000000
37 18 0.000000 0.000000
38 18 0.000000 0.000000
39 18 0.000000 0.000000
40 18 0.000000 0.000000
41 18 0.000000 0.000000
42 18 0.000000 0.000000
43 18 0.000000 0.000000
44 18 0.000000 0.000000
45 18 0.000000 0.000000
46 18 0.000000 0.000000
47 18 0.000000 0.000000
48 18 0.000000 0.000000
0 17 0.000000 0.000000
1 17 0.000000 0.000000
2 17 0.000000 0.000000
3 17 0.000000 0.000000
4 17 0.000000 0.000000
5 17 0.000000 0.000000
6 17 0.000000 0.000000
7 17 0.000000 0.000000
8 17 0.000000 0.000000
9 17 0.000000 0.000000
10 17 0.000000 0.000000
11 17 0.000000 0.000000
12 17 36.402954 1.000000
13 17 38.204107 1.000000
14 17 40.101068 1.000000
15 17 42.588930 0.757611
16 17 55.533286 0.446130
17 17 65.651559 0.247558
18 17 67.809863 0.100011
19 17 68.214952 -0.008849
20 17 68.486178 -0.077045
21 17 71.697879 -0.078008
22 17 78.323391 -0.025162
23 17 91.373337 0.084921
24 17 106.699811 0.210707
25 17 117.606968 0.336856
26 17 120.972319 0.467867
27 17 123.793763 0.611260
28 17 126.696396 0.753283
29 17 125.461652 0.895062
30 17 122.217572 1.000000
31 17 119.289078 1.000000
32 17 111.431196 1.000000
33 17 95.657193 1.000000
34 17 75.145262 1.000000
35 17 60.892688 1.000000
36 17 59.424193 1.000000
37 17 0.000000 0.000000
38 17 0.000000 0.000000
39 17 0.000000 0.000000
40 17 0.000000 0.000000
41 17 0.000000 0.000000
42 17 0.000000 0.000000
43 17 0.000000 0.000000
44 17 0.000000 0.000000
45 17 0.000000 0.000000
46 17 0.000000 0.000000
47 17 0.000000 0.000000
48 17 0.000000 0.000000
0 16 0.000000 0.000000
1 16 0.000000 0.000000
2 16 0.000000 0.000000
3 16 0.000000 0.000000
4 16 0.000000 0.000000
5 16 0.000000 0.000000
6 16 0.000000 0.000000
7 16 0.000000 0.000000
8 16 0.000000 0.000000
9 16 0.000000 0.000000
10 16 0.000000 0.000000
11 16 0.000000 0.000000
12 16 0.000000 0.000000
13 16 41.755885 1.000000
14 16 43.254039 1.000000
15 16 41.409840 1.000000
16 16 48.882030 0.862039
17 16 50.389288 0.635183
18 16 46.478700 0.493112
19 16 40.756224 0.418072
20 16 33.745986 0.345705
21 16 36.886472 0.321184
22 16 42.290102 0.286740
23 16 57.491852 0.327624
24 16 74.734716 0.402976
25 16 87.180638 0.489321
26 16 90.616976 0.582582
27 16 90.158006 0.710183
28 16 85.604236 0.844791
29 16 78.476204 0.987597
30 16 74.126614 1.000000
31 16 74.551356 1.000000
32 16 70.354175 1.000000
33 16 56.705824 1.000000
34 16 39.794167 1.000000
35 16 37.287781 1.000000
36 16 46.827887 1.000000
37 16 69.393153 1.000000
38 16 0.000000 0.000000
39 16 0.000000 0.000000
40 16 0.000000 0.000000
41 16 0.000000 0.000000
42 16 0.000000 0.000000
43 16 0.000000 0.000000
44 16 0.000000 0.000000
45 16 0.000000 0.000000
46 16 0.000000 0.000000
47 16 0.000000 0.000000
48 16 0.000000 0.000000
0 15 0.000000 0.000000
1 15 0.000000 0.000000
2 15 0.000000 0.000000
3 15 0.000000 0.000000
4 15 0.000000 0.000000
5 15 0.000000 0.000000
6 15 0.000000 0.000000
7 15 0.000000 0.000000
8 15 0.000000 0.000000
9 15 0.000000 0.000000
10 15 0.000000 0.000000
11 15 0.000000 0.000000
12 15 0.000000 0.000000
13 15 0.000000 0.000000
14 15 47.427746 1.000000
15 15 43.887380 1.000000
16 15 44.732968 1.000000
17 15 39.085650 1.000000
18 15 38.544878 1.000000
19 15 40.080993 1.000000
20 15 38.946106 1.000000
21 15 41.051416 1.000000
22 15 41.898160 0.961408
23 15 47.195050 0.833109
24 15 53.734582 0.790356
25 15 56.080495 0.810583
26 15 49.874664 0.834910
27 15 48.393315 0.966490
28 15 45.878745 1.000000
29 15 42.297370 1.000000
30 15 38.153566 1.000000
31 15 38.704890 1.000000
32 15 42.462586 1.000000
33 15 43.216374 1.000000
34 15 39.033608 1.000000
35 15 35.815664 1.000000
36 15 35.721406 1.000000
37 15 39.816024 1.000000
38 15 0.000000 0.000000
39 15 0.000000 0.000000
40 15 0.000000 0.000000
41 15 0.000000 0.000000
42 15 0.000000 0.000000
43 15 0.000000 0.000000
44 15 0.000000 0.000000
45 15 0.000000 0.000000
46 15 0.000000 0.000000
47 15 0.000000 0.000000
48 15 0.000000 0.000000
0 14 0.000000 0.000000
1 14 0.000000 0.000000
2 14 0.000000 0.000000
3 14 0.000000 0.000000
4 14 0.000000 0.000000
5 14 0.000000 0.000000
6 14 0.000000 0.000000
7 14 0.000000 0.000000
8 14 0.000000 0.000000
9 14 0.000000 0.000000
10 14 0.000000 0.000000
11 14 0.000000 0.000000
12 14 0.000000 0.000000
13 14 0.000000 0.000000
14 14 0.000000 0.000000
15 14 0.000000 0.000000
16 14 33.785106 1.000000
17 14 32.460619 1.000000
18 14 32.839932 1.000000
19 14 40.265473 1.000000
20 14 41.395924 1.000000
21 14 44.382315 1.000000
22 14 39.128465 1.000000
23 14 50.927729 1.000000
24 14 54.337191 1.000000
25 14 51.907179 1.000000
26 14 39.560795 1.000000
27 14 39.355983 1.000000
28 14 40.549345 1.000000
29 14 39.735192 1.000000
30 14 37.828528 1.000000
31 14 36.904908 1.000000
32 14 35.003346 1.000000
33 14 35.263091 1.000000
34 14 35.198239 1.000000
35 14 38.694639 1.000000
36 14 41.565583 1.000000
37 14 44.477509 1.000000
38 14 0.000000 0.000000
39 14 0.000000 0.000000
40 14 0.000000 0.000000
41 14 0.000000 0.000000
42 14 0.000000 0.000000
43 14 0.000000 0.000000
44 14 0.000000 0.000000
45 14 0.000000 0.000000
46 14 0.000000 0.000000
47 14 0.000000 0.000000
48 14 0.000000 0.000000
0 13 0.000000 0.000000
1 13 0.000000 0.000000
2 13 0.000000 0.000000
3 13 0.000000 0.000000
4 13 0.000000 0.000000
5 13 0.000000 0.000000
6 13 0.000000 0.000000
7 13 0.000000 0.000000
8 13 0.000000 0.000000
9 13 0.000000 0.000000
10 13 0.000000 0.000000
11 13 0.000000 0.000000
12 13 0.000000 0.000000
13 13 0.000000 0.000000
14 13 0.000000 0.000000
15 13 0.000000 0.000000
16 13 34.029368 1.000000
17 13 35.510856 1.000000
18 13 39.997727 1.000000
19 13 56.698238 1.000000
20 13 58.522910 1.000000
21 13 63.345709 1.000000
22 13 0.000000 0.000000
23 13 57.625859 1.000000
24 13 56.048720 1.000000
25 13 55.692312 1.000000
26 13 39.502898 1.000000
27 13 37.499810 1.000000
28 13 35.092748 1.000000
29 13 31.596872 1.000000
30 13 29.695833 1.000000
31 13 31.475291 1.000000
32 13 33.782693 1.000000
33 13 43.116884 1.000000
34 13 44.250806 1.000000
35 13 46.593255 1.000000
36 13 43.241704 1.000000
37 13 41.674327 1.000000
38 13 0.000000 0.000000
39 13 0.000000 0.000000
40 13 0.000000 0.000000
41 13 0.000000 0.000000
42 13 0.000000 0.000000
43 13 0.000000 0.000000
44 13 0.000000 0.000000
45 13 0.000000 0.000000
46 13 0.000000 0.000000
47 13 0.000000 0.000000
48 13 0.000000 0.000000
0 12 0.000000 0.000000
1 12 0.000000 0.000000
2 12 0.000000 0.000000
3 12 0.000000 0.000000
4 12 0.000000 0.000000
5 12 0.000000 0.000000
6 12 0.000000 0.000000
7 12 0.000000 0.000000
8 12 0.000000 0.000000
9 12 0.000000 0.000000
10 12 0.000000 0.000000
11 12 0.000000 0.000000
12 12 0.000000 0.000000
13 12 0.000000 0.000000
14 12 0.000000 0.000000
15 12 0.000000 0.000000
16 12 37.483196 1.000000
17 12 38.186920 1.000000
18 12 44.210943 1.000000
19 12 78.640348 1.000000
20 12 0.000000 0.000000
21 12 0.000000 0.000000
22 12 0.000000 0.000000
23 12 0.000000 0.000000
24 12 0.000000 0.000000
25 12 74.207101 1.000000
26 12 50.603599 1.000000
27 12 42.730809 1.000000
28 12 40.595967 1.000000
29 12 38.621142 1.000000
30 12 39.558356 1.000000
31 12 36.029371 1.000000
32 12 0.000000 0.000000
33 12 55.269439 1.000000
34 12 59.000018 1.000000
35 12 59.098253 1.000000
36 12 0.000000 0.000000
37 12 0.000000 0.000000
38 12 0.000000 0.000000
39 12 0.000000 0.000000
40 12 0.000000 0.000000
41 12 0.000000 0.000000
42 12 0.000000 0.000000
43 12 0.000000 0.000000
44 12 0.000000 0.000000
45 12 0.000000 0.000000
46 12 0.000000 0.000000
47 12 0.000000 0.000000
48 12 0.000000 0.000000
0 11 0.000000 0.000000
1 11 0.000000 0.000000
2 11 0.000000 0.000000
3 11 0.000000 0.000000
4 11 0.000000 0.000000
5 11 0.000000 0.000000
6 11 0.000000 0.000000
7 11 0.000000 0.000000
8 11 0.000000 0.000000
9 11 0.000000 0.000000
10 11 0.000000 0.000000
11 11 0.000000 0.000000
12 11 0.000000 0.000000
13 11 0.000000 0.000000
14 11 0.000000 0.000000
15 11 0.000000 0.000000
16 11 0.000000 0.000000
17 11 0.000000 0.000000
18 11 0.000000 0.000000
19 11 0.000000 0.000000
20 11 0.000000 0.000000
21 11 0.000000 0.000000
22 11 0.000000 0.000000
23 11 0.000000 0.000000
24 11 0.000000 0.000000
25 11 92.225395 1.000000
26 11 61.194834 1.000000
27 11 41.933707 1.000000
28 11 40.025111 1.000000
29 11 39.676341 1.000000
30 11 43.080546 1.000000
31 11 0.000000 0.000000
32 11 0.000000 0.000000
33 11 0.000000 0.000000
34 11 0.000000 0.000000
35 11 0.000000 0.000000
36 11 0.000000 0.000000
37 11 0.000000 0.000000
38 11 0.000000 0.000000
39 11 0.000000 0.000000
40 11 0.000000 0.000000
41 11 0.000000 0.000000
42 11 0.000000 0.000000
43 11 0.000000 0.000000
44 11 0.000000 0.000000
45 11 0.000000 0.000000
46 11 0.000000 0.000000
47 11 0.000000 0.000000
48 11 0.000000 0.000000
0 10 0.000000 0.000000
1 10 0.000000 0.000000
2 10 0.000000 0.000000
3 10 0.000000 0.000000
4 10 0.000000 0.000000
5 10 0.000000 0.000000
6 10 0.000000 0.000000
7 10 0.000000 0.000000
8 10 0.000000 0.000000
9 10 0.000000 0.000000
10 10 0.000000 0.000000
11 10 0.000000 0.000000
12 10 0.000000 0.000000
13 10 0.000000 0.000000
14 10 0.000000 0.000000
15 10 0.000000 0.000000
16 10 0.000000 0.000000
17 10 0.000000 0.000000
18 10 0.000000 0.000000
19 10 0.000000 0.000000
20 10 0.000000 0.000000
21 10 0.000000 0.000000
22 10 0.000000 0.000000
23 10 0.000000 0.000000
24 10 0.000000 0.000000
25 10 0.000000 0.000000
26 10 0.000000 0.000000
27 10 0.000000 0.000000
28 10 0.000000 0.000000
29 10 0.000000 0.000000
30 10 0.000000 0.000000
31 10 0.000000 0.000000
32 10 0.000000 0.000000
33 10 0.000000 0.000000
34 10 0.000000 0.000000
35 10 0.000000 0.000000
36 10 0.000000 0.000000
37 10 0.000000 0.000000
38 10 0.000000 0.000000
39 10 0.000000 0.000000
40 10 0.000000 0.000000
41 10 0.000000 0.000000
42 10 0.000000 0.000000
43 10 0.000000 0.000000
44 10 0.000000 0.000000
45 10 0.000000 0.000000
46 10 0.000000 0.000000
47 10 0.000000 0.000000
48 10 0.000000 0.000000
0 9 0.000000 0.000000
1 9 0.000000 0.000000
2 9 0.000000 0.000000
3 9 0.000000 0.000000
4 9 0.000000 0.000000
5 9 0.000000 0.000000
6 9 0.000000 0.000000
7 9 0.000000 0.000000
8 9 0.000000 0.000000
9 9 0.000000 0.000000
10 9 0.000000 0.000000
11 9 0.000000 0.000000
12 9 0.000000 0.000000
13 9 0.000000 0.000000
14 9 0.000000 0.000000
15 9 0.000000 0.000000
16 9 0.000000 0.000000
17 9 0.000000 0.000000
18 9 0.000000 0.000000
19 9 0.000000 0.000000
20 9 0.000000 0.000000
21 9 0.000000 0.000000
22 9 0.000000 0.000000
23 9 0.000000 0.000000
24 9 0.000000 0.000000
25 9 0.000000 0.000000
26 9 0.000000 0.000000
27 9 0.000000 0.000000
28 9 0.000000 0.000000
29 9 0.000000 0.000000
30 9 0.000000 0.000000
31 9 0.000000 0.000000
32 9 0.000000 0.000000
33 9 0.000000 0.000000
34 9 0.000000 0.000000
35 9 0.000000 0.000000
36 9 0.000000 0.000000
37 9 0.000000 0.000000
38 9 0.000000 0.000000
39 9 0.000000 0.000000
40 9 0.000000 0.000000
41 9 0.000000 0.000000
42 9 0.000000 0.000000
43 9 0.000000 0.000000
44 9 0.000000 0.000000
45 9 0.000000 0.000000
46 9 0.000000 0.000000
47 9 0.000000 0.000000
48 9 0.000000 0.000000
0 8 0.000000 0.000000
1 8 0.000000 0.000000
2 8 0.000000 0.000000
3 8 0.000000 0.000000
4 8 0.000000 0.000000
5 8 0.000000 0.000000
6 8 0.000000 0.000000
7 8 0.000000 0.000000
8 8 0.000000 0.000000
9 8 0.000000 0.000000
10 8 0.000000 0.000000
11 8 0.000000 0.000000
12 8 0.000000 0.000000
13 8 0.000000 0.000000
14 8 0.000000 0.000000
15 8 0.000000 0.000000
16 8 0.000000 0.000000
17 8 0.000000 0.000000
18 8 0.000000 0.000000
19 8 0.000000 0.000000
20 8 0.000000 0.000000
21 8 0.000000 0.000000
22 8 0.000000 0.000000
23 8 0.000000 0.000000
24 8 0.000000 0.000000
25 8 0.000000 0.000000
26 8 0.000000 0.000000
27 8 0.000000 0.000000
28 8 0.000000 0.000000
29 8 0.000000 0.000000
30 8 0.000000 0.000000
31 8 0.000000 0.000000
32 8 0.000000 0.000000
33 8 0.000000 0.000000
34 8 0.000000 0.000000
35 8 0.000000 0.000000
36 8 0.000000 0.000000
37 8 0.000000 0.000000
38 8 0.000000 0.000000
39 8 0.000000 0.000000
40 8 0.000000 0.000000
41 8 0.000000 0.000000
42 8 0.000000 0.000000
43 8 0.000000 0.000000
44 8 0.000000 0.000000
45 8 0.000000 0.000000
46 8 0.000000 0.000000
47 8 0.000000 0.000000
48 8 0.000000 0.000000
0 7 0.000000 0.000000
1 7 0.000000 0.000000
2 7 0.000000 0.000000
3 7 0.000000 0.000000
4 7 0.000000 0.000000
5 7 0.000000 0.000000
6 7 0.000000 0.000000
7 7 0.000000 0.000000
8 7 0.000000 0.000000
9 7 0.000000 0.000000
10 7 0.000000 0.000000
11 7 0.000000 0.000000
12 7 0.000000 0.000000
13 7 0.000000 0.000000
14 7 0.000000 0.000000
15 7 0.000000 0.000000
16 7 0.000000 0.000000
17 7 0.000000 0.000000
18 7 0.000000 0.000000
19 7 0.000000 0.000000
20 7 0.000000 0.000000
21 7 0.000000 0.000000
22 7 0.000000 0.000000
23 7 0.000000 0.000000
24 7 0.000000 0.000000
25 7 0.000000 0.000000
26 7 0.000000 0.000000
27 7 0.000000 0.000000
28 7 0.000000 0.000000
29 7 0.000000 0.000000
30 7 0.000000 0.000000
31 7 0.000000 0.000000
32 7 0.000000 0.000000
33 7 0.000000 0.000000
34 7 0.000000 0.000000
35 7 0.000000 0.000000
36 7 0.000000 0.000000
37 7 0.000000 0.000000
38 7 0.000000 0.000000
39 7 0.000000 0.000000
40 7 0.000000 0.000000
41 7 0.000000 0.000000
42 7 0.000000 0.000000
43 7 0.000000 0.000000
44 7 0.000000 0.000000
45 7 0.000000 0.000000
46 7 0.000000 0.000000
47 7 0.000000 0.000000
48 7 0.000000 0.000000
0 6 0.000000 0.000000
1 6 0.000000 0.000000
2 6 0.000000 0.000000
3 6 0.000000 0.000000
4 6 0.000000 0.000000
5 6 0.000000 0.000000
6 6 0.000000 0.000000
7 6 0.000000 0.000000
8 6 0.000000 0.000000
9 6 0.000000 0.000000
10 6 0.000000 0.000000
11 6 0.000000 0.000000
12 6 0.000000 0.000000
13 6 0.000000 0.000000
14 6 0.000000 0.000000
15 6 0.000000 0.000000
16 6 0.000000 0.000000
17 6 0.000000 0.000000
18 6 0.000000 0.000000
19 6 0.000000 0.000000
20 6 0.000000 0.000000
21 6 0.000000 0.000000
22 6 0.000000 0.000000
23 6 0.000000 0.000000
24 6 0.000000 0.000000
25 6 0.000000 0.000000
26 6 0.000000 0.000000
27 6 0.000000 0.000000
28 6 0.000000 0.000000
29 6 0.000000 0.000000
30 6 0.000000 0.000000
31 6 0.000000 0.000000
32 6 0.000000 0.000000
33 6 0.000000 0.000000
34 6 0.000000 0.000000
35 6 0.000000 0.000000
36 6 0.000000 0.000000
37 6 0.000000 0.000000
38 6 0.000000 0.000000
39 6 0.000000 0.000000
40 6 0.000000 0.000000
41 6 0.000000 0.000000
42 6 0.000000 0.000000
43 6 0.000000 0.000000
44 6 0.000000 0.000000
45 6 0.000000 0.000000
46 6 0.000000 0.000000
47 6 0.000000 0.000000
48 6 0.000000 0.000000
0 5 0.000000 0.000000
1 5 0.000000 0.000000
2 5 0.000000 0.000000
3 5 0.000000 0.000000
4 5 0.000000 0.000000
5 5 0.000000 0.000000
6 5 0.000000 0.000000
7 5 0.000000 0.000000
8 5 0.000000 0.000000
9 5 0.000000 0.000000
10 5 0.000000 0.000000
11 5 0.000000 0.000000
12 5 0.000000 0.000000
13 5 0.000000 0.000000
14 5 0.000000 0.000000
15 5 0.000000 0.000000
16 5 0.000000 0.000000
17 5 0.000000 0.000000
18 5 0.000000 0.000000
19 5 0.000000 0.000000
20 5 0.000000 0.000000
21 5 0.000000 0.000000
22 5 0.000000 0.000000
23 5 0.000000 0.000000
24 5 0.000000 0.000000
25 5 0.000000 0.000000
26 5 0.000000 0.000000
27 5 0.000000 0.000000
28 5 0.000000 0.000000
29 5 0.000000 0.000000
30 5 0.000000 0.000000
31 5 0.000000 0.000000
32 5 0.000000 0.000000
33 5 0.000000 0.000000
34 5 0.000000 0.000000
35 5 0.000000 0.000000
36 5 0.000000 0.000000
37 5 0.000000 0.000000
38 5 0.000000 0.000000
39 5 0.000000 0.000000
40 5 0.000000 0.000000
41 5 0.000000 0.000000
42 5 0.000000 0.000000
43 5 0.000000 0.000000
44 5 0.000000 0.000000
45 5 0.000000 0.000000
46 5 0.000000 0.000000
47 5 0.000000 0.000000
48 5 0.000000 0.000000
0 4 0.000000 0.000000
1 4 0.000000 0.000000
2 4 0.000000 0.000000
3 4 0.000000 0.000000
4 4 0.000000 0.000000
5 4 0.000000 0.000000
6 4 0.000000 0.000000
7 4 0.000000 0.000000
8 4 0.000000 0.000000
9 4 0.000000 0.000000
10 4 0.000000 0.000000
11 4 0.000000 0.000000
12 4 0.000000 0.000000
13 4 0.000000 0.000000
14 4 0.000000 0.000000
15 4 0.000000 0.000000
16 4 0.000000 0.000000
17 4 0.000000 0.000000
18 4 0.000000 0.000000
19 4 0.000000 0.000000
20 4 0.000000 0.000000
21 4 0.000000 0.000000
22 4 0.000000 0.000000
23 4 0.000000 0.000000
24 4 0.000000 0.000000
25 4 0.000000 0.000000
26 4 0.000000 0.000000
27 4 0.000000 0.000000
28 4 0.000000 0.000000
29 4 0.000000 0.000000
30 4 0.000000 0.000000
31 4 0.000000 0.000000
32 4 0.000000 0.000000
33 4 0.000000 0.000000
34 4 0.000000 0.000000
35 4 0.000000 0.000000
36 4 0.000000 0.000000
37 4 0.000000 0.000000
38 4 0.000000 0.000000
39 4 0.000000 0.000000
40 4 0.000000 0.000000
41 4 0.000000 0.000000
42 4 0.000000 0.000000
43 4 0.000000 0.000000
44 4 0.000000 0.000000
45 4 0.000000 0.000000
46 4 0.000000 0.000000
47 4 0.000000 0.000000
48 4 0.000000 0.000000
0 3 0.000000 0.000000
1 3 0.000000 0.000000
2 3 0.000000 0.000000
3 3 0.000000 0.000000
4 3 0.000000 0.000000
5 3 0.000000 0.000000
6 3 0.000000 0.000000
7 3 0.000000 0.000000
8 3 0.000000 0.000000
9 3 0.000000 0.000000
10 3 0.000000 0.000000
11 3 0.000000 0.000000
12 3 0.000000 0.000000
13 3 0.000000 0.000000
14 3 0.000000 0.000000
15 3 0.000000 0.000000
16 3 0.000000 0.000000
17 3 0.000000 0.000000
18 3 0.000000 0.000000
19 3 0.000000 0.000000
20 3 0.000000 0.000000
21 3 0.000000 0.000000
22 3 0.000000 0.000000
23 3 0.000000 0.000000
24 3 0.000000 0.000000
25 3 0.000000 0.000000
26 3 0.000000 0.000000
27 3 0.000000 0.000000
28 3 0.000000 0.000000
29 3 0.000000 0.000000
30 3 0.000000 0.000000
31 3 0.000000 0.000000
32 3 0.000000 0.000000
33 3 0.000000 0.000000
34 3 0.000000 0.000000
35 3 0.000000 0.000000
36 3 0.000000 0.000000
37 3 0.000000 0.000000
38 3 0.000000 0.000000
39 3 0.000000 0.000000
40 3 0.000000 0.000000
41 3 0.000000 0.000000
42 3 0.000000 0.000000
43 3 0.000000 0.000000
44 3 0.000000 0.000000
45 3 0.000000 0.000000
46 3 0.000000 0.000000
47 3 0.000000 0.000000
48 3 0.000000 0.000000
0 2 0.000000 0.000000
1 2 0.000000 0.000000
2 2 0.000000 0.000000
3 2 0.000000 0.000000
4 2 0.000000 0.000000
5 2 0.000000 0.000000
6 2 0.000000 0.000000
7 2 0.000000 0.000000
8 2 0.000000 0.000000
9 2 0.000000 0.000000
10 2 0.000000 0.000000
11 2 0.000000 0.000000
12 2 0.000000 0.000000
13 2 0.000000 0.000000
14 2 0.000000 0.000000
15 2 0.000000 0.000000
16 2 0.000000 0.000000
17 2 0.000000 0.000000
18 2 0.000000 0.000000
19 2 0.000000 0.000000
20 2 0.000000 0.000000
21 2 0.000000 0.000000
22 2 0.000000 0.000000
23 2 0.000000 0.000000
24 2 0.000000 0.000000
25 2 0.000000 0.000000
26 2 0.000000 0.000000
27 2 0.000000 0.000000
28 2 0.000000 0.000000
29 2 0.000000 0.000000
30 2 0.000000 0.000000
31 2 0.000000 0.000000
32 2 0.000000 0.000000
33 2 0.000000 0.000000
34 2 0.000000 0.000000
35 2 0.000000 0.000000
36 2 0.000000 0.000000
37 2 0.000000 0.000000
38 2 0.000000 0.000000
39 2 0.000000 0.000000
40 2 0.000000 0.000000
41 2 0.000000 0.000000
42 2 0.000000 0.000000
43 2 0.000000 0.000000
44 2 0.000000 0.000000
45 2 0.000000 0.000000
46 2 0.000000 0.000000
47 2 0.000000 0.000000
48 2 0.000000 0.000000
0 1 0.000000 0.000000
1 1 0.000000 0.000000
2 1 0.000000 0.000000
3 1 0.000000 0.000000
4 1 0.000000 0.000000
5 1 0.000000 0.000000
6 1 0.000000 0.000000
7 1 0.000000 0.000000
8 1 0.000000 0.000000
9 1 0.000000 0.000000
10 1 0.000000 0.000000
11 1 0.000000 0.000000
12 1 0.000000 0.000000
13 1 0.000000 0.000000
14 1 0.000000 0.000000
15 1 0.000000 0.000000
16 1 0.000000 0.000000
17 1 0.000000 0.000000
18 1 0.000000 0.000000
19 1 0.000000 0.000000
20 1 0.000000 0.000000
21 1 0.000000 0.000000
22 1 0.000000 0.000000
23 1 0.000000 0.000000
24 1 0.000000 0.000000
25 1 0.000000 0.000000
26 1 0.000000 0.000000
27 1 0.000000 0.000000
28 1 0.000000 0.000000
29 1 0.000000 0.000000
30 1 0.000000 0.000000
31 1 0.000000 0.000000
32 1 0.000000 0.000000
33 1 0.000000 0.000000
34 1 0.000000 0.000000
35 1 0.000000 0.000000
36 1 0.000000 0.000000
37 1 0.000000 0.000000
38 1 0.000000 0.000000
39 1 0.000000 0.000000
40 1 0.000000 0.000000
41 1 0.000000 0.000000
42 1 0.000000 0.000000
43 1 0.000000 0.000000
44 1 0.000000 0.000000
45 1 0.000000 0.000000
46 1 0.000000 0.000000
47 1 0.000000 0.000000
48 1 0.000000 0.000000
0 0 0.000000 0.000000
1 0 0.000000 0.000000
2 0 0.000000 0.000000
3 0 0.000000 0.000000
4 0 0.000000 0.000000
5 0 0.000000 0.000000
6 0 0.000000 0.000000
7 0 0.000000 0.000000
8 0 0.000000 0.000000
9 0 0.000000 0.000000
10 0 0.000000 0.000000
11 0 0.000000 0.000000
12 0 0.000000 0.000000
13 0 0.000000 0.000000
14 0 0.000000 0.000000
15 0 0.000000 0.000000
16 0 0.000000 0.000000
17 0 0.000000 0.000000
18 0 0.000000 0.000000
19 0 0.000000 0.000000
20 0 0.000000 0.000000
21 0 0.000000 0.000000
22 0 0.000000 0.000000
23 0 0.000000 0.000000
24 0 0.000000 0.000000
25 0 0.000000 0.000000
26 0 0.000000 0.000000
27 0 0.000000 0.000000
28 0 0.000000 0.000000
29 0 0.000000 0.000000
30 0 0.000000 0.000000
31 0 0.000000 0.000000
32 0 0.000000 0.000000
33 0 0.000000 0.000000
34 0 0.000000 0.000000
35 0 0.000000 0.000000
36 0 0.000000 0.000000
37 0 0.000000 0.000000
38 0 0.000000 0.000000
39 0 0.000000 0.000000
40 0 0.000000 0.000000
41 0 0.000000 0.000000
42 0 0.000000 0.000000
43 0 0.000000 0.000000
44 0 0.000000 0.000000
45 0 0.000000 0.000000
46 0 0.000000 0.000000
47 0 0.000000 0.000000
48 0 0.000000 0.000000
