0 55 0.000000 0.000000
1 55 0.000000 0.000000
2 55 0.000000 0.000000
3 55 0.000000 0.000000
4 55 0.000000 0.000000
5 55 0.000000 0.000000
6 55 0.000000 0.000000
7 55 0.000000 0.000000
8 55 0.000000 0.000000
9 55 0.000000 0.000000
10 55 0.000000 0.000000
11 55 0.000000 0.000000
12 55 0.000000 0.000000
13 55 0.000000 0.000000
14 55 0.000000 0.000000
15 55 0.000000 0.000000
16 55 0.000000 0.000000
17 55 0.000000 0.000000
18 55 0.000000 0.000000
19 55 0.000000 0.000000
20 55 0.000000 0.000000
21 55 0.000000 0.000000
22 55 0.000000 0.000000
23 55 0.000000 0.000000
24 55 0.000000 0.000000
25 55 0.000000 0.000000
26 55 0.000000 0.000000
27 55 0.000000 0.000000
28 55 0.000000 0.000000
29 55 0.000000 0.000000
30 55 0.000000 0.000000
31 55 0.000000 0.000000
32 55 0.000000 0.000000
33 55 0.000000 0.000000
34 55 0.000000 0.000000
35 55 0.000000 0.000000
36 55 0.000000 0.000000
37 55 0.000000 0.000000
38 55 0.000000 0.000000
39 55 0.000000 0.000000
40 55 0.000000 0.000000
41 55 0.000000 0.000000
42 55 0.000000 0.000000
43 55 0.000000 0.000000
44 55 0.000000 0.000000
45 55 0.000000 0.000000
46 55 0.000000 0.000000
0 54 0.000000 0.000000
1 54 0.000000 0.000000
2 54 0.000000 0.000000
3 54 0.000000 0.000000
4 54 0.000000 0.000000
5 54 0.000000 0.000000
6 54 0.000000 0.000000
7 54 0.000000 0.000000
8 54 0.000000 0.000000
9 54 0.000000 0.000000
10 54 0.000000 0.000000
11 54 0.000000 0.000000
12 54 0.000000 0.000000
13 54 0.000000 0.000000
14 54 0.000000 0.000000
15 54 0.000000 0.000000
16 54 0.000000 0.000000
17 54 0.000000 0.000000
18 54 0.000000 0.000000
19 54 0.000000 0.000000
20 54 0.000000 0.000000
21 54 0.000000 0.000000
22 54 0.000000 0.000000
23 54 0.000000 0.000000
24 54 0.000000 0.000000
25 54 0.000000 0.000000
26 54 0.000000 0.000000
27 54 0.000000 0.000000
28 54 0.000000 0.000000
29 54 0.000000 0.000000
30 54 0.000000 0.000000
31 54 0.000000 0.000000
32 54 0.000000 0.000000
33 54 0.000000 0.000000
34 54 0.000000 0.000000
35 54 0.000000 0.000000
36 54 0.000000 0.000000
37 54 0.000000 0.000000
38 54 0.000000 0.000000
39 54 0.000000 0.000000
40 54 0.000000 0.000000
41 54 0.000000 0.000000
42 54 0.000000 0.000000
43 54 0.000000 0.000000
44 54 0.000000 0.000000
45 54 0.000000 0.000000
46 54 0.000000 0.000000
0 53 0.000000 0.000000
1 53 0.000000 0.000000
2 53 0.000000 0.000000
3 53 0.000000 0.000000
4 53 0.000000 0.000000
5 53 0.000000 0.000000
6 53 0.000000 0.000000
7 53 0.000000 0.000000
8 53 0.000000 0.000000
9 53 0.000000 0.000000
10 53 0.000000 0.000000
11 53 0.000000 0.000000
12 53 0.000000 0.000000
13 53 0.000000 0.000000
14 53 0.000000 0.000000
15 53 0.000000 0.000000
16 53 0.000000 0.000000
17 53 0.000000 0.000000
18 53 0.000000 0.000000
19 53 0.000000 0.000000
20 53 0.000000 0.000000
21 53 0.000000 0.000000
22 53 0.000000 0.000000
23 53 0.000000 0.000000
24 53 0.000000 0.000000
25 53 0.000000 0.000000
26 53 0.000000 0.000000
27 53 0.000000 0.000000
28 53 0.000000 0.000000
29 53 0.000000 0.000000
30 53 0.000000 0.000000
31 53 0.000000 0.000000
32 53 0.000000 0.000000
33 53 0.000000 0.000000
34 53 0.000000 0.000000
35 53 0.000000 0.000000
36 53 0.000000 0.000000
37 53 0.000000 0.000000
38 53 0.000000 0.000000
39 53 0.000000 0.000000
40 53 0.000000 0.000000
41 53 0.000000 0.000000
42 53 0.000000 0.000000
43 53 0.000000 0.000000
44 53 0.000000 0.000000
45 53 0.000000 0.000000
46 53 0.000000 0.000000
0 52 0.000000 0.000000
1 52 0.000000 0.000000
2 52 0.000000 0.000000
3 52 0.000000 0.000000
4 52 0.000000 0.000000
5 52 0.000000 0.000000
6 52 0.000000 0.000000
7 52 0.000000 0.000000
8 52 0.000000 0.000000
9 52 0.000000 0.000000
10 52 0.000000 0.000000
11 52 0.000000 0.000000
12 52 0.000000 0.000000
13 52 0.000000 0.000000
14 52 0.000000 0.000000
15 52 0.000000 0.000000
16 52 0.000000 0.000000
17 52 0.000000 0.000000
18 52 0.000000 0.000000
19 52 0.000000 0.000000
20 52 0.000000 0.000000
21 52 0.000000 0.000000
22 52 0.000000 0.000000
23 52 0.000000 0.000000
24 52 0.000000 0.000000
25 52 0.000000 0.000000
26 52 0.000000 0.000000
27 52 0.000000 0.000000
28 52 0.000000 0.000000
29 52 0.000000 0.000000
30 52 0.000000 0.000000
31 52 0.000000 0.000000
32 52 0.000000 0.000000
33 52 0.000000 0.000000
34 52 0.000000 0.000000
35 52 0.000000 0.000000
36 52 0.000000 0.000000
37 52 0.000000 0.000000
38 52 0.000000 0.000000
39 52 0.000000 0.000000
40 52 0.000000 0.000000
41 52 0.000000 0.000000
42 52 0.000000 0.000000
43 52 0.000000 0.000000
44 52 0.000000 0.000000
45 52 0.000000 0.000000
46 52 0.000000 0.000000
0 51 0.000000 0.000000
1 51 0.000000 0.000000
2 51 0.000000 0.000000
3 51 0.000000 0.000000
4 51 0.000000 0.000000
5 51 0.000000 0.000000
6 51 0.000000 0.000000
7 51 0.000000 0.000000
8 51 0.000000 0.000000
9 51 0.000000 0.000000
10 51 0.000000 0.000000
11 51 0.000000 0.000000
12 51 0.000000 0.000000
13 51 0.000000 0.000000
14 51 0.000000 0.000000
15 51 0.000000 0.000000
16 51 0.000000 0.000000
17 51 0.000000 0.000000
18 51 0.000000 0.000000
19 51 0.000000 0.000000
20 51 0.000000 0.000000
21 51 0.000000 0.000000
22 51 0.000000 0.000000
23 51 0.000000 0.000000
24 51 0.000000 0.000000
25 51 0.000000 0.000000
26 51 0.000000 0.000000
27 51 0.000000 0.000000
28 51 0.000000 0.000000
29 51 0.000000 0.000000
30 51 0.000000 0.000000
31 51 0.000000 0.000000
32 51 0.000000 0.000000
33 51 0.000000 0.000000
34 51 0.000000 0.000000
35 51 0.000000 0.000000
36 51 0.000000 0.000000
37 51 0.000000 0.000000
38 51 0.000000 0.000000
39 51 0.000000 0.000000
40 51 0.000000 0.000000
41 51 0.000000 0.000000
42 51 0.000000 0.000000
43 51 0.000000 0.000000
44 51 0.000000 0.000000
45 51 0.000000 0.000000
46 51 0.000000 0.000000
0 50 0.000000 0.000000
1 50 0.000000 0.000000
2 50 0.000000 0.000000
3 50 0.000000 0.000000
4 50 0.000000 0.000000
5 50 0.000000 0.000000
6 50 0.000000 0.000000
7 50 0.000000 0.000000
8 50 0.000000 0.000000
9 50 0.000000 0.000000
10 50 0.000000 0.000000
11 50 0.000000 0.000000
12 50 0.000000 0.000000
13 50 0.000000 0.000000
14 50 0.000000 0.000000
15 50 0.000000 0.000000
16 50 0.000000 0.000000
17 50 0.000000 0.000000
18 50 0.000000 0.000000
19 50 0.000000 0.000000
20 50 0.000000 0.000000
21 50 0.000000 0.000000
22 50 0.000000 0.000000
23 50 0.000000 0.000000
24 50 0.000000 0.000000
25 50 0.000000 0.000000
26 50 0.000000 0.000000
27 50 0.000000 0.000000
28 50 0.000000 0.000000
29 50 0.000000 0.000000
30 50 0.000000 0.000000
31 50 0.000000 0.000000
32 50 0.000000 0.000000
33 50 0.000000 0.000000
34 50 0.000000 0.000000
35 50 0.000000 0.000000
36 50 0.000000 0.000000
37 50 0.000000 0.000000
38 50 0.000000 0.000000
39 50 0.000000 0.000000
40 50 0.000000 0.000000
41 50 0.000000 0.000000
42 50 0.000000 0.000000
43 50 0.000000 0.000000
44 50 0.000000 0.000000
45 50 0.000000 0.000000
46 50 0.000000 0.000000
0 49 0.000000 0.000000
1 49 0.000000 0.000000
2 49 0.000000 0.000000
3 49 0.000000 0.000000
4 49 0.000000 0.000000
5 49 0.000000 0.000000
6 49 0.000000 0.000000
7 49 0.000000 0.000000
8 49 0.000000 0.000000
9 49 0.000000 0.000000
10 49 0.000000 0.000000
11 49 0.000000 0.000000
12 49 0.000000 0.000000
13 49 0.000000 0.000000
14 49 0.000000 0.000000
15 49 0.000000 0.000000
16 49 0.000000 0.000000
17 49 0.000000 0.000000
18 49 0.000000 0.000000
19 49 0.000000 0.000000
20 49 0.000000 0.000000
21 49 0.000000 0.000000
22 49 0.000000 0.000000
23 49 0.000000 0.000000
24 49 0.000000 0.000000
25 49 0.000000 0.000000
26 49 0.000000 0.000000
27 49 0.000000 0.000000
28 49 0.000000 0.000000
29 49 0.000000 0.000000
30 49 0.000000 0.000000
31 49 0.000000 0.000000
32 49 0.000000 0.000000
33 49 0.000000 0.000000
34 49 0.000000 0.000000
35 49 0.000000 0.000000
36 49 0.000000 0.000000
37 49 0.000000 0.000000
38 49 0.000000 0.000000
39 49 0.000000 0.000000
40 49 0.000000 0.000000
41 49 0.000000 0.000000
42 49 0.000000 0.000000
43 49 0.000000 0.000000
44 49 0.000000 0.000000
45 49 0.000000 0.000000
46 49 0.000000 0.000000
0 48 0.000000 0.000000
1 48 0.000000 0.000000
2 48 0.000000 0.000000
3 48 0.000000 0.000000
4 48 0.000000 0.000000
5 48 0.000000 0.000000
6 48 0.000000 0.000000
7 48 0.000000 0.000000
8 48 0.000000 0.000000
9 48 0.000000 0.000000
10 48 0.000000 0.000000
11 48 0.000000 0.000000
12 48 0.000000 0.000000
13 48 0.000000 0.000000
14 48 0.000000 0.000000
15 48 0.000000 0.000000
16 48 0.000000 0.000000
17 48 0.000000 0.000000
18 48 0.000000 0.000000
19 48 0.000000 0.000000
20 48 0.000000 0.000000
21 48 0.000000 0.000000
22 48 0.000000 0.000000
23 48 0.000000 0.000000
24 48 0.000000 0.000000
25 48 0.000000 0.000000
26 48 0.000000 0.000000
27 48 0.000000 0.000000
28 48 0.000000 0.000000
29 48 0.000000 0.000000
30 48 0.000000 0.000000
31 48 0.000000 0.000000
32 48 0.000000 0.000000
33 48 0.000000 0.000000
34 48 0.000000 0.000000
35 48 0.000000 0.000000
36 48 0.000000 0.000000
37 48 0.000000 0.000000
38 48 0.000000 0.000000
39 48 0.000000 0.000000
40 48 0.000000 0.000000
41 48 0.000000 0.000000
42 48 0.000000 0.000000
43 48 0.000000 0.000000
44 48 0.000000 0.000000
45 48 0.000000 0.000000
46 48 0.000000 0.000000
0 47 0.000000 0.000000
1 47 0.000000 0.000000
2 47 0.000000 0.000000
3 47 0.000000 0.000000
4 47 0.000000 0.000000
5 47 0.000000 0.000000
6 47 0.000000 0.000000
7 47 0.000000 0.000000
8 47 0.000000 0.000000
9 47 0.000000 0.000000
10 47 0.000000 0.000000
11 47 0.000000 0.000000
12 47 0.000000 0.000000
13 47 0.000000 0.000000
14 47 0.000000 0.000000
15 47 0.000000 0.000000
16 47 0.000000 0.000000
17 47 0.000000 0.000000
18 47 0.000000 0.000000
19 47 0.000000 0.000000
20 47 0.000000 0.000000
21 47 0.000000 0.000000
22 47 0.000000 0.000000
23 47 0.000000 0.000000
24 47 0.000000 0.000000
25 47 0.000000 0.000000
26 47 0.000000 0.000000
27 47 0.000000 0.000000
28 47 0.000000 0.000000
29 47 0.000000 0.000000
30 47 0.000000 0.000000
31 47 0.000000 0.000000
32 47 0.000000 0.000000
33 47 0.000000 0.000000
34 47 0.000000 0.000000
35 47 0.000000 0.000000
36 47 0.000000 0.000000
37 47 0.000000 0.000000
38 47 0.000000 0.000000
39 47 0.000000 0.000000
40 47 0.000000 0.000000
41 47 0.000000 0.000000
42 47 0.000000 0.000000
43 47 0.000000 0.000000
44 47 0.000000 0.000000
45 47 0.000000 0.000000
46 47 0.000000 0.000000
0 46 0.000000 0.000000
1 46 0.000000 0.000000
2 46 0.000000 0.000000
3 46 0.000000 0.000000
4 46 0.000000 0.000000
5 46 0.000000 0.000000
6 46 0.000000 0.000000
7 46 0.000000 0.000000
8 46 0.000000 0.000000
9 46 0.000000 0.000000
10 46 0.000000 0.000000
11 46 0.000000 0.000000
12 46 0.000000 0.000000
13 46 0.000000 0.000000
14 46 0.000000 0.000000
15 46 0.000000 0.000000
16 46 0.000000 0.000000
17 46 0.000000 0.000000
18 46 0.000000 0.000000
19 46 0.000000 0.000000
20 46 0.000000 0.000000
21 46 0.000000 0.000000
22 46 0.000000 0.000000
23 46 0.000000 0.000000
24 46 0.000000 0.000000
25 46 0.000000 0.000000
26 46 0.000000 0.000000
27 46 0.000000 0.000000
28 46 0.000000 0.000000
29 46 0.000000 0.000000
30 46 0.000000 0.000000
31 46 0.000000 0.000000
32 46 0.000000 0.000000
33 46 0.000000 0.000000
34 46 0.000000 0.000000
35 46 0.000000 0.000000
36 46 0.000000 0.000000
37 46 0.000000 0.000000
38 46 0.000000 0.000000
39 46 0.000000 0.000000
40 46 0.000000 0.000000
41 46 0.000000 0.000000
42 46 0.000000 0.000000
43 46 0.000000 0.000000
44 46 0.000000 0.000000
45 46 0.000000 0.000000
46 46 0.000000 0.000000
0 45 0.000000 0.000000
1 45 0.000000 0.000000
2 45 0.000000 0.000000
3 45 0.000000 0.000000
4 45 0.000000 0.000000
5 45 0.000000 0.000000
6 45 0.000000 0.000000
7 45 0.000000 0.000000
8 45 0.000000 0.000000
9 45 0.000000 0.000000
10 45 0.000000 0.000000
11 45 0.000000 0.000000
12 45 0.000000 0.000000
13 45 0.000000 0.000000
14 45 0.000000 -2.840778
15 45 0.000000 -2.880731
16 45 1.997105 -2.866211
17 45 0.000000 -2.819129
18 45 0.000000 0.000000
19 45 0.000000 0.000000
20 45 0.000000 0.000000
21 45 0.000000 0.000000
22 45 0.000000 0.000000
23 45 0.000000 0.000000
24 45 0.000000 0.000000
25 45 0.000000 0.000000
26 45 0.000000 0.000000
27 45 0.000000 0.000000
28 45 0.000000 0.000000
29 45 0.000000 0.000000
30 45 0.000000 0.000000
31 45 0.000000 0.000000
32 45 0.000000 0.000000
33 45 0.000000 0.000000
34 45 0.000000 0.000000
35 45 0.000000 0.000000
36 45 0.000000 0.000000
37 45 0.000000 0.000000
38 45 0.000000 0.000000
39 45 0.000000 0.000000
40 45 0.000000 0.000000
41 45 0.000000 0.000000
42 45 0.000000 0.000000
43 45 0.000000 0.000000
44 45 0.000000 0.000000
45 45 0.000000 0.000000
46 45 0.000000 0.000000
0 44 0.000000 0.000000
1 44 0.000000 0.000000
2 44 0.000000 0.000000
3 44 0.000000 0.000000
4 44 0.000000 0.000000
5 44 0.000000 0.000000
6 44 0.000000 0.000000
7 44 0.000000 0.000000
8 44 0.000000 0.000000
9 44 0.000000 0.000000
10 44 0.000000 0.000000
11 44 0.000000 0.000000
12 44 0.000000 0.000000
13 44 0.000000 -2.712119
14 44 0.000000 -2.777380
15 44 50.356802 -2.501778
16 44 59.234109 -2.452127
17 44 36.457718 -2.516821
18 44 0.000000 -2.651203
19 44 0.000000 0.000000
20 44 0.000000 0.000000
21 44 0.000000 0.000000
22 44 0.000000 0.000000
23 44 0.000000 0.000000
24 44 0.000000 0.000000
25 44 0.000000 0.000000
26 44 0.000000 0.000000
27 44 0.000000 0.000000
28 44 0.000000 0.000000
29 44 0.000000 0.000000
30 44 0.000000 0.000000
31 44 0.000000 0.000000
32 44 0.000000 0.000000
33 44 0.000000 0.000000
34 44 0.000000 0.000000
35 44 0.000000 0.000000
36 44 0.000000 0.000000
37 44 0.000000 0.000000
38 44 0.000000 0.000000
39 44 0.000000 0.000000
40 44 0.000000 0.000000
41 44 0.000000 0.000000
42 44 0.000000 0.000000
43 44 0.000000 0.000000
44 44 0.000000 0.000000
45 44 0.000000 0.000000
46 44 0.000000 0.000000
0 43 0.000000 0.000000
1 43 0.000000 0.000000
2 43 0.000000 0.000000
3 43 0.000000 0.000000
4 43 0.000000 0.000000
5 43 0.000000 0.000000
6 43 0.000000 0.000000
7 43 0.000000 0.000000
8 43 0.000000 0.000000
9 43 0.000000 0.000000
10 43 0.000000 0.000000
11 43 0.000000 0.000000
12 43 0.000000 0.000000
13 43 0.000000 -2.616472
14 43 43.890909 -2.386325
15 43 79.626043 -2.265076
16 43 87.792158 -2.223393
17 43 65.695436 -2.233646
18 43 30.418864 -2.332631
19 43 0.000000 0.000000
20 43 0.000000 0.000000
21 43 0.000000 0.000000
22 43 0.000000 0.000000
23 43 0.000000 0.000000
24 43 0.000000 0.000000
25 43 0.000000 0.000000
26 43 0.000000 0.000000
27 43 0.000000 0.000000
28 43 0.000000 0.000000
29 43 0.000000 0.000000
30 43 0.000000 0.000000
31 43 0.000000 0.000000
32 43 0.000000 0.000000
33 43 0.000000 0.000000
34 43 0.000000 0.000000
35 43 0.000000 0.000000
36 43 0.000000 0.000000
37 43 0.000000 0.000000
38 43 0.000000 0.000000
39 43 0.000000 0.000000
40 43 0.000000 0.000000
41 43 0.000000 0.000000
42 43 0.000000 0.000000
43 43 0.000000 0.000000
44 43 0.000000 0.000000
45 43 0.000000 0.000000
46 43 0.000000 0.000000
0 42 0.000000 0.000000
1 42 0.000000 0.000000
2 42 0.000000 0.000000
3 42 0.000000 0.000000
4 42 0.000000 0.000000
5 42 0.000000 0.000000
6 42 0.000000 0.000000
7 42 0.000000 0.000000
8 42 0.000000 0.000000
9 42 0.000000 0.000000
10 42 0.000000 0.000000
11 42 0.000000 0.000000
12 42 0.000000 0.000000
13 42 0.000000 -2.505000
14 42 59.781481 -2.182826
15 42 95.112266 -2.084852
16 42 102.684410 -2.037209
17 42 82.664508 -2.012383
18 42 59.150040 -2.014130
19 42 31.195104 -2.086104
20 42 0.000000 0.000000
21 42 0.000000 0.000000
22 42 0.000000 0.000000
23 42 0.000000 0.000000
24 42 0.000000 0.000000
25 42 0.000000 0.000000
26 42 0.000000 0.000000
27 42 0.000000 0.000000
28 42 0.000000 0.000000
29 42 0.000000 0.000000
30 42 0.000000 0.000000
31 42 0.000000 0.000000
32 42 0.000000 0.000000
33 42 0.000000 0.000000
34 42 0.000000 0.000000
35 42 0.000000 0.000000
36 42 0.000000 0.000000
37 42 0.000000 0.000000
38 42 0.000000 0.000000
39 42 0.000000 0.000000
40 42 0.000000 0.000000
41 42 0.000000 0.000000
42 42 0.000000 0.000000
43 42 0.000000 0.000000
44 42 0.000000 0.000000
45 42 0.000000 0.000000
46 42 0.000000 0.000000
0 41 0.000000 0.000000
1 41 0.000000 0.000000
2 41 0.000000 0.000000
3 41 0.000000 0.000000
4 41 0.000000 0.000000
5 41 0.000000 0.000000
6 41 0.000000 0.000000
7 41 0.000000 0.000000
8 41 0.000000 0.000000
9 41 0.000000 0.000000
10 41 0.000000 0.000000
11 41 0.000000 0.000000
12 41 0.000000 0.000000
13 41 19.048556 -2.259190
14 41 70.718876 -2.011890
15 41 103.349056 -1.922006
16 41 112.270379 -1.866957
17 41 99.333573 -1.821893
18 41 82.320619 -1.793889
19 41 64.043532 -1.800285
20 41 37.551760 -1.874588
21 41 0.000000 0.000000
22 41 0.000000 0.000000
23 41 0.000000 0.000000
24 41 0.000000 0.000000
25 41 0.000000 0.000000
26 41 0.000000 0.000000
27 41 0.000000 0.000000
28 41 0.000000 0.000000
29 41 0.000000 0.000000
30 41 0.000000 0.000000
31 41 0.000000 0.000000
32 41 0.000000 0.000000
33 41 0.000000 0.000000
34 41 0.000000 0.000000
35 41 0.000000 0.000000
36 41 0.000000 0.000000
37 41 0.000000 0.000000
38 41 0.000000 0.000000
39 41 0.000000 0.000000
40 41 0.000000 0.000000
41 41 0.000000 0.000000
42 41 0.000000 0.000000
43 41 0.000000 0.000000
44 41 0.000000 0.000000
45 41 0.000000 0.000000
46 41 0.000000 0.000000
0 40 0.000000 0.000000
1 40 0.000000 0.000000
2 40 0.000000 0.000000
3 40 0.000000 0.000000
4 40 0.000000 0.000000
5 40 0.000000 0.000000
6 40 0.000000 0.000000
7 40 0.000000 0.000000
8 40 0.000000 0.000000
9 40 0.000000 0.000000
10 40 0.000000 0.000000
11 40 0.000000 0.000000
12 40 0.000000 0.000000
13 40 28.661028 -2.056384
14 40 75.521618 -1.854046
15 40 108.284736 -1.769448
16 40 122.086879 -1.712514
17 40 117.029445 -1.662551
18 40 104.227534 -1.624049
19 40 88.254087 -1.610093
20 40 67.010687 -1.632535
21 40 0.000000 0.000000
22 40 0.000000 0.000000
23 40 0.000000 0.000000
24 40 0.000000 0.000000
25 40 0.000000 0.000000
26 40 0.000000 0.000000
27 40 0.000000 0.000000
28 40 0.000000 0.000000
29 40 0.000000 0.000000
30 40 0.000000 0.000000
31 40 0.000000 0.000000
32 40 0.000000 0.000000
33 40 0.000000 0.000000
34 40 0.000000 0.000000
35 40 0.000000 0.000000
36 40 0.000000 0.000000
37 40 0.000000 0.000000
38 40 0.000000 0.000000
39 40 0.000000 0.000000
40 40 0.000000 0.000000
41 40 0.000000 0.000000
42 40 0.000000 0.000000
43 40 0.000000 0.000000
44 40 0.000000 0.000000
45 40 0.000000 0.000000
46 40 0.000000 0.000000
0 39 0.000000 0.000000
1 39 0.000000 0.000000
2 39 0.000000 0.000000
3 39 0.000000 0.000000
4 39 0.000000 0.000000
5 39 0.000000 0.000000
6 39 0.000000 0.000000
7 39 0.000000 0.000000
8 39 0.000000 0.000000
9 39 0.000000 0.000000
10 39 0.000000 0.000000
11 39 0.000000 0.000000
12 39 0.000000 0.000000
13 39 31.041193 -1.896933
14 39 76.740927 -1.705007
15 39 111.227992 -1.625054
16 39 129.071403 -1.571276
17 39 130.065575 -1.522649
18 39 122.016152 -1.480886
19 39 107.543227 -1.456889
20 39 82.763787 -1.459795
21 39 58.794258 -1.474157
22 39 0.000000 0.000000
23 39 0.000000 0.000000
24 39 0.000000 0.000000
25 39 0.000000 0.000000
26 39 0.000000 0.000000
27 39 0.000000 0.000000
28 39 0.000000 0.000000
29 39 0.000000 0.000000
30 39 0.000000 0.000000
31 39 0.000000 0.000000
32 39 0.000000 0.000000
33 39 0.000000 0.000000
34 39 0.000000 0.000000
35 39 0.000000 0.000000
36 39 0.000000 0.000000
37 39 0.000000 0.000000
38 39 0.000000 0.000000
39 39 0.000000 0.000000
40 39 0.000000 0.000000
41 39 0.000000 0.000000
42 39 0.000000 0.000000
43 39 0.000000 0.000000
44 39 0.000000 0.000000
45 39 0.000000 0.000000
46 39 0.000000 0.000000
0 38 0.000000 0.000000
1 38 0.000000 0.000000
2 38 0.000000 0.000000
3 38 0.000000 0.000000
4 38 0.000000 0.000000
5 38 0.000000 0.000000
6 38 0.000000 0.000000
7 38 0.000000 0.000000
8 38 0.000000 0.000000
9 38 0.000000 0.000000
10 38 0.000000 0.000000
11 38 0.000000 0.000000
12 38 0.000000 0.000000
13 38 35.510835 -1.736811
14 38 80.380535 -1.565227
15 38 115.920227 -1.490275
16 38 134.216461 -1.438965
17 38 138.638973 -1.392773
18 38 135.156007 -1.350874
19 38 121.649944 -1.319706
20 38 96.275581 -1.304031
21 38 75.273081 -1.304181
22 38 0.000000 0.000000
23 38 0.000000 0.000000
24 38 0.000000 0.000000
25 38 0.000000 0.000000
26 38 0.000000 0.000000
27 38 0.000000 0.000000
28 38 0.000000 0.000000
29 38 0.000000 0.000000
30 38 0.000000 0.000000
31 38 0.000000 0.000000
32 38 0.000000 0.000000
33 38 0.000000 0.000000
34 38 0.000000 0.000000
35 38 0.000000 0.000000
36 38 0.000000 0.000000
37 38 0.000000 0.000000
38 38 0.000000 0.000000
39 38 0.000000 0.000000
40 38 0.000000 0.000000
41 38 0.000000 0.000000
42 38 0.000000 0.000000
43 38 0.000000 0.000000
44 38 0.000000 0.000000
45 38 0.000000 0.000000
46 38 0.000000 0.000000
0 37 0.000000 0.000000
1 37 0.000000 0.000000
2 37 0.000000 0.000000
3 37 0.000000 0.000000
4 37 0.000000 0.000000
5 37 0.000000 0.000000
6 37 0.000000 0.000000
7 37 0.000000 0.000000
8 37 0.000000 0.000000
9 37 0.000000 0.000000
10 37 0.000000 0.000000
11 37 0.000000 0.000000
12 37 0.000000 0.000000
13 37 34.643595 -1.616143
14 37 81.679381 -1.443373
15 37 119.547577 -1.368327
16 37 139.165652 -1.315638
17 37 145.074753 -1.270160
18 37 144.502478 -1.228616
19 37 133.940381 -1.191703
20 37 111.363779 -1.163016
21 37 89.028671 -1.150233
22 37 0.000000 0.000000
23 37 0.000000 0.000000
24 37 0.000000 0.000000
25 37 0.000000 0.000000
26 37 0.000000 0.000000
27 37 0.000000 0.000000
28 37 0.000000 0.000000
29 37 0.000000 0.000000
30 37 0.000000 0.000000
31 37 0.000000 0.000000
32 37 0.000000 0.000000
33 37 0.000000 0.000000
34 37 0.000000 0.000000
35 37 0.000000 0.000000
36 37 0.000000 0.000000
37 37 0.000000 0.000000
38 37 0.000000 0.000000
39 37 0.000000 0.000000
40 37 0.000000 0.000000
41 37 0.000000 0.000000
42 37 0.000000 0.000000
43 37 0.000000 0.000000
44 37 0.000000 0.000000
45 37 0.000000 0.000000
46 37 0.000000 0.000000
0 36 0.000000 0.000000
1 36 0.000000 0.000000
2 36 0.000000 0.000000
3 36 0.000000 0.000000
4 36 0.000000 0.000000
5 36 0.000000 0.000000
6 36 0.000000 0.000000
7 36 0.000000 0.000000
8 36 0.000000 0.000000
9 36 0.000000 0.000000
10 36 0.000000 0.000000
11 36 0.000000 0.000000
12 36 0.000000 0.000000
13 36 24.621804 -1.550626
14 36 76.063497 -1.339001
15 36 116.795171 -1.255672
16 36 140.867386 -1.199324
17 36 149.337320 -1.152491
18 36 151.706055 -1.111936
19 36 146.917255 -1.073605
20 36 129.184354 -1.038145
21 36 103.774003 -1.010906
22 36 82.367064 -0.976884
23 36 0.000000 0.000000
24 36 0.000000 0.000000
25 36 0.000000 0.000000
26 36 0.000000 0.000000
27 36 0.000000 0.000000
28 36 0.000000 0.000000
29 36 0.000000 0.000000
30 36 0.000000 0.000000
31 36 0.000000 0.000000
32 36 0.000000 0.000000
33 36 0.000000 0.000000
34 36 0.000000 0.000000
35 36 0.000000 0.000000
36 36 0.000000 0.000000
37 36 0.000000 0.000000
38 36 0.000000 0.000000
39 36 0.000000 0.000000
40 36 0.000000 0.000000
41 36 0.000000 0.000000
42 36 0.000000 0.000000
43 36 0.000000 0.000000
44 36 0.000000 0.000000
45 36 0.000000 0.000000
46 36 0.000000 0.000000
0 35 0.000000 0.000000
1 35 0.000000 0.000000
2 35 0.000000 0.000000
3 35 0.000000 0.000000
4 35 0.000000 0.000000
5 35 0.000000 0.000000
6 35 0.000000 0.000000
7 35 0.000000 0.000000
8 35 0.000000 0.000000
9 35 0.000000 0.000000
10 35 0.000000 0.000000
11 35 0.000000 0.000000
12 35 0.000000 0.000000
13 35 2.957009 -1.551151
14 35 64.211665 -1.246314
15 35 107.718004 -1.144944
16 35 139.654566 -1.085591
17 35 154.710908 -1.038613
18 35 158.843093 -1.000630
19 35 157.446464 -0.964466
20 35 145.263486 -0.927226
21 35 121.316063 -0.891811
22 35 95.887608 -0.859983
23 35 77.994348 -0.835183
24 35 0.000000 0.000000
25 35 0.000000 0.000000
26 35 0.000000 0.000000
27 35 0.000000 0.000000
28 35 0.000000 0.000000
29 35 0.000000 0.000000
30 35 0.000000 0.000000
31 35 0.000000 0.000000
32 35 0.000000 0.000000
33 35 0.000000 0.000000
34 35 0.000000 0.000000
35 35 0.000000 0.000000
36 35 0.000000 0.000000
37 35 0.000000 0.000000
38 35 0.000000 0.000000
39 35 0.000000 0.000000
40 35 0.000000 0.000000
41 35 0.000000 0.000000
42 35 0.000000 0.000000
43 35 0.000000 0.000000
44 35 0.000000 0.000000
45 35 0.000000 0.000000
46 35 0.000000 0.000000
0 34 0.000000 0.000000
1 34 0.000000 0.000000
2 34 0.000000 0.000000
3 34 0.000000 0.000000
4 34 0.000000 0.000000
5 34 0.000000 0.000000
6 34 0.000000 0.000000
7 34 0.000000 0.000000
8 34 0.000000 0.000000
9 34 0.000000 0.000000
10 34 0.000000 0.000000
11 34 0.000000 0.000000
12 34 0.000000 0.000000
13 34 0.000000 -1.457843
14 34 57.053892 -1.143999
15 34 98.860942 -1.030926
16 34 139.405842 -0.974387
17 34 163.646147 -0.931610
18 34 169.022148 -0.896627
19 34 167.262560 -0.862711
20 34 158.240764 -0.825263
21 34 140.151438 -0.785133
22 34 116.282874 -0.747731
23 34 91.859343 -0.724150
24 34 76.250104 -0.709331
25 34 0.000000 0.000000
26 34 0.000000 0.000000
27 34 0.000000 0.000000
28 34 0.000000 0.000000
29 34 0.000000 0.000000
30 34 0.000000 0.000000
31 34 0.000000 0.000000
32 34 0.000000 0.000000
33 34 0.000000 0.000000
34 34 0.000000 0.000000
35 34 0.000000 0.000000
36 34 0.000000 0.000000
37 34 0.000000 0.000000
38 34 0.000000 0.000000
39 34 0.000000 0.000000
40 34 0.000000 0.000000
41 34 0.000000 0.000000
42 34 0.000000 0.000000
43 34 0.000000 0.000000
44 34 0.000000 0.000000
45 34 0.000000 0.000000
46 34 0.000000 0.000000
0 33 0.000000 0.000000
1 33 0.000000 0.000000
2 33 0.000000 0.000000
3 33 0.000000 0.000000
4 33 0.000000 0.000000
5 33 0.000000 0.000000
6 33 0.000000 0.000000
7 33 0.000000 0.000000
8 33 0.000000 0.000000
9 33 0.000000 0.000000
10 33 0.000000 0.000000
11 33 0.000000 0.000000
12 33 0.000000 0.000000
13 33 0.000000 0.000000
14 33 61.267839 -1.010698
15 33 96.417016 -0.916711
16 33 141.757212 -0.870025
17 33 174.091854 -0.834834
18 33 182.386363 -0.803432
19 33 179.597576 -0.770963
20 33 172.007474 -0.733322
21 33 160.333431 -0.692074
22 33 141.672143 -0.652397
23 33 112.194295 -0.620016
24 33 85.276884 -0.601504
25 33 0.000000 0.000000
26 33 0.000000 0.000000
27 33 0.000000 0.000000
28 33 0.000000 0.000000
29 33 0.000000 0.000000
30 33 0.000000 0.000000
31 33 0.000000 0.000000
32 33 0.000000 0.000000
33 33 0.000000 0.000000
34 33 0.000000 0.000000
35 33 0.000000 0.000000
36 33 0.000000 0.000000
37 33 0.000000 0.000000
38 33 0.000000 0.000000
39 33 0.000000 0.000000
40 33 0.000000 0.000000
41 33 0.000000 0.000000
42 33 0.000000 0.000000
43 33 0.000000 0.000000
44 33 0.000000 0.000000
45 33 0.000000 0.000000
46 33 0.000000 0.000000
0 32 0.000000 0.000000
1 32 0.000000 0.000000
2 32 0.000000 0.000000
3 32 0.000000 0.000000
4 32 0.000000 0.000000
5 32 0.000000 0.000000
6 32 0.000000 0.000000
7 32 0.000000 0.000000
8 32 0.000000 0.000000
9 32 0.000000 0.000000
10 32 0.000000 0.000000
11 32 0.000000 0.000000
12 32 0.000000 0.000000
13 32 0.000000 0.000000
14 32 62.074009 -0.906246
15 32 97.222601 -0.816183
16 32 144.999341 -0.776675
17 32 181.353226 -0.748296
18 32 190.873214 -0.720171
19 32 186.793007 -0.688157
20 32 182.370583 -0.650218
21 32 177.298647 -0.610063
22 32 162.781192 -0.570402
23 32 133.940341 -0.529848
24 32 99.716604 -0.489502
25 32 69.100761 -0.445866
26 32 0.000000 0.000000
27 32 0.000000 0.000000
28 32 0.000000 0.000000
29 32 0.000000 0.000000
30 32 0.000000 0.000000
31 32 0.000000 0.000000
32 32 0.000000 0.000000
33 32 0.000000 0.000000
34 32 0.000000 0.000000
35 32 0.000000 0.000000
36 32 0.000000 0.000000
37 32 0.000000 0.000000
38 32 0.000000 0.000000
39 32 0.000000 0.000000
40 32 0.000000 0.000000
41 32 0.000000 0.000000
42 32 0.000000 0.000000
43 32 0.000000 0.000000
44 32 0.000000 0.000000
45 32 0.000000 0.000000
46 32 0.000000 0.000000
0 31 0.000000 0.000000
1 31 0.000000 0.000000
2 31 0.000000 0.000000
3 31 0.000000 0.000000
4 31 0.000000 0.000000
5 31 0.000000 0.000000
6 31 0.000000 0.000000
7 31 0.000000 0.000000
8 31 0.000000 0.000000
9 31 0.000000 0.000000
10 31 0.000000 0.000000
11 31 0.000000 0.000000
12 31 0.000000 0.000000
13 31 0.000000 0.000000
14 31 55.929492 -0.826054
15 31 94.443013 -0.728168
16 31 143.350327 -0.691625
17 31 180.154114 -0.667231
18 31 189.599403 -0.640638
19 31 186.423274 -0.608160
20 31 186.150936 -0.570779
21 31 184.386710 -0.532614
22 31 171.396939 -0.492603
23 31 149.083139 -0.446059
24 31 121.343027 -0.392858
25 31 88.354225 -0.334410
26 31 66.456969 -0.254351
27 31 0.000000 0.000000
28 31 0.000000 0.000000
29 31 0.000000 0.000000
30 31 0.000000 0.000000
31 31 0.000000 0.000000
32 31 0.000000 0.000000
33 31 0.000000 0.000000
34 31 0.000000 0.000000
35 31 0.000000 0.000000
36 31 0.000000 0.000000
37 31 0.000000 0.000000
38 31 0.000000 0.000000
39 31 0.000000 0.000000
40 31 0.000000 0.000000
41 31 0.000000 0.000000
42 31 0.000000 0.000000
43 31 0.000000 0.000000
44 31 0.000000 0.000000
45 31 0.000000 0.000000
46 31 0.000000 0.000000
0 30 0.000000 0.000000
1 30 0.000000 0.000000
2 30 0.000000 0.000000
3 30 0.000000 0.000000
4 30 0.000000 0.000000
5 30 0.000000 0.000000
6 30 0.000000 0.000000
7 30 0.000000 0.000000
8 30 0.000000 0.000000
9 30 0.000000 0.000000
10 30 0.000000 0.000000
11 30 0.000000 0.000000
12 30 0.000000 0.000000
13 30 0.000000 0.000000
14 30 45.340339 -0.748321
15 30 87.257460 -0.639121
16 30 136.208679 -0.606787
17 30 173.324299 -0.585873
18 30 185.117915 -0.560322
19 30 185.817925 -0.527885
20 30 188.329089 -0.491917
21 30 186.541734 -0.455256
22 30 175.626700 -0.414758
23 30 162.583839 -0.366397
24 30 146.920324 -0.311208
25 30 118.547716 -0.247782
26 30 97.171633 -0.170467
27 30 0.000000 0.000000
28 30 0.000000 0.000000
29 30 0.000000 0.000000
30 30 0.000000 0.000000
31 30 0.000000 0.000000
32 30 0.000000 0.000000
33 30 0.000000 0.000000
34 30 0.000000 0.000000
35 30 0.000000 0.000000
36 30 0.000000 0.000000
37 30 0.000000 0.000000
38 30 0.000000 0.000000
39 30 0.000000 0.000000
40 30 0.000000 0.000000
41 30 0.000000 0.000000
42 30 0.000000 0.000000
43 30 0.000000 0.000000
44 30 0.000000 0.000000
45 30 0.000000 0.000000
46 30 0.000000 0.000000
0 29 0.000000 0.000000
1 29 0.000000 0.000000
2 29 0.000000 0.000000
3 29 0.000000 0.000000
4 29 0.000000 0.000000
5 29 0.000000 0.000000
6 29 0.000000 0.000000
7 29 0.000000 0.000000
8 29 0.000000 0.000000
9 29 0.000000 0.000000
10 29 0.000000 0.000000
11 29 0.000000 0.000000
12 29 0.000000 0.000000
13 29 0.000000 0.000000
14 29 44.697707 -0.636726
15 29 84.680431 -0.537181
16 29 129.062134 -0.517023
17 29 166.341388 -0.502768
18 29 181.215739 -0.479856
19 29 185.876019 -0.448590
20 29 190.768029 -0.414095
21 29 190.776119 -0.378668
22 29 184.812184 -0.339991
23 29 179.314768 -0.295584
24 29 170.059029 -0.244339
25 29 147.191596 -0.180690
26 29 123.396317 -0.094286
27 29 111.545639 0.031959
28 29 106.183454 0.167457
29 29 103.398336 0.303424
30 29 97.751534 0.435785
31 29 86.613575 0.565892
32 29 67.769970 0.708586
33 29 59.925407 0.867530
34 29 0.000000 0.000000
35 29 0.000000 0.000000
36 29 0.000000 0.000000
37 29 0.000000 0.000000
38 29 0.000000 0.000000
39 29 0.000000 0.000000
40 29 0.000000 0.000000
41 29 0.000000 0.000000
42 29 0.000000 0.000000
43 29 0.000000 0.000000
44 29 0.000000 0.000000
45 29 0.000000 0.000000
46 29 0.000000 0.000000
0 28 0.000000 0.000000
1 28 0.000000 0.000000
2 28 0.000000 0.000000
3 28 0.000000 0.000000
4 28 0.000000 0.000000
5 28 0.000000 0.000000
6 28 0.000000 0.000000
7 28 0.000000 0.000000
8 28 0.000000 0.000000
9 28 0.000000 0.000000
10 28 0.000000 0.000000
11 28 0.000000 0.000000
12 28 0.000000 0.000000
13 28 0.000000 0.000000
14 28 0.000000 0.000000
15 28 82.217995 -0.406270
16 28 120.613054 -0.418670
17 28 156.960139 -0.417626
18 28 175.592041 -0.399805
19 28 185.143819 -0.370779
20 28 193.361396 -0.338187
21 28 196.663655 -0.305010
22 28 194.047386 -0.270602
23 28 190.384822 -0.232851
24 28 184.428804 -0.188191
25 28 166.862876 -0.131104
26 28 140.559200 -0.053477
27 28 121.430033 0.054767
28 28 112.091074 0.184276
29 28 107.384166 0.324166
30 28 105.620034 0.464642
31 28 101.600911 0.596137
32 28 88.740743 0.725773
33 28 78.656385 0.851640
34 28 0.000000 0.000000
35 28 0.000000 0.000000
36 28 0.000000 0.000000
37 28 0.000000 0.000000
38 28 0.000000 0.000000
39 28 0.000000 0.000000
40 28 0.000000 0.000000
41 28 0.000000 0.000000
42 28 0.000000 0.000000
43 28 0.000000 0.000000
44 28 0.000000 0.000000
45 28 0.000000 0.000000
46 28 0.000000 0.000000
0 27 0.000000 0.000000
1 27 0.000000 0.000000
2 27 0.000000 0.000000
3 27 0.000000 0.000000
4 27 0.000000 0.000000
5 27 0.000000 0.000000
6 27 0.000000 0.000000
7 27 0.000000 0.000000
8 27 0.000000 0.000000
9 27 0.000000 0.000000
10 27 0.000000 0.000000
11 27 0.000000 0.000000
12 27 0.000000 0.000000
13 27 0.000000 0.000000
14 27 60.507186 -0.116139
15 27 77.879290 -0.243324
16 27 110.055485 -0.306729
17 27 145.482273 -0.327763
18 27 169.358572 -0.319528
19 27 184.487236 -0.294812
20 27 196.494029 -0.264850
21 27 202.611886 -0.234132
22 27 200.524785 -0.203610
23 27 194.067542 -0.172044
24 27 188.592899 -0.135204
25 27 177.741825 -0.086030
26 27 157.066457 -0.016085
27 27 137.065209 0.080087
28 27 121.657131 0.202001
29 27 111.684931 0.347880
30 27 110.939842 0.501106
31 27 111.965065 0.639764
32 27 106.599999 0.767615
33 27 96.487833 0.889659
34 27 77.710424 1.000000
35 27 64.160660 1.000000
36 27 0.000000 0.000000
37 27 0.000000 0.000000
38 27 0.000000 0.000000
39 27 0.000000 0.000000
40 27 0.000000 0.000000
41 27 0.000000 0.000000
42 27 0.000000 0.000000
43 27 0.000000 0.000000
44 27 0.000000 0.000000
45 27 0.000000 0.000000
46 27 0.000000 0.000000
0 26 0.000000 0.000000
1 26 0.000000 0.000000
2 26 0.000000 0.000000
3 26 0.000000 0.000000
4 26 0.000000 0.000000
5 26 0.000000 0.000000
6 26 0.000000 0.000000
7 26 0.000000 0.000000
8 26 0.000000 0.000000
9 26 0.000000 0.000000
10 26 0.000000 0.000000
11 26 0.000000 0.000000
12 26 0.000000 0.000000
13 26 61.774394 0.208225
14 26 69.322765 0.051924
15 26 82.589578 -0.087506
16 26 104.514493 -0.187693
17 26 138.290950 -0.235684
18 26 165.869499 -0.241487
19 26 183.337436 -0.222085
20 26 198.066178 -0.194583
21 26 207.749597 -0.165694
22 26 207.143809 -0.137386
23 26 198.568676 -0.109843
24 26 189.036262 -0.081803
25 26 175.083243 -0.046067
26 26 154.478263 0.013082
27 26 134.633125 0.101335
28 26 115.730801 0.219457
29 26 102.863088 0.376910
30 26 103.240154 0.549013
31 26 108.546492 0.698212
32 26 110.319609 0.827365
33 26 104.091227 0.942716
34 26 88.718841 1.000000
35 26 80.177150 1.000000
36 26 0.000000 0.000000
37 26 0.000000 0.000000
38 26 0.000000 0.000000
39 26 0.000000 0.000000
40 26 0.000000 0.000000
41 26 0.000000 0.000000
42 26 0.000000 0.000000
43 26 0.000000 0.000000
44 26 0.000000 0.000000
45 26 0.000000 0.000000
46 26 0.000000 0.000000
0 25 0.000000 0.000000
1 25 0.000000 0.000000
2 25 0.000000 0.000000
3 25 0.000000 0.000000
4 25 0.000000 0.000000
5 25 0.000000 0.000000
6 25 0.000000 0.000000
7 25 0.000000 0.000000
8 25 0.000000 0.000000
9 25 0.000000 0.000000
10 25 0.000000 0.000000
11 25 0.000000 0.000000
12 25 0.000000 0.000000
13 25 72.846255 0.335712
14 25 80.726765 0.194098
15 25 89.520291 0.047553
16 25 102.386640 -0.074966
17 25 130.894693 -0.149956
18 25 160.488940 -0.169915
19 25 180.302797 -0.153867
20 25 196.845753 -0.127340
21 25 210.181829 -0.099487
22 25 213.186837 -0.072200
23 25 206.114578 -0.046261
24 25 192.087778 -0.023006
25 25 166.973123 -0.000098
26 25 136.305229 0.038688
27 25 116.170993 0.114122
28 25 89.639797 0.225877
29 25 66.812703 0.413318
30 25 72.722481 0.630496
31 25 89.842226 0.790321
32 25 105.267816 0.913986
33 25 108.114971 1.000000
34 25 97.492615 1.000000
35 25 89.119337 1.000000
36 25 0.000000 0.000000
37 25 0.000000 0.000000
38 25 0.000000 0.000000
39 25 0.000000 0.000000
40 25 0.000000 0.000000
41 25 0.000000 0.000000
42 25 0.000000 0.000000
43 25 0.000000 0.000000
44 25 0.000000 0.000000
45 25 0.000000 0.000000
46 25 0.000000 0.000000
0 24 0.000000 0.000000
1 24 0.000000 0.000000
2 24 0.000000 0.000000
3 24 0.000000 0.000000
4 24 0.000000 0.000000
5 24 0.000000 0.000000
6 24 0.000000 0.000000
7 24 0.000000 0.000000
8 24 0.000000 0.000000
9 24 0.000000 0.000000
10 24 0.000000 0.000000
11 24 79.356310 0.795118
12 24 82.091508 0.665431
13 24 84.459303 0.485727
14 24 87.433582 0.328734
15 24 88.185509 0.172820
16 24 92.227769 0.031100
17 24 110.561141 -0.071488
18 24 140.476867 -0.104571
19 24 168.358369 -0.089186
20 24 191.769969 -0.062370
21 24 210.154756 -0.035044
22 24 218.841328 -0.008593
23 24 216.837902 0.016445
24 24 201.108432 0.038887
25 24 166.871010 0.059797
26 24 125.493002 0.084373
27 24 96.511760 0.123826
28 24 0.000000 0.000000
29 24 34.198702 0.551461
30 24 38.286168 0.799701
31 24 57.310169 0.926278
32 24 82.170021 1.000000
33 24 93.615393 1.000000
34 24 86.336810 1.000000
35 24 75.298123 1.000000
36 24 0.000000 0.000000
37 24 0.000000 0.000000
38 24 0.000000 0.000000
39 24 0.000000 0.000000
40 24 0.000000 0.000000
41 24 0.000000 0.000000
42 24 0.000000 0.000000
43 24 0.000000 0.000000
44 24 0.000000 0.000000
45 24 0.000000 0.000000
46 24 0.000000 0.000000
0 23 0.000000 0.000000
1 23 0.000000 0.000000
2 23 0.000000 0.000000
3 23 0.000000 0.000000
4 23 0.000000 0.000000
5 23 0.000000 0.000000
6 23 0.000000 0.000000
7 23 0.000000 0.000000
8 23 0.000000 0.000000
9 23 0.000000 0.000000
10 23 91.992384 0.989373
11 23 86.620173 0.887797
12 23 84.678320 0.758855
13 23 82.438459 0.605353
14 23 79.205215 0.450555
15 23 75.838457 0.293896
16 23 74.175199 0.138919
17 23 82.142948 0.009173
18 23 108.818978 -0.037736
19 23 145.028446 -0.023374
20 23 179.993934 0.002329
21 23 207.282206 0.028152
22 23 223.871552 0.052722
23 23 228.556202 0.076097
24 23 214.740696 0.098658
25 23 178.033750 0.122655
26 23 131.628733 0.153202
27 23 91.567590 0.200326
28 23 59.876043 0.286433
29 23 0.000000 0.000000
30 23 51.946007 1.000000
31 23 48.933661 1.000000
32 23 50.155111 1.000000
33 23 56.354425 1.000000
34 23 57.494734 1.000000
35 23 55.845423 1.000000
36 23 0.000000 0.000000
37 23 0.000000 0.000000
38 23 0.000000 0.000000
39 23 0.000000 0.000000
40 23 0.000000 0.000000
41 23 0.000000 0.000000
42 23 0.000000 0.000000
43 23 0.000000 0.000000
44 23 0.000000 0.000000
45 23 0.000000 0.000000
46 23 0.000000 0.000000
0 22 0.000000 0.000000
1 22 0.000000 0.000000
2 22 0.000000 0.000000
3 22 0.000000 0.000000
4 22 0.000000 0.000000
5 22 0.000000 0.000000
6 22 0.000000 0.000000
7 22 0.000000 0.000000
8 22 0.000000 0.000000
9 22 0.000000 0.000000
10 22 98.554749 1.000000
11 22 87.895966 0.985322
12 22 78.428926 0.885253
13 22 68.181109 0.758344
14 22 57.139321 0.614152
15 22 52.280548 0.461202
16 22 49.796540 0.281913
17 22 54.139755 0.114082
18 22 79.055657 0.043491
19 22 119.807233 0.050868
20 22 163.377923 0.070199
21 22 200.936634 0.091285
22 22 225.989980 0.111860
23 22 235.736698 0.132628
24 22 225.181064 0.155067
25 22 191.926614 0.181870
26 22 145.660438 0.217907
27 22 98.766308 0.274457
28 22 70.759101 0.372263
29 22 0.000000 0.000000
30 22 44.809755 1.000000
31 22 49.476429 1.000000
32 22 50.975993 1.000000
33 22 45.794907 1.000000
34 22 48.082430 1.000000
35 22 57.309261 1.000000
36 22 0.000000 0.000000
37 22 0.000000 0.000000
38 22 0.000000 0.000000
39 22 0.000000 0.000000
40 22 0.000000 0.000000
41 22 0.000000 0.000000
42 22 0.000000 0.000000
43 22 0.000000 0.000000
44 22 0.000000 0.000000
45 22 0.000000 0.000000
46 22 0.000000 0.000000
0 21 0.000000 0.000000
1 21 0.000000 0.000000
2 21 0.000000 0.000000
3 21 0.000000 0.000000
4 21 0.000000 0.000000
5 21 0.000000 0.000000
6 21 0.000000 0.000000
7 21 0.000000 0.000000
8 21 0.000000 0.000000
9 21 0.000000 0.000000
10 21 107.427018 1.000000
11 21 91.297349 1.000000
12 21 72.455915 1.000000
13 21 55.075220 0.985397
14 21 40.921875 0.923430
15 21 37.221958 0.813605
16 21 34.906135 0.531916
17 21 43.353504 0.269769
18 21 66.411606 0.141551
19 21 105.872548 0.136816
20 21 149.271469 0.143732
21 21 193.517397 0.155545
22 21 223.590826 0.169852
23 21 236.359619 0.187449
24 21 229.506152 0.209496
25 21 201.969102 0.238427
26 21 160.811528 0.279333
27 21 118.066582 0.344151
28 21 89.504578 0.451079
29 21 69.089493 0.619625
30 21 57.126465 0.850613
31 21 49.594816 1.000000
32 21 45.388385 1.000000
33 21 46.823371 1.000000
34 21 52.269536 1.000000
35 21 67.641108 1.000000
36 21 0.000000 0.000000
37 21 0.000000 0.000000
38 21 0.000000 0.000000
39 21 0.000000 0.000000
40 21 0.000000 0.000000
41 21 0.000000 0.000000
42 21 0.000000 0.000000
43 21 0.000000 0.000000
44 21 0.000000 0.000000
45 21 0.000000 0.000000
46 21 0.000000 0.000000
0 20 0.000000 0.000000
1 20 0.000000 0.000000
2 20 0.000000 0.000000
3 20 0.000000 0.000000
4 20 0.000000 0.000000
5 20 0.000000 0.000000
6 20 0.000000 0.000000
7 20 0.000000 0.000000
8 20 0.000000 0.000000
9 20 0.000000 0.000000
10 20 0.000000 0.000000
11 20 96.565521 1.000000
12 20 75.672884 1.000000
13 20 56.335127 1.000000
14 20 44.025380 1.000000
15 20 40.101044 1.000000
16 20 0.000000 0.000000
17 20 0.000000 0.000000
18 20 0.000000 0.000000
19 20 98.823163 0.227357
20 20 142.319298 0.221190
21 20 186.884400 0.220987
22 20 217.273708 0.227729
23 20 232.917840 0.241484
24 20 231.265115 0.262268
25 20 210.465511 0.291734
26 20 176.911905 0.334118
27 20 141.897447 0.397519
28 20 116.016104 0.491208
29 20 101.370227 0.617044
30 20 90.297154 0.760242
31 20 71.715794 0.908778
32 20 52.718841 1.000000
33 20 0.000000 0.000000
34 20 0.000000 0.000000
35 20 0.000000 0.000000
36 20 0.000000 0.000000
37 20 0.000000 0.000000
38 20 0.000000 0.000000
39 20 0.000000 0.000000
40 20 0.000000 0.000000
41 20 0.000000 0.000000
42 20 0.000000 0.000000
43 20 0.000000 0.000000
44 20 0.000000 0.000000
45 20 0.000000 0.000000
46 20 0.000000 0.000000
0 19 0.000000 0.000000
1 19 0.000000 0.000000
2 19 0.000000 0.000000
3 19 0.000000 0.000000
4 19 0.000000 0.000000
5 19 0.000000 0.000000
6 19 0.000000 0.000000
7 19 0.000000 0.000000
8 19 0.000000 0.000000
9 19 0.000000 0.000000
10 19 0.000000 0.000000
11 19 0.000000 0.000000
12 19 0.000000 0.000000
13 19 0.000000 0.000000
14 19 0.000000 0.000000
15 19 0.000000 0.000000
16 19 0.000000 0.000000
17 19 0.000000 0.000000
18 19 66.363053 0.406567
19 19 93.856941 0.327183
20 19 140.271513 0.299901
21 19 180.534642 0.287063
22 19 209.237887 0.285736
23 19 227.129350 0.294561
24 19 229.866271 0.312842
25 19 215.874722 0.341275
26 19 191.151758 0.382446
27 19 163.959300 0.440934
28 19 141.167882 0.521137
29 19 126.463602 0.622814
30 19 114.845994 0.737264
31 19 97.695220 0.860051
32 19 77.745768 1.000000
33 19 65.484945 1.000000
34 19 0.000000 0.000000
35 19 0.000000 0.000000
36 19 0.000000 0.000000
37 19 0.000000 0.000000
38 19 0.000000 0.000000
39 19 0.000000 0.000000
40 19 0.000000 0.000000
41 19 0.000000 0.000000
42 19 0.000000 0.000000
43 19 0.000000 0.000000
44 19 0.000000 0.000000
45 19 0.000000 0.000000
46 19 0.000000 0.000000
0 18 0.000000 0.000000
1 18 0.000000 0.000000
2 18 0.000000 0.000000
3 18 0.000000 0.000000
4 18 0.000000 0.000000
5 18 0.000000 0.000000
6 18 0.000000 0.000000
7 18 0.000000 0.000000
8 18 0.000000 0.000000
9 18 0.000000 0.000000
10 18 0.000000 0.000000
11 18 0.000000 0.000000
12 18 0.000000 0.000000
13 18 0.000000 0.000000
14 18 0.000000 0.000000
15 18 0.000000 0.000000
16 18 0.000000 0.000000
17 18 0.000000 0.000000
18 18 71.705618 0.494686
19 18 95.898967 0.420314
20 18 138.321201 0.377749
21 18 172.386171 0.353720
22 18 197.782123 0.344139
23 18 215.176051 0.347239
24 18 220.868516 0.362114
25 18 213.125992 0.388175
26 18 196.053621 0.426227
27 18 175.880368 0.478539
28 18 154.152052 0.547616
29 18 134.780911 0.636262
30 18 119.783780 0.743335
31 18 104.910046 0.866079
32 18 88.246609 1.000000
33 18 79.315116 1.000000
34 18 82.071428 1.000000
35 18 0.000000 0.000000
36 18 0.000000 0.000000
37 18 0.000000 0.000000
38 18 0.000000 0.000000
39 18 0.000000 0.000000
40 18 0.000000 0.000000
41 18 0.000000 0.000000
42 18 0.000000 0.000000
43 18 0.000000 0.000000
44 18 0.000000 0.000000
45 18 0.000000 0.000000
46 18 0.000000 0.000000
0 17 0.000000 0.000000
1 17 0.000000 0.000000
2 17 0.000000 0.000000
3 17 0.000000 0.000000
4 17 0.000000 0.000000
5 17 0.000000 0.000000
6 17 0.000000 0.000000
7 17 0.000000 0.000000
8 17 0.000000 0.000000
9 17 0.000000 0.000000
10 17 0.000000 0.000000
11 17 0.000000 0.000000
12 17 0.000000 0.000000
13 17 0.000000 0.000000
14 17 0.000000 0.000000
15 17 0.000000 0.000000
16 17 0.000000 0.000000
17 17 0.000000 0.000000
18 17 74.594418 0.597178
19 17 100.724848 0.514599
20 17 134.884857 0.456509
21 17 162.695128 0.422059
22 17 182.522694 0.404698
23 17 197.166334 0.402004
24 17 205.253779 0.412824
25 17 202.588037 0.435637
26 17 190.463358 0.469811
27 17 174.215566 0.516122
28 17 153.337182 0.576468
29 17 128.574493 0.655550
30 17 105.831171 0.761244
31 17 89.494186 0.899457
32 17 83.585523 1.000000
33 17 91.275481 1.000000
34 17 104.727395 1.000000
35 17 0.000000 0.000000
36 17 0.000000 0.000000
37 17 0.000000 0.000000
38 17 0.000000 0.000000
39 17 0.000000 0.000000
40 17 0.000000 0.000000
41 17 0.000000 0.000000
42 17 0.000000 0.000000
43 17 0.000000 0.000000
44 17 0.000000 0.000000
45 17 0.000000 0.000000
46 17 0.000000 0.000000
0 16 0.000000 0.000000
1 16 0.000000 0.000000
2 16 0.000000 0.000000
3 16 0.000000 0.000000
4 16 0.000000 0.000000
5 16 0.000000 0.000000
6 16 0.000000 0.000000
7 16 0.000000 0.000000
8 16 0.000000 0.000000
9 16 0.000000 0.000000
10 16 0.000000 0.000000
11 16 0.000000 0.000000
12 16 0.000000 0.000000
13 16 0.000000 0.000000
14 16 0.000000 0.000000
15 16 0.000000 0.000000
16 16 0.000000 0.000000
17 16 51.787681 0.965930
18 16 67.675924 0.741885
19 16 96.516554 0.613423
20 16 126.065133 0.537093
21 16 150.464833 0.492420
22 16 167.478726 0.468542
23 16 180.284901 0.460545
24 16 189.135870 0.466788
25 16 189.503488 0.486141
26 16 180.641278 0.517179
27 16 166.364374 0.559389
28 16 146.999531 0.614241
29 16 120.169920 0.686739
30 16 90.402108 0.791230
31 16 71.291817 0.951869
32 16 74.746259 1.000000
33 16 103.466027 1.000000
34 16 135.862566 1.000000
35 16 0.000000 0.000000
36 16 0.000000 0.000000
37 16 0.000000 0.000000
38 16 0.000000 0.000000
39 16 0.000000 0.000000
40 16 0.000000 0.000000
41 16 0.000000 0.000000
42 16 0.000000 0.000000
43 16 0.000000 0.000000
44 16 0.000000 0.000000
45 16 0.000000 0.000000
46 16 0.000000 0.000000
0 15 0.000000 0.000000
1 15 0.000000 0.000000
2 15 0.000000 0.000000
3 15 0.000000 0.000000
4 15 0.000000 0.000000
5 15 0.000000 0.000000
6 15 0.000000 0.000000
7 15 0.000000 0.000000
8 15 0.000000 0.000000
9 15 0.000000 0.000000
10 15 0.000000 0.000000
11 15 0.000000 0.000000
12 15 0.000000 0.000000
13 15 0.000000 0.000000
14 15 0.000000 0.000000
15 15 0.000000 0.000000
16 15 57.251960 1.000000
17 15 52.347286 1.000000
18 15 59.814405 0.884239
19 15 85.721749 0.717940
20 15 111.904950 0.623032
21 15 134.290335 0.566569
22 15 153.110102 0.535169
23 15 166.724419 0.521596
24 15 174.932747 0.523172
25 15 176.741696 0.539168
26 15 170.435988 0.568027
27 15 158.006081 0.608365
28 15 140.794612 0.661044
29 15 115.338705 0.731237
30 15 84.132670 0.836008
31 15 67.668042 1.000000
32 15 76.438700 1.000000
33 15 116.094832 1.000000
34 15 157.240014 1.000000
35 15 0.000000 0.000000
36 15 0.000000 0.000000
37 15 0.000000 0.000000
38 15 0.000000 0.000000
39 15 0.000000 0.000000
40 15 0.000000 0.000000
41 15 0.000000 0.000000
42 15 0.000000 0.000000
43 15 0.000000 0.000000
44 15 0.000000 0.000000
45 15 0.000000 0.000000
46 15 0.000000 0.000000
0 14 0.000000 0.000000
1 14 0.000000 0.000000
2 14 0.000000 0.000000
3 14 0.000000 0.000000
4 14 0.000000 0.000000
5 14 0.000000 0.000000
6 14 0.000000 0.000000
7 14 0.000000 0.000000
8 14 0.000000 0.000000
9 14 0.000000 0.000000
10 14 0.000000 0.000000
11 14 0.000000 0.000000
12 14 0.000000 0.000000
13 14 0.000000 0.000000
14 14 0.000000 0.000000
15 14 0.000000 0.000000
16 14 61.064675 1.000000
17 14 54.812690 1.000000
18 14 57.703108 1.000000
19 14 77.798832 0.834810
20 14 100.103103 0.717674
21 14 118.907118 0.646979
22 14 136.595559 0.604702
23 14 150.305302 0.584006
24 14 157.476844 0.581007
25 14 158.930982 0.593933
26 14 154.192822 0.621375
27 14 143.521842 0.661437
28 14 127.558538 0.714118
29 14 103.562026 0.785467
30 14 78.479645 0.887751
31 14 65.906242 1.000000
32 14 0.000000 0.000000
33 14 0.000000 0.000000
34 14 0.000000 0.000000
35 14 0.000000 0.000000
36 14 0.000000 0.000000
37 14 0.000000 0.000000
38 14 0.000000 0.000000
39 14 0.000000 0.000000
40 14 0.000000 0.000000
41 14 0.000000 0.000000
42 14 0.000000 0.000000
43 14 0.000000 0.000000
44 14 0.000000 0.000000
45 14 0.000000 0.000000
46 14 0.000000 0.000000
0 13 0.000000 0.000000
1 13 0.000000 0.000000
2 13 0.000000 0.000000
3 13 0.000000 0.000000
4 13 0.000000 0.000000
5 13 0.000000 0.000000
6 13 0.000000 0.000000
7 13 0.000000 0.000000
8 13 0.000000 0.000000
9 13 0.000000 0.000000
10 13 0.000000 0.000000
11 13 0.000000 0.000000
12 13 0.000000 0.000000
13 13 0.000000 0.000000
14 13 0.000000 0.000000
15 13 0.000000 0.000000
16 13 66.754494 1.000000
17 13 57.768985 1.000000
18 13 52.931835 1.000000
19 13 63.805551 0.964805
20 13 82.317821 0.816882
21 13 97.470311 0.733540
22 13 108.806829 0.680276
23 13 118.089148 0.651880
24 13 123.254662 0.644594
25 13 123.922067 0.655399
26 13 120.904615 0.683060
27 13 113.128952 0.725622
28 13 96.635797 0.783347
29 13 71.371469 0.872180
30 13 57.088093 0.990772
31 13 0.000000 0.000000
32 13 0.000000 0.000000
33 13 0.000000 0.000000
34 13 0.000000 0.000000
35 13 0.000000 0.000000
36 13 0.000000 0.000000
37 13 0.000000 0.000000
38 13 0.000000 0.000000
39 13 0.000000 0.000000
40 13 0.000000 0.000000
41 13 0.000000 0.000000
42 13 0.000000 0.000000
43 13 0.000000 0.000000
44 13 0.000000 0.000000
45 13 0.000000 0.000000
46 13 0.000000 0.000000
0 12 0.000000 0.000000
1 12 0.000000 0.000000
2 12 0.000000 0.000000
3 12 0.000000 0.000000
4 12 0.000000 0.000000
5 12 0.000000 0.000000
6 12 0.000000 0.000000
7 12 0.000000 0.000000
8 12 0.000000 0.000000
9 12 0.000000 0.000000
10 12 0.000000 0.000000
11 12 0.000000 0.000000
12 12 0.000000 0.000000
13 12 0.000000 0.000000
14 12 0.000000 0.000000
15 12 0.000000 0.000000
16 12 72.382827 1.000000
17 12 60.047850 1.000000
18 12 49.700498 1.000000
19 12 54.549601 1.000000
20 12 62.012925 0.939780
21 12 59.067777 0.857485
22 12 55.723191 0.791951
23 12 59.486626 0.753568
24 12 63.721129 0.740757
25 12 66.887436 0.749869
26 12 68.336485 0.780219
27 12 63.860798 0.832302
28 12 44.774264 0.914822
29 12 33.172977 1.000000
30 12 36.567287 1.000000
31 12 0.000000 0.000000
32 12 0.000000 0.000000
33 12 0.000000 0.000000
34 12 0.000000 0.000000
35 12 0.000000 0.000000
36 12 0.000000 0.000000
37 12 0.000000 0.000000
38 12 0.000000 0.000000
39 12 0.000000 0.000000
40 12 0.000000 0.000000
41 12 0.000000 0.000000
42 12 0.000000 0.000000
43 12 0.000000 0.000000
44 12 0.000000 0.000000
45 12 0.000000 0.000000
46 12 0.000000 0.000000
0 11 0.000000 0.000000
1 11 0.000000 0.000000
2 11 0.000000 0.000000
3 11 0.000000 0.000000
4 11 0.000000 0.000000
5 11 0.000000 0.000000
6 11 0.000000 0.000000
7 11 0.000000 0.000000
8 11 0.000000 0.000000
9 11 0.000000 0.000000
10 11 0.000000 0.000000
11 11 0.000000 0.000000
12 11 0.000000 0.000000
13 11 0.000000 0.000000
14 11 0.000000 0.000000
15 11 0.000000 0.000000
16 11 0.000000 0.000000
17 11 0.000000 0.000000
18 11 0.000000 0.000000
19 11 0.000000 0.000000
20 11 0.000000 0.000000
21 11 39.689202 1.000000
22 11 37.172043 1.000000
23 11 37.856351 1.000000
24 11 39.856213 1.000000
25 11 43.394377 0.991872
26 11 46.993082 1.000000
27 11 45.546179 1.000000
28 11 36.859007 1.000000
29 11 33.092184 1.000000
30 11 0.000000 0.000000
31 11 0.000000 0.000000
32 11 0.000000 0.000000
33 11 0.000000 0.000000
34 11 0.000000 0.000000
35 11 0.000000 0.000000
36 11 0.000000 0.000000
37 11 0.000000 0.000000
38 11 0.000000 0.000000
39 11 0.000000 0.000000
40 11 0.000000 0.000000
41 11 0.000000 0.000000
42 11 0.000000 0.000000
43 11 0.000000 0.000000
44 11 0.000000 0.000000
45 11 0.000000 0.000000
46 11 0.000000 0.000000
0 10 0.000000 0.000000
1 10 0.000000 0.000000
2 10 0.000000 0.000000
3 10 0.000000 0.000000
4 10 0.000000 0.000000
5 10 0.000000 0.000000
6 10 0.000000 0.000000
7 10 0.000000 0.000000
8 10 0.000000 0.000000
9 10 0.000000 0.000000
10 10 0.000000 0.000000
11 10 0.000000 0.000000
12 10 0.000000 0.000000
13 10 0.000000 0.000000
14 10 0.000000 0.000000
15 10 0.000000 0.000000
16 10 0.000000 0.000000
17 10 0.000000 0.000000
18 10 0.000000 0.000000
19 10 0.000000 0.000000
20 10 0.000000 0.000000
21 10 0.000000 0.000000
22 10 0.000000 0.000000
23 10 0.000000 0.000000
24 10 0.000000 0.000000
25 10 0.000000 0.000000
26 10 0.000000 0.000000
27 10 0.000000 0.000000
28 10 0.000000 0.000000
29 10 0.000000 0.000000
30 10 0.000000 0.000000
31 10 0.000000 0.000000
32 10 0.000000 0.000000
33 10 0.000000 0.000000
34 10 0.000000 0.000000
35 10 0.000000 0.000000
36 10 0.000000 0.000000
37 10 0.000000 0.000000
38 10 0.000000 0.000000
39 10 0.000000 0.000000
40 10 0.000000 0.000000
41 10 0.000000 0.000000
42 10 0.000000 0.000000
43 10 0.000000 0.000000
44 10 0.000000 0.000000
45 10 0.000000 0.000000
46 10 0.000000 0.000000
0 9 0.000000 0.000000
1 9 0.000000 0.000000
2 9 0.000000 0.000000
3 9 0.000000 0.000000
4 9 0.000000 0.000000
5 9 0.000000 0.000000
6 9 0.000000 0.000000
7 9 0.000000 0.000000
8 9 0.000000 0.000000
9 9 0.000000 0.000000
10 9 0.000000 0.000000
11 9 0.000000 0.000000
12 9 0.000000 0.000000
13 9 0.000000 0.000000
14 9 0.000000 0.000000
15 9 0.000000 0.000000
16 9 0.000000 0.000000
17 9 0.000000 0.000000
18 9 0.000000 0.000000
19 9 0.000000 0.000000
20 9 0.000000 0.000000
21 9 0.000000 0.000000
22 9 0.000000 0.000000
23 9 0.000000 0.000000
24 9 0.000000 0.000000
25 9 0.000000 0.000000
26 9 0.000000 0.000000
27 9 0.000000 0.000000
28 9 0.000000 0.000000
29 9 0.000000 0.000000
30 9 0.000000 0.000000
31 9 0.000000 0.000000
32 9 0.000000 0.000000
33 9 0.000000 0.000000
34 9 0.000000 0.000000
35 9 0.000000 0.000000
36 9 0.000000 0.000000
37 9 0.000000 0.000000
38 9 0.000000 0.000000
39 9 0.000000 0.000000
40 9 0.000000 0.000000
41 9 0.000000 0.000000
42 9 0.000000 0.000000
43 9 0.000000 0.000000
44 9 0.000000 0.000000
45 9 0.000000 0.000000
46 9 0.000000 0.000000
0 8 0.000000 0.000000
1 8 0.000000 0.000000
2 8 0.000000 0.000000
3 8 0.000000 0.000000
4 8 0.000000 0.000000
5 8 0.000000 0.000000
6 8 0.000000 0.000000
7 8 0.000000 0.000000
8 8 0.000000 0.000000
9 8 0.000000 0.000000
10 8 0.000000 0.000000
11 8 0.000000 0.000000
12 8 0.000000 0.000000
13 8 0.000000 0.000000
14 8 0.000000 0.000000
15 8 0.000000 0.000000
16 8 0.000000 0.000000
17 8 0.000000 0.000000
18 8 0.000000 0.000000
19 8 0.000000 0.000000
20 8 0.000000 0.000000
21 8 0.000000 0.000000
22 8 0.000000 0.000000
23 8 0.000000 0.000000
24 8 0.000000 0.000000
25 8 0.000000 0.000000
26 8 0.000000 0.000000
27 8 0.000000 0.000000
28 8 0.000000 0.000000
29 8 0.000000 0.000000
30 8 0.000000 0.000000
31 8 0.000000 0.000000
32 8 0.000000 0.000000
33 8 0.000000 0.000000
34 8 0.000000 0.000000
35 8 0.000000 0.000000
36 8 0.000000 0.000000
37 8 0.000000 0.000000
38 8 0.000000 0.000000
39 8 0.000000 0.000000
40 8 0.000000 0.000000
41 8 0.000000 0.000000
42 8 0.000000 0.000000
43 8 0.000000 0.000000
44 8 0.000000 0.000000
45 8 0.000000 0.000000
46 8 0.000000 0.000000
0 7 0.000000 0.000000
1 7 0.000000 0.000000
2 7 0.000000 0.000000
3 7 0.000000 0.000000
4 7 0.000000 0.000000
5 7 0.000000 0.000000
6 7 0.000000 0.000000
7 7 0.000000 0.000000
8 7 0.000000 0.000000
9 7 0.000000 0.000000
10 7 0.000000 0.000000
11 7 0.000000 0.000000
12 7 0.000000 0.000000
13 7 0.000000 0.000000
14 7 0.000000 0.000000
15 7 0.000000 0.000000
16 7 0.000000 0.000000
17 7 0.000000 0.000000
18 7 0.000000 0.000000
19 7 0.000000 0.000000
20 7 0.000000 0.000000
21 7 0.000000 0.000000
22 7 0.000000 0.000000
23 7 0.000000 0.000000
24 7 0.000000 0.000000
25 7 0.000000 0.000000
26 7 0.000000 0.000000
27 7 0.000000 0.000000
28 7 0.000000 0.000000
29 7 0.000000 0.000000
30 7 0.000000 0.000000
31 7 0.000000 0.000000
32 7 0.000000 0.000000
33 7 0.000000 0.000000
34 7 0.000000 0.000000
35 7 0.000000 0.000000
36 7 0.000000 0.000000
37 7 0.000000 0.000000
38 7 0.000000 0.000000
39 7 0.000000 0.000000
40 7 0.000000 0.000000
41 7 0.000000 0.000000
42 7 0.000000 0.000000
43 7 0.000000 0.000000
44 7 0.000000 0.000000
45 7 0.000000 0.000000
46 7 0.000000 0.000000
0 6 0.000000 0.000000
1 6 0.000000 0.000000
2 6 0.000000 0.000000
3 6 0.000000 0.000000
4 6 0.000000 0.000000
5 6 0.000000 0.000000
6 6 0.000000 0.000000
7 6 0.000000 0.000000
8 6 0.000000 0.000000
9 6 0.000000 0.000000
10 6 0.000000 0.000000
11 6 0.000000 0.000000
12 6 0.000000 0.000000
13 6 0.000000 0.000000
14 6 0.000000 0.000000
15 6 0.000000 0.000000
16 6 0.000000 0.000000
17 6 0.000000 0.000000
18 6 0.000000 0.000000
19 6 0.000000 0.000000
20 6 0.000000 0.000000
21 6 0.000000 0.000000
22 6 0.000000 0.000000
23 6 0.000000 0.000000
24 6 0.000000 0.000000
25 6 0.000000 0.000000
26 6 0.000000 0.000000
27 6 0.000000 0.000000
28 6 0.000000 0.000000
29 6 0.000000 0.000000
30 6 0.000000 0.000000
31 6 0.000000 0.000000
32 6 0.000000 0.000000
33 6 0.000000 0.000000
34 6 0.000000 0.000000
35 6 0.000000 0.000000
36 6 0.000000 0.000000
37 6 0.000000 0.000000
38 6 0.000000 0.000000
39 6 0.000000 0.000000
40 6 0.000000 0.000000
41 6 0.000000 0.000000
42 6 0.000000 0.000000
43 6 0.000000 0.000000
44 6 0.000000 0.000000
45 6 0.000000 0.000000
46 6 0.000000 0.000000
0 5 0.000000 0.000000
1 5 0.000000 0.000000
2 5 0.000000 0.000000
3 5 0.000000 0.000000
4 5 0.000000 0.000000
5 5 0.000000 0.000000
6 5 0.000000 0.000000
7 5 0.000000 0.000000
8 5 0.000000 0.000000
9 5 0.000000 0.000000
10 5 0.000000 0.000000
11 5 0.000000 0.000000
12 5 0.000000 0.000000
13 5 0.000000 0.000000
14 5 0.000000 0.000000
15 5 0.000000 0.000000
16 5 0.000000 0.000000
17 5 0.000000 0.000000
18 5 0.000000 0.000000
19 5 0.000000 0.000000
20 5 0.000000 0.000000
21 5 0.000000 0.000000
22 5 0.000000 0.000000
23 5 0.000000 0.000000
24 5 0.000000 0.000000
25 5 0.000000 0.000000
26 5 0.000000 0.000000
27 5 0.000000 0.000000
28 5 0.000000 0.000000
29 5 0.000000 0.000000
30 5 0.000000 0.000000
31 5 0.000000 0.000000
32 5 0.000000 0.000000
33 5 0.000000 0.000000
34 5 0.000000 0.000000
35 5 0.000000 0.000000
36 5 0.000000 0.000000
37 5 0.000000 0.000000
38 5 0.000000 0.000000
39 5 0.000000 0.000000
40 5 0.000000 0.000000
41 5 0.000000 0.000000
42 5 0.000000 0.000000
43 5 0.000000 0.000000
44 5 0.000000 0.000000
45 5 0.000000 0.000000
46 5 0.000000 0.000000
0 4 0.000000 0.000000
1 4 0.000000 0.000000
2 4 0.000000 0.000000
3 4 0.000000 0.000000
4 4 0.000000 0.000000
5 4 0.000000 0.000000
6 4 0.000000 0.000000
7 4 0.000000 0.000000
8 4 0.000000 0.000000
9 4 0.000000 0.000000
10 4 0.000000 0.000000
11 4 0.000000 0.000000
12 4 0.000000 0.000000
13 4 0.000000 0.000000
14 4 0.000000 0.000000
15 4 0.000000 0.000000
16 4 0.000000 0.000000
17 4 0.000000 0.000000
18 4 0.000000 0.000000
19 4 0.000000 0.000000
20 4 0.000000 0.000000
21 4 0.000000 0.000000
22 4 0.000000 0.000000
23 4 0.000000 0.000000
24 4 0.000000 0.000000
25 4 0.000000 0.000000
26 4 0.000000 0.000000
27 4 0.000000 0.000000
28 4 0.000000 0.000000
29 4 0.000000 0.000000
30 4 0.000000 0.000000
31 4 0.000000 0.000000
32 4 0.000000 0.000000
33 4 0.000000 0.000000
34 4 0.000000 0.000000
35 4 0.000000 0.000000
36 4 0.000000 0.000000
37 4 0.000000 0.000000
38 4 0.000000 0.000000
39 4 0.000000 0.000000
40 4 0.000000 0.000000
41 4 0.000000 0.000000
42 4 0.000000 0.000000
43 4 0.000000 0.000000
44 4 0.000000 0.000000
45 4 0.000000 0.000000
46 4 0.000000 0.000000
0 3 0.000000 0.000000
1 3 0.000000 0.000000
2 3 0.000000 0.000000
3 3 0.000000 0.000000
4 3 0.000000 0.000000
5 3 0.000000 0.000000
6 3 0.000000 0.000000
7 3 0.000000 0.000000
8 3 0.000000 0.000000
9 3 0.000000 0.000000
10 3 0.000000 0.000000
11 3 0.000000 0.000000
12 3 0.000000 0.000000
13 3 0.000000 0.000000
14 3 0.000000 0.000000
15 3 0.000000 0.000000
16 3 0.000000 0.000000
17 3 0.000000 0.000000
18 3 0.000000 0.000000
19 3 0.000000 0.000000
20 3 0.000000 0.000000
21 3 0.000000 0.000000
22 3 0.000000 0.000000
23 3 0.000000 0.000000
24 3 0.000000 0.000000
25 3 0.000000 0.000000
26 3 0.000000 0.000000
27 3 0.000000 0.000000
28 3 0.000000 0.000000
29 3 0.000000 0.000000
30 3 0.000000 0.000000
31 3 0.000000 0.000000
32 3 0.000000 0.000000
33 3 0.000000 0.000000
34 3 0.000000 0.000000
35 3 0.000000 0.000000
36 3 0.000000 0.000000
37 3 0.000000 0.000000
38 3 0.000000 0.000000
39 3 0.000000 0.000000
40 3 0.000000 0.000000
41 3 0.000000 0.000000
42 3 0.000000 0.000000
43 3 0.000000 0.000000
44 3 0.000000 0.000000
45 3 0.000000 0.000000
46 3 0.000000 0.000000
0 2 0.000000 0.000000
1 2 0.000000 0.000000
2 2 0.000000 0.000000
3 2 0.000000 0.000000
4 2 0.000000 0.000000
5 2 0.000000 0.000000
6 2 0.000000 0.000000
7 2 0.000000 0.000000
8 2 0.000000 0.000000
9 2 0.000000 0.000000
10 2 0.000000 0.000000
11 2 0.000000 0.000000
12 2 0.000000 0.000000
13 2 0.000000 0.000000
14 2 0.000000 0.000000
15 2 0.000000 0.000000
16 2 0.000000 0.000000
17 2 0.000000 0.000000
18 2 0.000000 0.000000
19 2 0.000000 0.000000
20 2 0.000000 0.000000
21 2 0.000000 0.000000
22 2 0.000000 0.000000
23 2 0.000000 0.000000
24 2 0.000000 0.000000
25 2 0.000000 0.000000
26 2 0.000000 0.000000
27 2 0.000000 0.000000
28 2 0.000000 0.000000
29 2 0.000000 0.000000
30 2 0.000000 0.000000
31 2 0.000000 0.000000
32 2 0.000000 0.000000
33 2 0.000000 0.000000
34 2 0.000000 0.000000
35 2 0.000000 0.000000
36 2 0.000000 0.000000
37 2 0.000000 0.000000
38 2 0.000000 0.000000
39 2 0.000000 0.000000
40 2 0.000000 0.000000
41 2 0.000000 0.000000
42 2 0.000000 0.000000
43 2 0.000000 0.000000
44 2 0.000000 0.000000
45 2 0.000000 0.000000
46 2 0.000000 0.000000
0 1 0.000000 0.000000
1 1 0.000000 0.000000
2 1 0.000000 0.000000
3 1 0.000000 0.000000
4 1 0.000000 0.000000
5 1 0.000000 0.000000
6 1 0.000000 0.000000
7 1 0.000000 0.000000
8 1 0.000000 0.000000
9 1 0.000000 0.000000
10 1 0.000000 0.000000
11 1 0.000000 0.000000
12 1 0.000000 0.000000
13 1 0.000000 0.000000
14 1 0.000000 0.000000
15 1 0.000000 0.000000
16 1 0.000000 0.000000
17 1 0.000000 0.000000
18 1 0.000000 0.000000
19 1 0.000000 0.000000
20 1 0.000000 0.000000
21 1 0.000000 0.000000
22 1 0.000000 0.000000
23 1 0.000000 0.000000
24 1 0.000000 0.000000
25 1 0.000000 0.000000
26 1 0.000000 0.000000
27 1 0.000000 0.000000
28 1 0.000000 0.000000
29 1 0.000000 0.000000
30 1 0.000000 0.000000
31 1 0.000000 0.000000
32 1 0.000000 0.000000
33 1 0.000000 0.000000
34 1 0.000000 0.000000
35 1 0.000000 0.000000
36 1 0.000000 0.000000
37 1 0.000000 0.000000
38 1 0.000000 0.000000
39 1 0.000000 0.000000
40 1 0.000000 0.000000
41 1 0.000000 0.000000
42 1 0.000000 0.000000
43 1 0.000000 0.000000
44 1 0.000000 0.000000
45 1 0.000000 0.000000
46 1 0.000000 0.000000
0 0 0.000000 0.000000
1 0 0.000000 0.000000
2 0 0.000000 0.000000
3 0 0.000000 0.000000
4 0 0.000000 0.000000
5 0 0.000000 0.000000
6 0 0.000000 0.000000
7 0 0.000000 0.000000
8 0 0.000000 0.000000
9 0 0.000000 0.000000
10 0 0.000000 0.000000
11 0 0.000000 0.000000
12 0 0.000000 0.000000
13 0 0.000000 0.000000
14 0 0.000000 0.000000
15 0 0.000000 0.000000
16 0 0.000000 0.000000
17 0 0.000000 0.000000
18 0 0.000000 0.000000
19 0 0.000000 0.000000
20 0 0.000000 0.000000
21 0 0.000000 0.000000
22 0 0.000000 0.000000
23 0 0.000000 0.000000
24 0 0.000000 0.000000
25 0 0.000000 0.000000
26 0 0.000000 0.000000
27 0 0.000000 0.000000
28 0 0.000000 0.000000
29 0 0.000000 0.000000
30 0 0.000000 0.000000
31 0 0.000000 0.000000
32 0 0.000000 0.000000
33 0 0.000000 0.000000
34 0 0.000000 0.000000
35 0 0.000000 0.000000
36 0 0.000000 0.000000
37 0 0.000000 0.000000
38 0 0.000000 0.000000
39 0 0.000000 0.000000
40 0 0.000000 0.000000
41 0 0.000000 0.000000
42 0 0.000000 0.000000
43 0 0.000000 0.000000
44 0 0.000000 0.000000
45 0 0.000000 0.000000
46 0 0.000000 0.000000
