2512.5 0
2537.5 0
2562.5 0
2587.5 0
2612.5 0
2637.5 0
2662.5 0
2687.5 0
2712.5 0
2737.5 0
2762.5 0
2787.5 0
2812.5 0
2837.5 0
2862.5 0
2887.5 0
2912.5 0
2937.5 0
2962.5 0
2987.5 0
3012.5 0
3037.5 0
3062.5 0
3087.5 0
3112.5 0
3137.5 0
3162.5 0
3187.5 0
3212.5 0
3237.5 0
3262.5 0
3287.5 0
3312.5 0
3337.5 0
3362.5 0
3387.5 0
3412.5 0
3437.5 0
3462.5 0
3487.5 0
3512.5 0
3537.5 0
3562.5 0
3587.5 0
3612.5 0
3637.5 0
3662.5 0
3687.5 0
3712.5 0
3737.5 0
3762.5 0
3787.5 0
3812.5 0
3837.5 0
3862.5 0
3887.5 0
3912.5 0
3937.5 0
3962.5 0
3987.5 0
4012.5 0
4037.5 0
4062.5 0
4087.5 0
4112.5 0
4137.5 0
4162.5 0
4187.5 0
4212.5 0
4237.5 0
4262.5 0
4287.5 0
4312.5 0
4337.5 0
4362.5 0
4387.5 0
4412.5 0
4437.5 0
4462.5 0
4487.5 0
4512.5 0
4537.5 0
4562.5 0
4587.5 0
4612.5 0
4637.5 0
4662.5 0
4687.5 3
4712.5 9
4737.5 3
4762.5 11
4787.5 7
4812.5 8
4837.5 7
4862.5 9
4887.5 9
4912.5 6
4937.5 7
4962.5 6
4987.5 8
5012.5 10
5037.5 10
5062.5 11
5087.5 11
5112.5 14
5137.5 13
5162.5 10
5187.5 12
5212.5 17
5237.5 15
5262.5 16
5287.5 14
5312.5 20
5337.5 10
5362.5 10
5387.5 8
5412.5 13
5437.5 10
5462.5 13
5487.5 8
5512.5 6
5537.5 6
5562.5 4
5587.5 7
5612.5 3
5637.5 4
5662.5 5
5687.5 3
5712.5 5
5737.5 0
5762.5 3
5787.5 2
5812.5 2
5837.5 0
5862.5 0
5887.5 0
5912.5 0
5937.5 0
5962.5 0
5987.5 0
6012.5 0
6037.5 0
6062.5 0
6087.5 0
6112.5 0
6137.5 0
6162.5 0
6187.5 0
6212.5 0
6237.5 0
6262.5 0
6287.5 0
6312.5 0
6337.5 0
6362.5 0
6387.5 0
6412.5 0
6437.5 0
6462.5 0
6487.5 0
6512.5 0
6537.5 0
6562.5 0
6587.5 0
6612.5 0
6637.5 0
6662.5 0
6687.5 0
6712.5 0
6737.5 0
6762.5 0
6787.5 0
6812.5 0
6837.5 0
6862.5 0
6887.5 0
6912.5 0
6937.5 0
6962.5 0
6987.5 0
7012.5 0
7037.5 0
7062.5 0
7087.5 0
7112.5 0
7137.5 0
7162.5 0
7187.5 0
7212.5 0
7237.5 0
7262.5 0
7287.5 0
7312.5 0
7337.5 0
7362.5 0
7387.5 0
7412.5 0
7437.5 0
7462.5 0
7487.5 0
