0.010000 3.069527 -2.851856 0.217687 26245.543712 -0.000000
10.010000 1535.177558 -1434.475548 108.825736 26237.420008 -0.000000
20.010000 3061.904873 -2878.230001 215.852466 26213.366144 -0.000000
30.010000 4583.210065 -4335.303456 319.390058 26174.060294 -0.000000
40.010000 6099.043167 -5806.824305 417.513275 26120.249335 -0.000000
50.010000 7609.430442 -7293.948285 508.548537 26052.477374 -0.000000
60.010000 9114.360891 -8797.813589 591.206950 25970.884111 -0.000000
70.010000 10613.814559 -10319.547851 664.651936 25875.158537 -0.000000
80.010000 12107.768546 -11812.076230 765.779731 25775.456355 -0.000000
90.010000 13596.203139 -13315.849216 858.380457 25667.517242 -0.000000
100.010000 15079.136210 -14814.815914 957.151585 25552.712495 -0.000000
110.010000 16556.685814 -16307.708911 1060.007172 25434.513523 -0.000000
120.010000 18028.921387 -17796.588184 1159.828523 25318.048482 -0.000000
130.010000 19495.917020 -19305.726122 1242.176304 25193.558405 -0.000000
140.010000 20957.565377 -20835.390184 1309.394561 25058.324451 -0.000000
150.010000 22413.998954 -22358.010275 1384.214550 24917.317957 -0.000000
160.010000 23865.189868 -23889.161786 1454.334968 24767.236950 -0.000000
170.010000 25310.982732 -25430.951580 1518.756209 24606.818787 -0.000000
180.010000 26751.294516 -26938.249400 1601.550357 24457.038611 -0.000000
190.010000 28186.047626 -28442.381761 1681.314608 24307.895116 -0.000000
200.010000 29615.207226 -29964.611874 1745.590620 24150.548598 -0.000000
210.010000 31038.691644 -31507.813524 1795.767234 23980.654758 -0.000000
220.010000 32456.428509 -33048.527564 1844.679030 23808.765794 -0.000000
230.010000 33868.411394 -34613.858111 1878.873470 23621.223696 -0.000000
240.010000 35274.635863 -36205.315640 1901.755877 23413.108232 -0.000000
250.010000 36675.085530 -37793.455368 1935.637070 23191.536981 -0.000000
260.010000 38069.707484 -39359.654425 1990.655136 22964.941819 -0.000000
270.010000 39458.485716 -40861.255235 2082.607589 22760.166796 -0.000000
280.010000 40841.447360 -42356.938012 2165.893918 22564.159342 -0.000000
290.010000 42218.470502 -43846.569425 2245.083270 22372.361728 -0.000000
300.010000 43589.562244 -45296.114255 2335.396348 22203.595571 -0.000000
310.010000 44954.743442 -46768.915714 2400.377023 22030.994644 -0.000000
320.010000 46313.949346 -48263.157581 2446.469132 21849.866579 -0.000000
330.010000 47667.140285 -49768.957406 2486.637256 21657.089573 -0.000000
340.010000 49014.305760 -51288.758744 2523.047072 21448.043898 -0.000000
350.010000 50355.474341 -52799.260980 2571.252994 21230.504324 -0.000000
360.010000 51690.681289 -54306.341560 2620.695654 21009.188036 -0.000000
370.010000 53020.091624 -55807.742132 2673.039303 20784.854156 -0.000000
380.010000 54343.677153 -57250.996531 2748.272438 20589.952157 -0.000000
390.010000 55661.299427 -58709.313329 2802.967578 20394.562500 -0.000000
400.010000 56972.925007 -60168.221381 2853.768678 20196.478935 -0.000000
410.010000 58278.494741 -61604.081540 2910.342627 20009.614568 -0.000000
420.010000 59577.975858 -63064.137853 2948.113044 19811.268960 -0.000000
430.010000 60871.394276 -64532.477108 2983.049875 19601.411297 -0.000000
440.010000 62158.824317 -65998.013580 3019.211449 19387.143296 -0.000000
450.010000 63440.327313 -67442.725374 3065.604742 19177.541210 -0.000000
460.010000 64715.894513 -68840.667636 3132.090667 18988.680228 -0.000000
470.010000 65985.476691 -70197.379208 3202.638514 18831.002994 -0.000000
480.010000 67249.088790 -71548.782341 3255.643941 18690.206539 -0.000000
490.010000 68506.749299 -72920.461588 3288.603109 18543.228639 -0.000000
500.010000 69758.514719 -74313.298923 3308.287582 18382.472253 -0.000000
510.010000 71004.375401 -75728.703809 3319.440935 18201.774699 -0.000000
520.010000 72244.363401 -77158.739810 3330.941694 18000.225942 -0.000000
530.010000 73478.567058 -78572.296193 3354.458547 17797.356367 -0.000000
540.010000 74707.014898 -79946.927304 3393.809368 17611.822278 -0.000000
550.010000 75929.770189 -81276.485799 3455.057589 17443.770856 -0.000000
560.010000 77146.903584 -82564.599493 3534.458488 17293.389662 -0.000000
570.010000 78358.415817 -83822.087632 3627.861911 17154.010336 -0.000000
580.010000 79564.248265 -85058.518749 3728.803777 17022.469806 -0.000000
590.010000 80764.330564 -86259.430657 3832.947556 16917.496422 -0.000000
600.010000 81958.618178 -87460.606403 3928.181226 16815.374625 -0.000000
610.010000 83147.086629 -88653.662024 4024.310497 16714.658188 -0.000000
620.010000 84329.773239 -89834.779820 4127.279668 16613.257836 -0.000000
630.010000 85506.608809 -91010.722867 4229.864119 16511.565914 -0.000000
640.010000 86677.535563 -92170.788381 4335.797663 16416.493615 -0.000000
650.010000 87842.598435 -93319.810636 4438.358443 16329.973458 -0.000000
660.010000 89001.801207 -94468.435867 4532.631892 16246.277554 -0.000000
670.010000 90155.237391 -95609.586832 4625.447147 16165.747522 -0.000000
680.010000 91302.957466 -96765.195600 4703.397978 16079.908002 -0.000000
690.010000 92444.910247 -97935.800276 4768.702114 15985.951975 -0.000000
700.010000 93581.110718 -99115.131847 4828.437040 15883.085952 -0.000000
710.010000 94711.546997 -100289.347406 4892.635863 15775.107852 -0.000000
720.010000 95836.206274 -101430.343262 4973.653284 15677.753857 -0.000000
730.010000 96955.085349 -102578.827428 5044.325860 15577.476192 -0.000000
740.010000 98068.196955 -103718.653207 5111.200219 15483.887664 -0.000000
750.010000 99175.528730 -104873.869018 5163.844066 15383.359783 -0.000000
760.010000 100277.075109 -106001.547306 5233.977921 15287.094022 -0.000000
770.010000 101372.869315 -107130.384671 5299.219082 15188.809705 -0.000000
780.010000 102462.980778 -108269.584178 5356.457837 15082.482910 -0.000000
790.010000 103547.512443 -109386.504412 5426.014966 14980.537214 -0.000000
800.010000 104626.437406 -110484.028939 5501.319396 14886.633223 -0.000000
810.010000 105699.718211 -111582.694140 5569.775120 14792.793107 -0.000000
820.010000 106767.296971 -112678.245441 5631.443687 14703.152001 -0.000000
830.010000 107829.175979 -113776.309335 5688.487014 14609.923791 -0.000000
840.010000 108885.361545 -114868.663638 5746.900231 14515.341839 -0.000000
850.010000 109935.779290 -115935.418054 5822.723439 14423.181963 -0.000000
860.010000 110980.268070 -116995.249759 5900.405505 14330.156977 -0.000000
870.010000 112018.832298 -118050.287064 5978.477727 14235.611681 -0.000000
880.010000 113051.486640 -119119.381228 6046.600202 14131.049387 -0.000000
890.010000 114078.172009 -120168.960916 6123.869434 14030.885839 -0.000000
900.010000 115098.885023 -121182.760328 6212.365878 13949.303000 -0.000000
910.010000 116113.674709 -122207.576828 6286.423603 13865.218465 -0.000000
920.010000 117122.579067 -123225.433077 6361.022745 13781.667434 -0.000000
930.010000 118125.591535 -124229.748104 6441.572839 13699.814783 -0.000000
940.010000 119122.685745 -125171.840428 6557.679980 13638.709533 -0.000000
950.010000 120113.955859 -126125.692833 6656.465857 13577.341368 -0.000000
960.010000 121099.472429 -127091.553308 6741.175208 13512.288116 -0.000000
970.010000 122079.310995 -128069.869249 6813.252167 13441.733785 -0.000000
980.010000 123053.577434 -129049.500398 6880.312907 13369.308337 -0.000000
990.010000 124022.361976 -130021.208667 6944.271661 13302.425859 -0.000000
