0.010000 3.719578 -3.586975 0.132615 59237.222608 -0.000000
10.010000 1855.442439 -1804.496939 66.314287 59221.853839 -0.000000
20.010000 3690.393119 -3621.105084 131.627876 59174.882789 -0.000000
30.010000 5507.706810 -5454.967667 194.904528 59095.057251 -0.000000
40.010000 7306.608096 -7297.308040 264.482708 58982.039990 -0.000000
50.010000 9086.510026 -9141.723971 345.193174 58836.815529 -0.000000
60.010000 10847.054284 -10999.714635 425.657361 58658.904943 -0.000000
70.010000 12588.001936 -12875.255534 501.821615 58448.147447 -0.000000
80.010000 14309.123352 -14777.645517 566.088985 58202.611517 -0.000000
90.010000 16009.985326 -16709.099542 617.991301 57920.117157 -0.000000
100.010000 17690.321330 -18666.649423 661.944246 57598.950339 -0.000000
110.010000 19349.970730 -20628.912520 713.233566 57245.047328 -0.000000
120.010000 20988.714238 -22565.894532 780.445665 56879.596732 -0.000000
130.010000 22606.409266 -24506.845431 844.915523 56491.871009 -0.000000
140.010000 24202.994090 -26430.407597 918.615987 56091.193210 -0.000000
150.010000 25778.368588 -28339.313845 993.298320 55682.979135 -0.000000
160.010000 27332.535332 -30253.288222 1059.642938 55256.826892 -0.000000
170.010000 28865.405863 -32175.104143 1121.117989 54806.406458 -0.000000
180.010000 30376.760152 -34121.473336 1167.234534 54325.275015 -0.000000
190.010000 31866.479829 -36059.141212 1215.933282 53828.628072 -0.000000
200.010000 33334.515565 -37987.362160 1263.597881 53320.778266 -0.000000
210.010000 34780.907977 -39934.050611 1294.928420 52789.151693 -0.000000
220.010000 36205.886155 -41873.604563 1329.581017 52239.923327 -0.000000
230.010000 37609.670614 -43812.806802 1358.358688 51675.727880 -0.000000
240.010000 38992.377354 -45760.159344 1385.831209 51083.609562 -0.000000
250.010000 40353.920164 -47697.833284 1413.525827 50479.783818 -0.000000
260.010000 41694.126191 -49667.173366 1435.078585 49829.097008 -0.000000
270.010000 43013.236749 -51588.682160 1473.940642 49187.836720 -0.000000
280.010000 44311.409813 -53480.489772 1522.882241 48545.260577 -0.000000
290.010000 45588.496359 -55345.481991 1575.564570 47904.672580 -0.000000
300.010000 46844.411130 -57163.393259 1628.778456 47289.462201 -0.000000
310.010000 48079.336786 -58972.557247 1673.990892 46670.011438 -0.000000
320.010000 49293.715191 -60795.042126 1708.539075 46027.356784 -0.000000
330.010000 50487.639866 -62586.367563 1740.057925 45398.437178 -0.000000
340.010000 51661.220199 -64376.078752 1760.720949 44761.643301 -0.000000
350.010000 52814.794319 -66190.380353 1773.909263 44087.727510 -0.000000
360.010000 53948.717409 -68017.446522 1783.982848 43384.510849 -0.000000
370.010000 55063.106869 -69848.643116 1795.687225 42655.999339 -0.000000
380.010000 56158.196774 -71689.952857 1808.906674 41896.560059 -0.000000
390.010000 57234.136993 -73474.319566 1837.134111 41159.906134 -0.000000
400.010000 58291.282186 -75226.367634 1865.628572 40436.508801 -0.000000
410.010000 59329.982422 -76950.658864 1896.073181 39720.473202 -0.000000
420.010000 60350.249048 -78677.475685 1926.391442 38983.604752 -0.000000
430.010000 61352.050575 -80383.293225 1948.461760 38257.518424 -0.000000
440.010000 62335.975690 -82113.354754 1962.134774 37497.708999 -0.000000
450.010000 63302.384626 -83850.748137 1972.873526 36715.985804 -0.000000
460.010000 64251.737943 -85559.362933 1989.471277 35940.126576 -0.000000
470.010000 65184.436745 -87279.260032 2002.783220 35139.616341 -0.000000
480.010000 66100.893316 -89000.611747 2016.329970 34321.174448 -0.000000
490.010000 67001.627246 -90717.692789 2027.832628 33493.324683 -0.000000
500.010000 67886.753996 -92421.929924 2041.676058 32660.370871 -0.000000
510.010000 68756.591366 -94089.826444 2057.942179 31846.045604 -0.000000
520.010000 69611.385930 -95748.839283 2066.937330 31032.832180 -0.000000
530.010000 70451.331548 -97440.100332 2072.277520 30176.176563 -0.000000
540.010000 71276.760531 -99086.184829 2085.272305 29342.526267 -0.000000
550.010000 72088.129016 -100690.573616 2109.601545 28525.176727 -0.000000
560.010000 72886.090810 -102264.709303 2130.828936 27727.775445 -0.000000
570.010000 73671.140605 -103819.475826 2149.403772 26939.483884 -0.000000
580.010000 74443.730396 -105362.948230 2170.698121 26147.306924 -0.000000
590.010000 75204.043884 -106839.570586 2204.890855 25396.805325 -0.000000
600.010000 75952.363371 -108330.107728 2232.766694 24626.711834 -0.000000
610.010000 76688.944316 -109769.164309 2263.117076 23893.885817 -0.000000
620.010000 77413.944965 -111154.967258 2294.511008 23201.689587 -0.000000
630.010000 78127.485477 -112546.844080 2316.818209 22501.046079 -0.000000
640.010000 78829.603675 -113918.203537 2336.356766 21812.266264 -0.000000
650.010000 79520.418205 -115280.486931 2352.540652 21124.613516 -0.000000
660.010000 80200.111948 -116607.442402 2366.776013 20463.116429 -0.000000
670.010000 80868.854448 -117953.151483 2376.350760 19776.575102 -0.000000
680.010000 81526.855836 -119275.314449 2388.674350 19100.089935 -0.000000
690.010000 82174.456138 -120556.062433 2415.957606 18439.658997 -0.000000
700.010000 82811.844837 -121746.910154 2451.324713 17850.832871 -0.000000
710.010000 83439.133122 -122888.806880 2480.817297 17306.731848 -0.000000
720.010000 84056.557193 -124034.284114 2506.233785 16753.262197 -0.000000
730.010000 84664.253890 -125139.936018 2534.695613 16226.845163 -0.000000
740.010000 85262.330807 -126220.059396 2569.085203 15710.409113 -0.000000
750.010000 85850.871310 -127277.869763 2601.640627 15208.583826 -0.000000
760.010000 86429.883650 -128308.061194 2633.573634 14725.471728 -0.000000
770.010000 86999.505289 -129306.610694 2662.352597 14267.764905 -0.000000
780.010000 87559.853548 -130308.718277 2687.406128 13800.952051 -0.000000
790.010000 88110.866246 -131266.169378 2716.966150 13364.953626 -0.000000
800.010000 88652.577334 -132204.431607 2741.773002 12943.595635 -0.000000
810.010000 89185.149540 -133108.817968 2771.104449 12542.450032 -0.000000
820.010000 89708.569596 -133988.895988 2808.815659 12148.080860 -0.000000
830.010000 90222.823251 -134822.111017 2842.932123 11795.003022 -0.000000
840.010000 90727.947530 -135572.098279 2885.331264 11507.740898 -0.000000
850.010000 91223.954815 -136248.489582 2942.616082 11270.072063 -0.000000
860.010000 91710.836861 -136893.695825 2995.672373 11058.691576 -0.000000
870.010000 92188.645682 -137534.285523 3039.833037 10851.750035 -0.000000
880.010000 92657.593228 -138128.141428 3092.456655 10674.218057 -0.000000
890.010000 93117.914455 -138711.411661 3142.026949 10501.698758 -0.000000
900.010000 93569.706192 -139277.803179 3188.562014 10340.563912 -0.000000
910.010000 94013.117262 -139817.054685 3239.477488 10193.808003 -0.000000
920.010000 94448.236767 -140347.435683 3285.431339 10052.592661 -0.000000
930.010000 94875.050048 -140877.984635 3329.242945 9905.045383 -0.000000
940.010000 95293.631522 -141410.362700 3369.039861 9751.451875 -0.000000
950.010000 95704.070243 -141930.985292 3408.672127 9601.635739 -0.000000
960.010000 96106.515323 -142431.497353 3454.719121 9457.521765 -0.000000
970.010000 96501.115223 -142900.053947 3507.642395 9330.641797 -0.000000
980.010000 96887.835241 -143370.736015 3551.724468 9202.597674 -0.000000
990.010000 97266.600309 -143856.274429 3585.675147 9061.873649 -0.000000
