0.010000 3.968829 -3.922566 0.046285 44353.270707 -0.000002
10.010000 1984.123664 -1969.992690 23.144160 44344.261858 -0.000006
20.010000 3955.577485 -3946.144015 45.862208 44316.854197 -0.000009
30.010000 5918.200723 -5933.357130 67.485577 44270.642073 -0.000000
40.010000 7871.847586 -7932.612898 86.998943 44205.519817 -0.000000
50.010000 9816.385484 -9944.910149 103.326819 44121.432610 -0.000000
60.010000 11751.810506 -11971.387265 115.651407 44018.055950 -0.000000
70.010000 13678.177217 -14013.277370 123.696788 43894.487202 -0.000000
80.010000 15595.552228 -16071.910805 127.903260 43749.022331 -0.000000
90.010000 17503.996987 -18145.501646 131.333983 43580.445545 -0.000000
100.010000 19403.506628 -20207.071234 146.280892 43403.438703 -0.000000
110.010000 21294.093678 -22266.276500 163.581548 43217.519848 -0.000000
120.010000 23175.821051 -24304.561247 183.503366 43041.040676 -0.000000
130.010000 25048.735353 -26356.516863 191.099789 42854.402956 -0.000000
140.010000 26912.861159 -28429.334018 192.631971 42644.179434 -0.000000
150.010000 28768.370857 -30510.369936 197.846677 42413.438519 -0.000000
160.010000 30615.445911 -32552.111494 213.235985 42203.382719 -0.000000
170.010000 32454.164944 -34587.995820 225.142856 41994.310564 -0.000000
180.010000 34284.526790 -36634.769176 233.612468 41769.429451 -0.000000
190.010000 36106.612600 -38668.224851 246.849841 41544.822222 -0.000000
200.010000 37920.555564 -40697.258093 258.197777 41318.384017 -0.000000
210.010000 39726.454549 -42676.938921 290.800015 41111.999945 -0.000000
220.010000 41524.367242 -44631.421410 328.852391 40917.377782 -0.000000
230.010000 43314.359673 -46550.217893 375.558949 40741.867182 -0.000000
240.010000 45096.572627 -48476.320110 405.414303 40568.122574 -0.000000
250.010000 46870.965597 -50422.933649 422.311798 40379.004516 -0.000000
260.010000 48637.661914 -52391.380644 432.198649 40167.366993 -0.000000
270.010000 50396.769885 -54313.055129 463.566229 39973.432907 -0.000000
280.010000 52148.281927 -56224.330397 486.634192 39790.601725 -0.000000
290.010000 53892.340210 -58146.495215 503.754102 39595.375288 -0.000000
300.010000 55629.186351 -60073.889973 523.020104 39385.560677 -0.000000
310.010000 57358.914063 -61996.280924 546.499456 39169.418091 -0.000000
320.010000 59081.576828 -63884.030654 580.953298 38969.877290 -0.000000
330.010000 60797.227317 -65767.567390 610.776940 38772.167408 -0.000000
340.010000 62505.844947 -67602.030189 661.315553 38595.783632 -0.000000
350.010000 64207.485609 -69450.680219 696.126566 38413.963259 -0.000000
360.010000 65902.191738 -71296.141905 724.645237 38234.689037 -0.000000
370.010000 67589.933762 -73154.045724 740.491422 38048.681065 -0.000000
380.010000 69270.735894 -75016.181783 756.351762 37851.486805 -0.000000
390.010000 70944.608455 -76882.105800 772.536869 37643.250247 -0.000000
400.010000 72611.527392 -78705.937716 808.073622 37450.800521 -0.000000
410.010000 74271.520336 -80523.979072 833.568169 37267.257567 -0.000000
420.010000 75924.604984 -82337.555857 858.180679 37082.152927 -0.000000
430.010000 77570.899254 -84152.253134 883.877571 36888.053033 -0.000000
440.010000 79210.464042 -85962.740961 914.038142 36686.969429 -0.000000
450.010000 80843.381706 -87714.318585 976.980134 36505.367482 -0.000000
460.010000 82469.686621 -89444.593035 1037.352928 36341.025160 -0.000000
470.010000 84089.375552 -91180.700383 1084.948335 36177.011341 -0.000000
480.010000 85702.494850 -92925.261482 1125.292808 36005.225073 -0.000000
490.010000 87309.072471 -94672.532897 1161.951777 35827.872315 -0.000000
500.010000 88909.032547 -96396.296020 1209.210572 35656.810478 -0.000000
510.010000 90502.381864 -98091.868579 1268.452293 35495.345522 -0.000000
520.010000 92089.137692 -99794.082001 1317.232926 35331.107301 -0.000000
530.010000 93669.265113 -101517.285452 1353.301000 35151.963203 -0.000000
540.010000 95242.803405 -103231.407618 1392.703066 34971.977269 -0.000000
550.010000 96809.889550 -104932.230795 1429.213374 34801.729934 -0.000000
560.010000 98370.639785 -106635.489467 1466.232352 34622.202525 -0.000000
570.010000 99925.116584 -108347.701851 1500.196491 34430.502806 -0.000000
580.010000 101473.336625 -110032.723137 1548.166719 34245.731338 -0.000000
590.010000 103015.306723 -111719.307546 1590.986249 34058.297503 -0.000000
600.010000 104551.073986 -113383.678114 1635.007110 33885.673342 -0.000000
610.010000 106080.755283 -115043.818666 1678.621202 33711.600003 -0.000000
620.010000 107604.515120 -116717.035375 1712.527965 33528.236372 -0.000000
630.010000 109122.363513 -118382.266813 1752.704321 33340.676977 -0.000000
640.010000 110634.294388 -120054.840475 1790.847685 33141.890832 -0.000000
650.010000 112140.384827 -121719.153068 1833.749434 32940.766935 -0.000000
660.010000 113640.789692 -123318.310312 1902.032155 32773.731840 -0.000000
670.010000 115135.473646 -124932.631068 1952.439372 32603.687828 -0.000000
680.010000 116624.381393 -126550.691217 1997.229933 32429.744871 -0.000000
690.010000 118107.501436 -128180.202457 2032.764289 32247.819324 -0.000000
700.010000 119584.949855 -129832.163752 2056.872667 32049.198075 -0.000000
710.010000 121056.753494 -131478.661715 2089.168146 31842.208276 -0.000000
720.010000 122522.907658 -133088.096303 2136.550589 31651.545414 -0.000000
730.010000 123983.407261 -134691.394226 2178.082139 31467.215550 -0.000000
740.010000 125438.215925 -136277.464174 2227.643473 31286.392937 -0.000000
750.010000 126887.329169 -137880.454149 2264.289399 31095.870284 -0.000000
760.010000 128330.797877 -139506.361404 2288.893011 30888.828130 -0.000000
770.010000 129768.672273 -141134.942892 2312.124876 30674.889177 -0.000000
780.010000 131200.942867 -142749.262458 2343.739295 30461.225789 -0.000000
790.010000 132627.620914 -144343.602946 2381.892961 30255.409686 -0.000000
800.010000 134048.740802 -145926.801999 2422.705117 30052.518367 -0.000000
810.010000 135464.340947 -147529.950703 2450.897472 29836.777456 -0.000000
820.010000 136874.476538 -149104.788390 2490.697414 29632.275422 -0.000000
830.010000 138279.152404 -150695.074204 2516.822518 29420.540373 -0.000000
840.010000 139678.364257 -152295.493642 2541.447043 29194.708266 -0.000000
850.010000 141072.111951 -153871.498028 2585.838703 28968.059916 -0.000000
860.010000 142460.396554 -155406.255946 2645.447862 28761.977445 -0.000000
870.010000 143843.114893 -156930.983111 2696.668324 28568.748160 -0.000000
880.010000 145220.225127 -158472.001529 2734.361163 28367.147140 -0.000000
890.010000 146591.642754 -160034.166538 2761.148909 28149.612015 -0.000000
900.010000 147957.411978 -161599.335664 2792.099042 27919.261982 -0.000000
910.010000 149317.584251 -163138.582378 2835.139301 27697.147285 -0.000000
920.010000 150672.154283 -164660.649633 2877.707548 27487.081817 -0.000000
930.010000 152021.116177 -166198.117811 2910.010998 27266.272085 -0.000000
940.010000 153364.469362 -167734.086203 2944.033534 27039.634345 -0.000000
950.010000 154702.189152 -169270.029821 2976.945519 26808.498532 -0.000000
960.010000 156034.244682 -170808.068829 3005.764697 26573.695879 -0.000000
970.010000 157360.674788 -172343.224737 3036.106640 26334.628135 -0.000000
980.010000 158681.419959 -173868.024752 3078.525857 26088.154076 -0.000000
990.010000 159996.428548 -175387.223595 3125.139991 25837.349690 -0.000000
