0.010000 3.529268 -3.347946 0.181336 22519.049239 -0.000000
10.010000 1765.082738 -1681.690347 90.682712 22511.758945 -0.000000
20.010000 3520.415446 -3369.256402 180.007610 22490.200716 -0.000000
30.010000 5269.493951 -5066.851995 266.794259 22454.896996 -0.000000
40.010000 7012.291273 -6775.302623 349.804267 22406.233702 -0.000000
50.010000 8748.724608 -8495.394440 428.031144 22344.348366 -0.000000
60.010000 10478.774951 -10227.909859 500.753058 22269.161400 -0.000000
70.010000 12202.435143 -11973.650043 567.558061 22180.276431 -0.000000
80.010000 13919.737552 -13733.489388 628.331266 22076.966318 -0.000000
90.010000 15630.803648 -15504.739392 686.514323 21958.599381 -0.000000
100.010000 17335.671123 -17250.117484 769.942295 21834.660825 -0.000000
110.010000 19034.337332 -19002.078752 847.098254 21704.209844 -0.000000
120.010000 20726.818453 -20770.580629 912.677106 21562.610276 -0.000000
130.010000 22413.135855 -22545.171112 974.229129 21412.785217 -0.000000
140.010000 24093.280231 -24317.093465 1032.654396 21262.582018 -0.000000
150.010000 25767.249053 -26098.705025 1080.813088 21106.780633 -0.000000
160.010000 27435.075422 -27840.750274 1146.137930 20967.236949 -0.000000
170.010000 29096.759909 -29570.836615 1223.716311 20821.256745 -0.000000
180.010000 30752.302899 -31263.164340 1328.817660 20679.370687 -0.000000
190.010000 32401.750887 -32884.596799 1460.522384 20575.681521 -0.000000
200.010000 34045.115295 -34489.117806 1589.494898 20485.552435 -0.000000
210.010000 35682.393680 -36080.986766 1714.812609 20405.644175 -0.000000
220.010000 37313.549869 -37667.227220 1834.432699 20330.939846 -0.000000
230.010000 38938.518650 -39236.136886 1962.487023 20258.944661 -0.000000
240.010000 40557.218125 -40799.031262 2088.140094 20189.096716 -0.000000
250.010000 42169.648378 -42368.006782 2202.513112 20118.178457 -0.000000
260.010000 43775.849360 -43920.982490 2317.941929 20055.974939 -0.000000
270.010000 45375.820121 -45473.892707 2427.386254 19993.591182 -0.000000
280.010000 46969.582022 -47024.309549 2533.395081 19930.927437 -0.000000
290.010000 48557.155996 -48572.934398 2635.614825 19867.656840 -0.000000
300.010000 50138.523861 -50133.390413 2723.903475 19800.280059 -0.000000
310.010000 51713.673304 -51706.032046 2799.993459 19726.697902 -0.000000
320.010000 53282.588854 -53291.318537 2865.785165 19644.535270 -0.000000
330.010000 54845.293325 -54879.020867 2930.782615 19554.539975 -0.000000
340.010000 56401.818730 -56474.957985 2991.554205 19454.356685 -0.000000
350.010000 57952.109364 -58029.737254 3072.300032 19369.122234 -0.000000
360.010000 59496.143482 -59576.778630 3149.933313 19288.481703 -0.000000
370.010000 61033.902548 -61117.453574 3226.180262 19209.318888 -0.000000
380.010000 62565.396172 -62670.933085 3288.143431 19125.369845 -0.000000
390.010000 64090.739948 -64237.735593 3338.355573 19033.698983 -0.000000
400.010000 65609.952912 -65801.447294 3390.715260 18936.840569 -0.000000
410.010000 67123.038098 -67334.184260 3460.324341 18847.579719 -0.000000
420.010000 68629.998772 -68877.268237 3517.544797 18754.235970 -0.000000
430.010000 70130.822499 -70415.938987 3572.322154 18661.611598 -0.000000
440.010000 71625.436624 -71930.059367 3638.291500 18576.136006 -0.000000
450.010000 73113.825913 -73441.259271 3702.346877 18489.270022 -0.000000
460.010000 74596.052526 -74922.860171 3784.727152 18407.515475 -0.000000
470.010000 76072.192505 -76400.632667 3862.040701 18328.569422 -0.000000
480.010000 77542.264870 -77891.225549 3926.146101 18243.943518 -0.000000
490.010000 79006.260450 -79393.713659 3980.465783 18151.131318 -0.000000
500.010000 80464.188197 -80881.186107 4046.734976 18055.317433 -0.000000
510.010000 81916.069082 -82363.195424 4111.265147 17960.658839 -0.000000
520.010000 83362.028914 -83815.934115 4190.097175 17875.047964 -0.000000
530.010000 84802.176644 -85252.604674 4274.220453 17794.401869 -0.000000
540.010000 86236.558171 -86657.032287 4374.070860 17724.505390 -0.000000
550.010000 87665.188740 -88056.022245 4469.431917 17658.784957 -0.000000
560.010000 89088.081560 -89466.964684 4549.808626 17590.358643 -0.000000
570.010000 90505.300738 -90890.154030 4617.124241 17517.072870 -0.000000
580.010000 91916.872976 -92325.960681 4672.724569 17437.238138 -0.000000
590.010000 93322.834891 -93774.860548 4717.727754 17349.297007 -0.000000
600.010000 94723.172277 -95209.308918 4767.079464 17265.834319 -0.000000
610.010000 96117.801690 -96634.773835 4818.861069 17183.217214 -0.000000
620.010000 97506.739635 -98062.687317 4867.154528 17095.948221 -0.000000
630.010000 98890.001512 -99495.239802 4909.189035 17004.623112 -0.000000
640.010000 100267.708323 -100923.867385 4956.202593 16906.688785 -0.000000
650.010000 101639.904855 -102360.522165 5000.490138 16797.942998 -0.000000
660.010000 103006.572724 -103733.286362 5087.678432 16704.658379 -0.000000
670.010000 104367.764843 -105062.899706 5194.334084 16629.581507 -0.000000
680.010000 105723.504634 -106399.363659 5290.037353 16553.154081 -0.000000
690.010000 107073.868729 -107748.552872 5372.574553 16471.791767 -0.000000
700.010000 108418.869831 -109093.919027 5454.504423 16389.496850 -0.000000
710.010000 109758.483901 -110427.495834 5541.712934 16308.325605 -0.000000
720.010000 111092.705585 -111758.593176 5628.516955 16224.645931 -0.000000
730.010000 112421.498531 -113102.784558 5704.126777 16133.637676 -0.000000
740.010000 113744.829733 -114417.319970 5793.495936 16053.064311 -0.000000
750.010000 115062.704594 -115688.030401 5908.491339 15985.233342 -0.000000
760.010000 116375.058901 -116963.816345 6012.718292 15917.574756 -0.000000
770.010000 117681.817937 -118247.177470 6103.490031 15850.200933 -0.000000
780.010000 118982.949212 -119528.185507 6193.698114 15780.116093 -0.000000
790.010000 120278.411575 -120812.534905 6279.620699 15705.306478 -0.000000
800.010000 121568.225952 -122108.540840 6354.557391 15624.178231 -0.000000
810.010000 122852.505481 -123406.825568 6422.568453 15542.161974 -0.000000
820.010000 124131.298517 -124712.490770 6485.588268 15452.269997 -0.000000
830.010000 125404.524367 -125985.391759 6570.832094 15367.351034 -0.000000
840.010000 126672.169819 -127240.682339 6657.731654 15292.806351 -0.000000
850.010000 127934.239581 -128508.041005 6730.632727 15214.616379 -0.000000
860.010000 129190.794097 -129787.824625 6791.636677 15130.383328 -0.000000
870.010000 130441.895284 -131080.010171 6842.271312 15038.664339 -0.000000
880.010000 131687.589704 -132375.672118 6885.896288 14945.071838 -0.000000
890.010000 132927.941740 -133682.415590 6922.666592 14841.910099 -0.000000
900.010000 134163.073701 -134993.910447 6957.621377 14730.592421 -0.000000
910.010000 135393.011044 -136290.329553 7006.409464 14615.322572 -0.000000
920.010000 136617.748156 -137530.655194 7093.710036 14512.433472 -0.000000
930.010000 137837.261560 -138756.066869 7187.393819 14412.851420 -0.000000
940.010000 139051.571449 -139975.058852 7278.147127 14317.416019 -0.000000
950.010000 140260.705255 -141181.476502 7369.740225 14228.539079 -0.000000
960.010000 141464.706468 -142355.065810 7476.144782 14152.546429 -0.000000
970.010000 142663.610346 -143501.569720 7595.653972 14085.437210 -0.000000
980.010000 143857.438704 -144659.418791 7701.020154 14016.050317 -0.000000
990.010000 145046.140708 -145828.842925 7793.995051 13942.353292 -0.000000
