0.010000 3.141508 -2.957335 0.184192 60729.824899 -0.000000
10.010000 1567.306007 -1487.846228 92.153083 60717.131620 -0.000000
20.010000 3117.982215 -2985.662341 183.302897 60678.841907 -0.000000
30.010000 4654.790975 -4497.309052 272.658668 60614.648191 -0.000000
40.010000 6177.477078 -6011.325762 370.882056 60525.094204 -0.000000
50.010000 7685.829286 -7532.338898 472.571907 60410.743432 -0.000000
60.010000 9179.570596 -9070.302795 567.813095 60271.279664 -0.000000
70.010000 10658.516273 -10626.292789 655.299316 60106.749134 -0.000000
80.010000 12122.413804 -12201.341896 733.893478 59917.003406 -0.000000
90.010000 13571.064630 -13785.393964 811.172369 59704.323280 -0.000000
100.010000 15004.398249 -15383.538305 881.934235 59468.750701 -0.000000
110.010000 16422.429383 -16995.074125 947.771910 59209.408345 -0.000000
120.010000 17825.096377 -18629.264985 1001.997932 58923.658464 -0.000000
130.010000 19212.214659 -20269.702841 1058.259261 58614.086403 -0.000000
140.010000 20583.726377 -21913.846226 1117.224036 58282.489968 -0.000000
150.010000 21939.583381 -23568.889853 1173.656970 57926.870418 -0.000000
160.010000 23279.718439 -25214.719666 1236.252666 57558.579972 -0.000000
170.010000 24604.183949 -26869.104529 1294.049213 57170.864077 -0.000000
180.010000 25913.013908 -28528.904693 1350.113762 56763.829327 -0.000000
190.010000 27206.262408 -30166.362054 1409.483091 56360.251143 -0.000000
200.010000 28484.022474 -31809.776342 1461.756736 55942.323282 -0.000000
210.010000 29746.338105 -33451.133212 1513.059886 55511.978899 -0.000000
220.010000 30993.261446 -35115.974509 1551.543273 55055.577558 -0.000000
230.010000 32224.837350 -36766.128282 1597.132649 54591.410318 -0.000000
240.010000 33441.216821 -38390.968982 1651.115622 54128.966122 -0.000000
250.010000 34642.431675 -40004.515301 1701.205083 53666.545201 -0.000000
260.010000 35828.488869 -41623.586356 1749.287923 53185.448504 -0.000000
270.010000 36999.355203 -43242.992040 1796.355181 52689.841900 -0.000000
280.010000 38155.048364 -44845.640151 1839.004390 52200.237745 -0.000000
290.010000 39295.691543 -46464.274254 1870.791395 51690.459821 -0.000000
300.010000 40421.488044 -48079.032151 1903.160476 51169.129346 -0.000000
310.010000 41532.626929 -49699.719135 1931.204316 50631.537411 -0.000000
320.010000 42629.168664 -51312.148443 1955.575099 50091.279059 -0.000000
330.010000 43711.114378 -52920.699556 1980.965325 49539.285446 -0.000000
340.010000 44778.749651 -54540.711998 2007.773184 48960.100420 -0.000000
350.010000 45832.412841 -56147.801293 2037.512985 48376.934518 -0.000000
360.010000 46872.255128 -57719.049974 2071.266721 47811.774392 -0.000000
370.010000 47898.259734 -59308.924167 2097.609224 47221.562304 -0.000000
380.010000 48910.581776 -60905.680389 2122.219035 46612.518317 -0.000000
390.010000 49909.250539 -62459.878547 2154.820573 46024.387387 -0.000000
400.010000 50894.450982 -63994.288457 2184.761187 45445.237310 -0.000000
410.010000 51866.528564 -65530.359519 2214.802247 44851.203124 -0.000000
420.010000 52825.681011 -67059.286004 2242.414462 44253.816874 -0.000000
430.010000 53772.050415 -68581.889118 2270.963901 43649.033728 -0.000000
440.010000 54705.678754 -70094.243757 2301.589208 43039.682124 -0.000000
450.010000 55626.607865 -71593.806247 2327.059759 42435.578197 -0.000000
460.010000 56535.067647 -73094.505947 2348.666724 41821.731317 -0.000000
470.010000 57431.293537 -74567.346106 2373.825319 41219.958456 -0.000000
480.010000 58315.362993 -76023.616474 2396.717648 40624.865219 -0.000000
490.010000 59187.407436 -77481.227952 2413.421709 40022.596053 -0.000004
500.010000 60047.709013 -78931.833341 2427.985122 39417.729445 -0.000000
510.010000 60896.322289 -80417.494103 2436.593536 38772.073548 -0.000000
520.010000 61733.525831 -81872.825047 2453.684855 38136.854829 -0.000000
530.010000 62559.588724 -83321.133831 2468.370715 37499.923082 -0.000000
540.010000 63374.665159 -84768.868539 2481.217754 36854.417770 -0.000000
550.010000 64178.775349 -86206.231523 2497.103656 36205.279077 -0.000000
560.010000 64971.996136 -87636.066105 2511.457232 35554.311708 -0.000000
570.010000 65754.289772 -89064.422997 2521.849225 34897.856462 -0.000000
580.010000 66525.677530 -90457.434642 2543.223602 34254.858201 -0.000000
590.010000 67286.456917 -91851.861614 2558.876117 33605.558103 -0.000000
600.010000 68036.978519 -93253.745522 2571.047995 32942.023922 -0.000000
610.010000 68777.317694 -94634.410294 2582.491097 32290.255225 -0.000000
620.010000 69507.545568 -96015.916181 2594.596468 31626.871843 -0.000000
630.010000 70227.812659 -97376.029822 2611.694750 30969.927013 -0.000000
640.010000 70938.222700 -98705.112178 2625.821236 30337.128214 -0.000000
650.010000 71638.881502 -100044.730316 2632.767253 29691.222863 -0.000000
660.010000 72329.940957 -101402.870927 2639.591247 29017.317715 -0.000000
670.010000 73011.492948 -102701.932440 2650.827487 28388.571954 -0.000000
680.010000 73683.637788 -104002.065644 2659.471323 27751.939756 -0.000000
690.010000 74346.506105 -105292.754715 2666.899419 27116.690907 -0.000000
700.010000 75000.308492 -106557.052178 2675.389419 26497.705834 -0.000000
710.010000 75645.179717 -107797.509184 2683.153764 25894.355709 -0.000000
720.010000 76281.279381 -109012.394690 2690.634975 25308.088658 -0.000000
730.010000 76908.760894 -110223.308215 2696.885920 24718.405703 -0.000000
740.010000 77527.708261 -111396.714775 2704.132405 24156.700026 -0.000000
750.010000 78138.193551 -112554.363702 2710.052541 23603.616255 -0.000000
760.010000 78740.334896 -113695.526624 2715.673080 23058.974139 -0.000000
770.010000 79334.172255 -114811.916781 2721.986302 22530.108121 -0.000000
780.010000 79919.750207 -115882.103065 2728.616665 22038.869427 -0.000000
790.010000 80497.107193 -116957.530804 2732.761682 21536.653657 -0.000000
800.010000 81066.316963 -117993.962849 2737.136757 21065.056309 -0.000000
810.010000 81627.472908 -119025.143400 2741.159459 20591.009001 -0.000000
820.010000 82180.740238 -120012.111059 2753.187705 20145.280426 -0.000000
830.010000 82726.302160 -120970.744838 2765.846937 19719.549339 -0.000000
840.010000 83264.347574 -121909.767981 2780.313295 19304.105253 -0.000000
850.010000 83794.985810 -122816.782837 2795.045470 18912.996459 -0.000000
860.010000 84318.256012 -123713.297945 2809.131904 18525.665118 -0.000000
870.010000 84834.245967 -124595.278930 2823.606528 18145.199465 -0.000000
880.010000 85342.997374 -125462.457533 2838.120036 17772.258762 -0.000000
890.010000 85844.541217 -126319.745558 2851.253308 17403.381308 -0.000000
900.010000 86338.950978 -127167.346970 2862.877504 17038.565462 -0.000000
910.010000 86826.375381 -127995.210332 2876.549352 16684.454655 -0.000000
920.010000 87306.825985 -128819.602587 2887.719849 16329.342507 -0.000000
930.010000 87780.328907 -129635.735543 2897.041568 15977.390754 -0.000000
940.010000 88246.981045 -130441.300463 2906.861651 15628.657890 -0.000000
950.010000 88706.867861 -131211.955614 2922.260370 15302.490836 -0.000000
960.010000 89160.071704 -131971.332028 2935.745880 14982.832755 -0.000000
970.010000 89606.620667 -132728.794400 2947.589640 14660.075587 -0.000000
980.010000 90046.508046 -133460.180626 2959.863085 14356.303295 -0.000000
990.010000 90479.726736 -134180.836331 2971.630448 14057.098917 -0.000000
