10 20 131.932766 1.000000
10 21 118.917274 0.996141
10 22 106.012823 0.923736
11 19 86.964515 1.000000
11 20 82.897356 1.000000
11 21 71.260292 0.963026
11 22 77.084012 0.839407
11 48 0.000000 -3.458703
11 49 0.000000 -3.564653
11 50 0.000000 -3.710088
11 51 0.000000 -3.839023
11 52 0.000000 -3.934535
11 53 0.000000 -3.973504
11 54 0.000000 -3.980972
12 13 54.649473 1.000000
12 14 58.681733 1.000000
12 15 59.654217 1.000000
12 16 63.365659 1.000000
12 17 63.959405 1.000000
12 18 67.969842 1.000000
12 19 59.455905 1.000000
12 20 50.223484 1.000000
12 21 34.429700 0.843979
12 22 47.583926 0.553537
12 23 61.339485 0.259751
12 25 17.983578 -0.542764
12 26 0.000000 -0.809750
12 27 0.000000 -0.940470
12 46 0.000000 -3.191633
12 47 0.000000 -3.398696
12 48 0.000000 -3.559375
12 49 0.000000 -3.664685
12 50 0.000000 -3.773968
12 51 0.000000 -3.873136
12 52 0.000000 -3.957883
12 53 0.000000 -3.992481
12 54 0.000000 -3.994808
13 12 49.182415 1.000000
13 13 47.562815 1.000000
13 14 51.477931 1.000000
13 15 56.044958 1.000000
13 16 60.820096 1.000000
13 17 62.440834 1.000000
13 18 59.219437 1.000000
13 19 51.335325 1.000000
13 20 44.196479 1.000000
13 21 36.032294 0.658665
13 22 36.656909 0.223306
13 23 61.883539 0.019845
13 24 59.832575 -0.217849
13 25 52.322422 -0.433601
13 26 43.997051 -0.653467
13 27 28.207989 -0.853862
13 28 0.000000 -1.042301
13 40 0.000000 -2.592735
13 41 0.000000 -2.651547
13 42 0.000000 -2.737207
13 43 0.000000 -2.829273
13 44 0.000000 -2.960615
13 45 0.000000 -3.141199
13 46 0.000000 -3.346307
13 47 0.000000 -3.537566
13 48 0.000000 -3.655120
13 49 0.000000 -3.717846
13 50 0.000000 -3.778988
13 51 0.000000 -3.837221
13 52 0.000000 -3.904780
13 53 0.000000 -3.973642
13 54 0.000000 -4.007639
14 11 62.533346 1.000000
14 12 48.506457 1.000000
14 13 40.216189 1.000000
14 14 44.884152 1.000000
14 15 52.617108 1.000000
14 16 59.419498 1.000000
14 17 61.503252 1.000000
14 18 59.495135 1.000000
14 19 53.350953 1.000000
14 20 45.754634 0.914001
14 21 44.036760 0.460795
14 22 49.584409 0.023491
14 23 71.506482 -0.173357
14 24 72.006495 -0.345158
14 25 70.282924 -0.512969
14 26 74.026703 -0.657838
14 27 63.204670 -0.775949
14 28 32.384447 -0.918469
14 29 0.000000 -1.102575
14 30 0.000000 -1.151503
14 37 0.000000 -2.307423
14 38 0.000000 -2.446016
14 39 0.000000 -2.599044
14 40 0.000000 -2.698317
14 41 0.000000 -2.783713
14 42 0.000000 -2.877111
14 43 0.000000 -2.966582
14 44 0.000000 -3.087229
14 45 0.000000 -3.276290
14 46 0.000000 -3.508764
14 47 0.000000 -3.652548
14 48 0.000000 -3.659437
14 49 0.000000 -3.658761
14 50 0.000000 -3.712668
14 51 0.000000 -3.773136
14 52 0.000000 -3.822669
15 11 54.442499 1.000000
15 12 44.701498 1.000000
15 13 39.287919 1.000000
15 14 44.501323 1.000000
15 15 50.501840 1.000000
15 16 56.178843 1.000000
15 17 59.253487 1.000000
15 18 58.509487 1.000000
15 19 51.305944 1.000000
15 20 44.194115 0.797085
15 21 43.555739 0.286975
15 22 60.502771 -0.103048
15 23 84.540286 -0.294137
15 24 92.907541 -0.443183
15 25 97.985521 -0.573408
15 26 104.546514 -0.679867
15 27 94.190072 -0.768420
15 28 64.275303 -0.864137
15 29 32.926238 -1.011458
15 30 4.665065 -1.238748
15 31 0.000000 -1.392556
15 32 0.000000 -1.528364
15 33 0.000000 -1.650929
15 34 0.000000 -1.791864
15 35 0.000000 -1.953400
15 36 0.000000 -2.176940
15 37 0.000000 -2.391277
15 38 0.000000 -2.545844
15 39 0.000000 -2.692023
15 40 0.000000 -2.840751
15 41 0.000000 -2.960465
15 42 0.000000 -3.050189
15 43 0.000000 -3.126845
15 44 0.000000 -3.218621
15 45 0.000000 -3.353130
15 46 0.000000 -3.505086
15 47 0.000000 -3.579981
15 48 0.000000 -3.570759
15 49 0.000000 -3.577764
16 11 41.052178 1.000000
16 12 39.386223 1.000000
16 13 40.504237 1.000000
16 14 44.792477 1.000000
16 15 47.436659 1.000000
16 16 49.980548 1.000000
16 17 52.491022 1.000000
16 18 51.916655 1.000000
16 19 45.698751 1.000000
16 20 41.568593 0.671691
16 21 44.432463 0.174092
16 22 62.503778 -0.173521
16 23 85.313182 -0.376079
16 24 105.240082 -0.517507
16 25 120.997327 -0.626185
16 26 130.995380 -0.713090
16 27 125.006725 -0.789491
16 28 101.783312 -0.869549
16 29 78.388543 -0.970034
16 30 65.597752 -1.090998
16 31 61.792361 -1.210948
16 32 61.422436 -1.332729
16 33 61.921660 -1.456548
16 34 58.918413 -1.595400
16 35 52.149780 -1.768175
16 36 49.713939 -1.982585
16 37 52.854590 -2.189339
16 38 39.532544 -2.404524
16 39 0.000000 -2.740197
16 40 0.000000 -2.874026
16 41 0.000000 -2.979962
16 42 0.000000 -3.050474
16 43 0.000000 -3.124590
16 44 0.000000 -3.205601
16 45 0.000000 -3.286412
16 46 0.000000 -3.362216
16 47 0.000000 -3.404935
16 48 0.000000 -3.419163
17 11 66.147416 1.000000
17 12 38.354125 1.000000
17 13 33.301782 1.000000
17 14 42.685617 1.000000
17 15 45.221285 1.000000
17 16 46.057957 1.000000
17 17 47.765406 1.000000
17 18 46.715007 1.000000
17 19 43.964487 0.980252
17 20 43.126986 0.549999
17 21 51.558654 0.152054
17 22 60.527489 -0.177224
17 23 77.177584 -0.425425
17 24 107.707557 -0.572405
17 25 134.900784 -0.669456
17 26 150.540893 -0.746243
17 27 153.365885 -0.815643
17 28 142.903336 -0.886843
17 29 127.214521 -0.968719
17 30 115.857065 -1.064973
17 31 110.035755 -1.173030
17 32 108.511882 -1.289629
17 33 106.758023 -1.409991
17 34 97.499866 -1.541766
17 35 85.067842 -1.701923
17 36 78.718295 -1.889447
17 37 72.337590 -2.077484
17 38 51.707801 -2.270686
17 39 11.611003 -2.562427
17 40 0.000000 -2.725537
17 41 0.000000 -2.806231
17 42 0.000000 -2.877860
17 43 0.000000 -2.999203
17 44 0.000000 -3.129529
17 45 0.000000 -3.209938
17 46 0.000000 -3.264944
17 47 0.000000 -3.286061
17 48 0.000000 -3.276689
18 12 74.181047 1.000000
18 13 54.450122 1.000000
18 14 38.397981 1.000000
18 15 42.137249 1.000000
18 16 45.377759 1.000000
18 17 47.586844 1.000000
18 18 47.809622 1.000000
18 19 47.578989 0.871631
18 20 53.410017 0.518691
18 21 58.565955 0.201438
18 22 57.576249 -0.132263
18 23 69.595879 -0.443380
18 24 107.165376 -0.603939
18 25 140.991656 -0.697851
18 26 162.525315 -0.769942
18 27 173.406141 -0.833938
18 28 172.553845 -0.897832
18 29 162.493038 -0.968408
18 30 148.756666 -1.050837
18 31 135.410541 -1.148189
18 32 126.501719 -1.259040
18 33 118.554964 -1.376837
18 34 103.221009 -1.505303
18 35 85.465036 -1.660455
18 36 71.101077 -1.846961
18 37 51.016132 -2.055366
18 38 12.160659 -2.321734
18 39 0.000000 -2.405380
18 40 0.000000 -2.467529
18 41 0.000000 -2.603861
18 42 0.000000 -2.722474
19 13 97.627395 1.000000
19 14 82.733838 1.000000
19 15 63.826187 1.000000
19 16 55.026932 1.000000
19 17 53.046023 1.000000
19 18 53.621498 1.000000
19 19 57.121352 0.850422
19 20 64.358626 0.566717
19 21 61.415631 0.280628
19 22 54.895960 -0.071808
19 23 65.537170 -0.436746
19 24 104.911465 -0.613593
19 25 140.106616 -0.711186
19 26 166.546459 -0.781608
19 27 182.431483 -0.840501
19 28 183.482787 -0.897062
19 29 170.294437 -0.958659
19 30 147.799559 -1.032140
19 31 124.209835 -1.124014
19 32 106.904138 -1.236121
19 33 92.467416 -1.360030
19 34 72.901539 -1.498116
19 35 52.286044 -1.671483
19 36 35.968094 -1.895237
19 37 0.000000 -2.221949
19 38 0.000000 -2.240610
19 39 0.000000 -2.209719
19 40 0.000000 -2.217794
20 14 135.703264 1.000000
20 15 118.368792 1.000000
20 16 89.897277 1.000000
20 17 66.810944 1.000000
20 18 58.953439 1.000000
20 19 63.714347 0.908613
20 20 67.532729 0.645869
20 21 59.667685 0.363627
20 22 52.287235 -0.006206
20 23 60.015236 -0.409299
20 24 95.481510 -0.611846
20 25 131.065599 -0.716170
20 26 161.853333 -0.785234
20 27 181.591161 -0.838547
20 28 179.507936 -0.887549
20 29 153.906774 -0.942012
20 30 119.630783 -1.011831
20 31 90.087302 -1.107291
20 32 69.297443 -1.233829
20 33 55.759546 -1.375627
20 34 32.332486 -1.558357
20 35 0.000000 -1.789169
21 15 171.651118 1.000000
21 16 137.548746 1.000000
21 17 90.744707 1.000000
21 18 63.789274 1.000000
21 19 60.570190 1.000000
21 20 61.334197 0.735698
21 21 54.066804 0.441345
21 22 48.503392 0.069786
21 23 49.335351 -0.361696
21 24 77.136941 -0.609935
21 25 115.959936 -0.719723
21 26 151.016649 -0.784103
21 27 172.592391 -0.830328
21 28 166.126535 -0.872641
21 29 128.859523 -0.921945
21 30 88.835178 -0.993420
21 31 59.723251 -1.105828
21 32 30.907591 -1.282352
22 16 170.397520 1.000000
22 17 119.007330 1.000000
22 18 73.340805 1.000000
22 19 53.695779 1.000000
22 20 48.485621 0.845342
22 21 43.250669 0.531124
22 22 39.656674 0.150444
22 23 36.283937 -0.302584
22 24 55.256985 -0.612863
22 25 99.459889 -0.719598
22 26 137.659964 -0.772483
22 27 156.065625 -0.810508
22 28 144.091270 -0.849194
22 29 103.856251 -0.896419
22 30 65.102891 -0.972442
23 17 133.129491 1.000000
23 18 85.511172 1.000000
23 19 55.351769 1.000000
23 20 46.444346 0.955901
23 21 38.437066 0.649941
23 22 34.106855 0.239654
23 23 34.021664 -0.213703
23 24 44.094187 -0.569827
23 25 86.538045 -0.684978
23 26 124.233358 -0.733680
23 27 135.718695 -0.770881
23 28 116.511524 -0.811277
23 29 78.353365 -0.865949
23 30 39.918570 -0.978965
24 19 58.380730 0.980769
24 20 52.475043 0.909049
24 21 38.655295 0.684336
24 22 33.164810 0.274546
24 23 38.894308 -0.143105
24 24 49.738193 -0.449685
24 25 78.368500 -0.607248
24 26 111.654701 -0.672694
24 27 119.095584 -0.713629
24 28 96.570957 -0.755036
24 29 61.824419 -0.819974
24 30 21.838831 -0.978259
25 19 104.393084 0.870589
25 20 73.474808 0.827904
25 21 47.100902 0.676075
25 22 39.614330 0.325233
25 23 46.468162 -0.028803
25 24 53.066744 -0.308749
25 25 67.915461 -0.512060
25 26 96.972493 -0.598680
25 27 106.914432 -0.642248
25 28 89.328570 -0.682239
25 29 60.095346 -0.746729
25 30 24.309293 -0.887340
26 19 136.017744 0.832325
26 20 97.697691 0.779509
26 21 62.992050 0.670572
26 22 49.151320 0.422303
26 23 47.895505 0.120424
26 24 47.643993 -0.151160
26 25 51.979008 -0.392194
26 26 78.534642 -0.502211
26 27 95.216244 -0.555588
26 28 85.725005 -0.601138
26 29 62.090164 -0.665878
26 30 31.974623 -0.783773
27 20 108.218239 0.727296
27 21 76.133762 0.647845
27 22 57.276320 0.471740
27 23 51.839773 0.230435
27 24 50.681841 0.006038
27 25 52.187706 -0.207381
27 26 69.228640 -0.363121
27 27 86.381982 -0.452505
27 28 81.926963 -0.516582
27 29 62.711877 -0.590960
27 30 38.090959 -0.703037
28 21 73.289633 0.575786
28 22 63.154160 0.455788
28 23 61.938037 0.271541
28 24 65.602904 0.108592
28 25 65.113838 -0.056807
28 26 69.833841 -0.221198
28 27 77.705175 -0.349300
28 28 75.338030 -0.442975
28 29 61.480127 -0.538554
28 30 41.352884 -0.654113
29 21 74.762221 0.550661
29 22 68.377422 0.450068
29 23 73.549582 0.312511
29 24 80.757400 0.190645
29 25 74.779283 0.059664
29 26 66.066540 -0.093925
29 27 60.836768 -0.257041
29 28 58.245889 -0.399976
29 29 51.915539 -0.527041
29 30 37.392783 -0.652577
30 21 87.939150 0.561809
30 22 78.403769 0.488925
30 23 81.763574 0.384460
30 24 83.076167 0.281893
30 25 66.414697 0.173312
30 26 47.774618 0.022590
30 27 38.546842 -0.193006
30 28 38.995261 -0.401480
30 29 37.794267 -0.538946
31 21 114.692687 0.591832
31 22 94.830630 0.550699
31 23 81.229426 0.476330
31 24 65.495781 0.389482
31 25 44.860914 0.316007
31 26 30.135851 0.191764
32 21 151.013028 0.625115
32 22 113.798789 0.610841
32 23 73.316630 0.581207
32 24 41.070192 0.557797
32 25 33.586015 0.624574
33 21 176.576929 0.646515
33 22 127.159502 0.649500
33 23 70.977655 0.672582
33 24 39.662155 0.771733
33 25 32.845969 0.922606
