10 18 48.162938 0.406130
10 19 47.145206 0.358670
10 20 45.433610 0.311260
10 21 42.564041 0.299834
10 22 39.570365 0.308380
11 18 43.992421 0.292111
11 19 43.065541 0.228434
11 20 44.075152 0.162794
11 21 41.834579 0.143608
11 22 40.204853 0.148798
12 14 81.803756 0.448988
12 15 64.728519 0.390309
12 16 54.144235 0.296388
12 17 47.214442 0.201286
12 18 44.927158 0.135856
12 19 46.297561 0.054917
12 20 51.246167 -0.006419
12 21 46.801475 -0.035977
12 22 39.562532 -0.048561
12 23 27.808398 -0.123672
13 13 106.081626 0.490483
13 14 81.186982 0.444346
13 15 63.086212 0.346225
13 16 58.156525 0.223396
13 17 53.674923 0.108615
13 18 49.980468 0.005948
13 19 52.858347 -0.084109
13 20 57.588881 -0.144203
13 21 50.304269 -0.190661
13 22 36.043066 -0.236056
13 23 15.248979 -0.342748
13 24 0.000000 -0.445756
13 25 0.000000 -0.474338
13 26 0.000000 -0.527252
13 27 0.000000 -0.613115
13 28 0.000000 -0.717785
13 29 0.000000 -0.830488
13 30 0.000000 -0.936235
13 31 0.000000 -1.018523
13 32 0.000000 -1.046834
14 13 96.263503 0.500030
14 14 71.840381 0.432347
14 15 59.906885 0.287181
14 16 65.781304 0.145459
14 17 66.226100 0.030313
14 18 61.053606 -0.079717
14 19 60.595849 -0.183714
14 20 62.506012 -0.259023
14 21 53.988529 -0.327194
14 22 35.383538 -0.420734
14 23 0.000000 -0.610850
14 24 0.000000 -0.624686
14 25 0.000000 -0.645934
14 26 0.000000 -0.694566
14 27 0.000000 -0.758269
14 28 0.000000 -0.825172
14 29 0.000000 -0.885371
14 30 0.000000 -0.938090
14 31 0.000000 -0.997232
14 32 0.000000 -1.035866
14 33 0.000000 -1.035293
14 34 0.000000 -1.030606
15 12 117.238799 0.600366
15 13 82.948154 0.545721
15 14 58.402825 0.422113
15 15 55.367222 0.224804
15 16 68.275377 0.073816
15 17 72.957653 -0.041642
15 18 70.902884 -0.151180
15 19 71.661203 -0.254368
15 20 72.382271 -0.338672
15 21 63.662736 -0.418004
15 22 46.598776 -0.518870
15 23 18.228389 -0.686070
15 24 0.000000 -0.809890
15 25 0.000000 -0.851906
15 26 0.000000 -0.903630
15 27 0.000000 -0.948936
15 28 0.000000 -0.982582
15 29 0.000000 -1.004113
15 30 0.000000 -1.017940
15 31 0.000000 -1.050379
15 32 0.000000 -1.094324
15 33 0.000000 -1.115651
15 34 0.000000 -1.115978
15 35 0.000000 -1.114216
16 11 122.874084 0.687556
16 12 90.979768 0.641765
16 13 60.731361 0.564061
16 14 46.481691 0.379415
16 15 52.250468 0.154850
16 16 67.010777 0.004804
16 17 74.425001 -0.111773
16 18 77.712001 -0.217278
16 19 80.791463 -0.312371
16 20 80.733233 -0.396108
16 21 71.920385 -0.479024
16 22 56.565765 -0.578109
16 23 33.140115 -0.721334
16 24 0.000000 -0.925053
16 25 0.000000 -0.979684
16 26 0.000000 -1.034287
16 27 0.000000 -1.076126
16 28 0.000000 -1.112860
16 29 0.000000 -1.145418
16 30 0.000000 -1.173526
16 31 0.000000 -1.209205
16 32 0.000000 -1.246835
16 33 0.000000 -1.261075
16 34 0.000000 -1.236783
16 35 0.000000 -1.200004
16 36 0.000000 -1.175868
16 37 0.000000 -1.172347
17 11 79.161767 0.721383
17 12 59.729350 0.685851
17 13 44.341610 0.552504
17 14 42.179157 0.310781
17 15 52.573606 0.096707
17 16 63.985347 -0.057176
17 17 74.117956 -0.177373
17 18 82.091614 -0.276779
17 19 85.446130 -0.364741
17 20 83.658197 -0.447538
17 21 75.234242 -0.533014
17 22 61.966168 -0.632018
17 23 42.112759 -0.763063
17 24 7.599609 -0.975132
17 25 0.000000 -1.069862
17 26 0.000000 -1.122502
17 27 0.000000 -1.162297
17 28 0.000000 -1.209443
17 29 0.000000 -1.262897
17 30 0.000000 -1.321418
17 31 0.000000 -1.385760
17 32 0.000000 -1.431260
17 33 0.000000 -1.443737
17 34 0.000000 -1.419272
17 35 0.000000 -1.361817
17 36 0.000000 -1.307387
17 37 0.000000 -1.291267
17 38 0.000000 -1.309360
17 39 0.000000 -1.317807
17 40 0.000000 -1.308597
18 11 54.731023 0.818842
18 12 47.797900 0.736727
18 13 41.675177 0.518038
18 14 47.199075 0.271987
18 15 54.583616 0.066939
18 16 62.030573 -0.103278
18 17 75.391969 -0.229896
18 18 85.585304 -0.325906
18 19 87.737151 -0.411973
18 20 85.320957 -0.496618
18 21 78.482359 -0.584455
18 22 67.279634 -0.682778
18 23 51.100458 -0.803240
18 24 25.573491 -0.975999
18 25 0.000000 -1.160439
18 26 0.000000 -1.213668
18 27 0.000000 -1.258796
18 28 0.000000 -1.307570
18 29 0.000000 -1.360503
18 30 0.000000 -1.426187
18 31 0.000000 -1.505901
18 32 0.000000 -1.570619
18 33 0.000000 -1.614878
18 34 0.000000 -1.638690
18 35 0.000000 -1.605698
18 36 0.000000 -1.540679
18 37 0.000000 -1.495205
18 38 0.000000 -1.463764
18 39 0.000000 -1.441441
18 40 0.000000 -1.426057
18 41 0.000000 -1.407273
18 42 0.000000 -1.392739
19 11 52.607782 0.880692
19 12 46.063628 0.751986
19 13 44.096870 0.507643
19 14 50.613831 0.263779
19 15 55.513893 0.050479
19 16 63.469050 -0.132705
19 17 78.730852 -0.263047
19 18 88.219032 -0.360847
19 19 89.411345 -0.450455
19 20 88.112765 -0.539125
19 21 83.559566 -0.628902
19 22 74.601509 -0.726059
19 23 61.677693 -0.838932
19 24 43.926705 -0.980259
19 25 15.046940 -1.182699
19 26 0.000000 -1.319947
19 27 0.000000 -1.384516
19 28 0.000000 -1.435235
19 29 0.000000 -1.472731
19 30 0.000000 -1.525863
19 31 0.000000 -1.599330
19 32 0.000000 -1.663332
19 33 0.000000 -1.719056
19 34 0.000000 -1.778400
19 35 0.000000 -1.791670
19 36 0.000000 -1.756367
19 37 0.000000 -1.723447
19 38 0.000000 -1.689490
19 39 0.000000 -1.653753
19 40 0.000000 -1.615402
19 41 0.000000 -1.563603
19 42 0.000000 -1.519340
19 43 0.000000 -1.495582
20 11 61.431902 0.881030
20 12 51.230462 0.767982
20 13 44.932055 0.541453
20 14 47.759500 0.275993
20 15 54.548745 0.040054
20 16 65.287773 -0.149016
20 17 80.704095 -0.281454
20 18 88.568326 -0.383586
20 19 89.109770 -0.479113
20 20 89.429069 -0.572653
20 21 86.670000 -0.664763
20 22 80.003560 -0.762223
20 23 70.912321 -0.870586
20 24 57.752538 -0.994937
20 25 37.686138 -1.152502
20 26 5.465613 -1.385840
20 27 0.000000 -1.496645
20 28 0.000000 -1.553340
20 29 0.000000 -1.584531
20 30 0.000000 -1.629178
20 31 0.000000 -1.689280
20 32 0.000000 -1.739236
20 33 0.000000 -1.786015
20 34 0.000000 -1.839460
20 35 0.000000 -1.864382
20 36 0.000000 -1.862575
20 37 0.000000 -1.871891
20 38 0.000000 -1.874969
20 39 0.000000 -1.858808
20 40 0.000000 -1.832191
20 41 0.000000 -1.788153
20 42 0.000000 -1.712407
20 43 0.000000 -1.617592
20 44 0.000000 -1.555073
21 11 75.983778 0.873100
21 12 59.960004 0.786460
21 13 45.441377 0.602584
21 14 42.283864 0.319728
21 15 49.938704 0.050987
21 16 61.809754 -0.151699
21 17 76.992461 -0.291415
21 18 84.190589 -0.399653
21 19 83.892191 -0.501705
21 20 84.687840 -0.600722
21 21 82.809126 -0.696001
21 22 77.106446 -0.795478
21 23 70.076931 -0.903870
21 24 59.020069 -1.023970
21 25 41.477919 -1.171061
21 26 15.019420 -1.380392
21 27 0.000000 -1.542899
21 28 0.000000 -1.601332
21 29 0.000000 -1.637458
21 30 0.000000 -1.680864
21 31 0.000000 -1.730940
21 32 0.000000 -1.786945
21 33 0.000000 -1.849708
21 34 0.000000 -1.891727
21 35 0.000000 -1.890975
21 36 0.000000 -1.890561
21 37 0.000000 -1.928567
21 38 0.000000 -1.959606
21 39 0.000000 -1.960859
21 40 0.000000 -1.958493
21 41 0.000000 -1.947159
21 42 0.000000 -1.893246
21 43 0.000000 -1.774042
21 44 0.000000 -1.651765
21 45 0.000000 -1.583601
22 12 61.618046 0.780970
22 13 46.630160 0.660827
22 14 38.113901 0.407563
22 15 40.932432 0.106869
22 16 50.358486 -0.132868
22 17 64.004966 -0.292743
22 18 71.036154 -0.413907
22 19 71.046692 -0.526107
22 20 71.480065 -0.631688
22 21 69.398860 -0.731055
22 22 62.610096 -0.834533
22 23 53.941003 -0.948960
22 24 42.677634 -1.076134
22 25 23.643315 -1.236831
22 26 0.000000 -1.427737
22 27 0.000000 -1.504222
22 28 0.000000 -1.561785
22 29 0.000000 -1.610027
22 30 0.000000 -1.658669
22 31 0.000000 -1.708743
22 32 0.000000 -1.778041
22 33 0.000000 -1.853262
22 34 0.000000 -1.883557
22 35 0.000000 -1.861162
22 36 0.000000 -1.861942
22 37 0.000000 -1.920303
22 38 0.000000 -1.963072
22 39 0.000000 -1.965886
22 40 0.000000 -1.977101
22 41 0.000000 -2.003000
22 42 0.000000 -2.004829
22 43 0.000000 -1.931865
22 44 0.000000 -1.791055
22 45 0.000000 -1.664185
22 46 0.000000 -1.597370
23 13 45.284897 0.693604
23 14 37.627081 0.528330
23 15 32.172088 0.236411
23 16 34.906886 -0.068400
23 17 44.503671 -0.270685
23 18 47.459916 -0.424343
23 19 45.534177 -0.564153
23 20 44.725254 -0.683086
23 21 40.970105 -0.790823
23 22 31.228837 -0.909051
23 23 17.228447 -1.051261
23 24 6.962403 -1.177752
23 25 16.903274 -1.189886
23 26 0.000000 -1.326266
23 27 0.000000 -1.385847
23 28 0.000000 -1.454128
23 29 0.000000 -1.527080
23 30 0.000000 -1.593157
23 31 0.000000 -1.651238
23 32 0.000000 -1.713348
23 33 0.000000 -1.768536
23 34 0.000000 -1.786703
23 35 0.000000 -1.767572
23 36 0.000000 -1.778210
23 37 0.000000 -1.845397
23 38 0.000000 -1.898928
23 39 0.000000 -1.919285
23 40 0.000000 -1.949908
23 41 0.000000 -2.003555
23 42 0.000000 -2.050946
23 43 0.000000 -2.038987
23 44 0.000000 -1.939028
23 45 0.000000 -1.790195
23 46 0.000000 -1.694060
24 14 34.506675 0.603565
24 15 31.064624 0.370860
24 16 31.777076 0.079245
24 17 30.849810 -0.164614
24 18 18.206096 -0.408610
24 19 0.000000 -0.640121
24 20 0.000000 -0.765481
24 21 0.000000 -0.857619
24 22 0.000000 -0.928716
24 23 0.000000 -1.009071
24 24 30.427133 -0.938138
24 25 40.566053 -0.941307
24 26 28.835234 -1.031962
24 27 0.000000 -1.226304
24 28 0.000000 -1.309137
24 29 0.000000 -1.406200
24 30 0.000000 -1.492232
24 31 0.000000 -1.560061
24 32 0.000000 -1.613124
24 33 0.000000 -1.650176
24 34 0.000000 -1.663440
24 35 0.000000 -1.651021
24 36 0.000000 -1.661681
24 37 0.000000 -1.721309
24 38 0.000000 -1.781101
24 39 0.000000 -1.831817
24 40 0.000000 -1.905375
24 41 0.000000 -1.999263
24 42 0.000000 -2.075554
24 43 0.000000 -2.098952
24 44 0.000000 -2.043824
24 45 0.000000 -1.909850
24 46 0.000000 -1.792100
25 16 27.349635 0.194475
25 17 25.252291 0.025918
25 18 17.082355 -0.179989
25 19 0.000000 -0.419002
25 20 0.000000 -0.556751
25 21 0.000000 -0.662689
25 22 0.000000 -0.740265
25 23 13.171375 -0.761394
25 24 43.795664 -0.697627
25 25 49.669069 -0.722225
25 26 42.827137 -0.787216
25 27 27.633156 -0.915500
25 28 0.000000 -1.134502
25 29 0.000000 -1.226907
25 30 0.000000 -1.315543
25 31 0.000000 -1.393416
25 32 0.000000 -1.453012
25 33 0.000000 -1.489336
25 34 0.000000 -1.499920
25 35 0.000000 -1.482358
25 36 0.000000 -1.484976
25 37 0.000000 -1.542092
25 38 0.000000 -1.620739
25 39 0.000000 -1.716118
25 40 0.000000 -1.853827
25 41 0.000000 -2.009417
25 42 0.000000 -2.116426
25 43 0.000000 -2.152023
25 44 0.000000 -2.109650
25 45 0.000000 -1.980720
25 46 0.000000 -1.834674
25 47 0.000000 -1.741045
26 17 28.107273 0.219593
26 18 26.145325 0.063949
26 19 15.646253 -0.158839
26 20 0.000000 -0.384983
26 21 0.000000 -0.482302
26 22 12.188251 -0.464806
26 23 32.667249 -0.445707
26 24 50.706051 -0.474642
26 25 56.406964 -0.519721
26 26 50.830911 -0.585817
26 27 39.970188 -0.692073
26 28 9.414806 -0.909960
26 29 0.000000 -1.019750
26 30 0.000000 -1.088284
26 31 0.000000 -1.167380
26 32 0.000000 -1.236573
26 33 0.000000 -1.275875
26 34 0.000000 -1.275245
26 35 0.000000 -1.243388
26 36 0.000000 -1.238971
26 37 0.000000 -1.313227
26 38 0.000000 -1.457596
26 39 0.000000 -1.638996
26 40 0.000000 -1.842925
26 41 0.000000 -2.042034
26 42 0.000000 -2.167984
26 43 0.000000 -2.201633
26 44 0.000000 -2.151317
26 45 0.000000 -2.023708
26 46 0.000000 -1.874834
26 47 0.000000 -1.780157
27 22 30.162480 -0.104852
27 23 42.029602 -0.189855
27 24 57.109887 -0.275855
27 25 63.761982 -0.346676
27 26 59.030279 -0.420124
27 27 48.130713 -0.521577
27 28 26.978786 -0.677031
27 29 0.000000 -0.848189
27 30 0.000000 -0.890589
27 31 0.000000 -0.952112
27 32 0.000000 -1.012744
27 33 0.000000 -1.038190
27 34 0.000000 -1.005586
27 35 0.000000 -0.976176
27 36 0.000000 -1.024601
27 37 0.000000 -1.160180
27 38 0.000000 -1.408011
27 39 0.000000 -1.683486
27 40 0.000000 -1.908048
27 41 0.000000 -2.101890
27 42 0.000000 -2.221045
27 43 0.000000 -2.239749
27 44 0.000000 -2.173374
27 45 0.000000 -2.055178
27 46 0.000000 -1.919422
27 47 0.000000 -1.822985
28 21 36.655972 0.333334
28 22 39.790880 0.130451
28 23 54.713075 -0.000095
28 24 64.554987 -0.110323
28 25 68.185570 -0.200336
28 26 62.826562 -0.283568
28 27 49.706212 -0.385122
28 28 26.592564 -0.531880
28 29 0.000000 -0.695057
28 30 0.000000 -0.753534
28 31 0.000000 -0.820270
28 32 0.000000 -0.859395
28 33 0.000000 -0.857276
28 34 0.000000 -0.793426
28 35 0.000000 -0.754003
28 39 0.000000 -1.809097
28 40 0.000000 -1.993226
28 41 0.000000 -2.152786
28 42 0.000000 -2.265943
28 43 0.000000 -2.279726
28 44 0.000000 -2.199668
28 45 0.000000 -2.086520
28 46 0.000000 -1.964945
28 47 0.000000 -1.855938
29 19 44.307660 0.756387
29 20 43.520975 0.599239
29 21 47.784117 0.397615
29 22 59.692300 0.242111
29 23 71.442188 0.122850
29 24 73.200217 0.018423
29 25 70.572599 -0.075213
29 26 61.065132 -0.161775
29 27 41.062060 -0.262215
29 28 6.999462 -0.445599
29 29 0.000000 -0.531743
29 40 0.000000 -2.064614
29 41 0.000000 -2.180822
29 42 0.000000 -2.304495
29 43 0.000000 -2.336102
29 44 0.000000 -2.256709
29 45 0.000000 -2.139041
29 46 0.000000 -2.040321
30 18 65.331406 0.791798
30 19 61.306034 0.708703
30 20 61.333553 0.571663
30 21 69.998031 0.430359
30 22 80.397843 0.312863
30 23 82.483095 0.210776
30 24 76.951288 0.116689
30 25 68.877898 0.029118
30 26 53.141889 -0.046817
30 27 30.771386 -0.121893
30 28 3.341214 -0.266989
30 40 0.000000 -2.127080
30 41 0.000000 -2.215250
30 42 0.000000 -2.348593
30 43 0.000000 -2.409428
30 44 0.000000 -2.345918
30 45 0.000000 -2.212833
30 46 0.000000 -2.112787
31 18 76.410636 0.764404
31 19 76.253974 0.686203
31 20 79.292386 0.579819
31 21 82.461542 0.472929
31 22 83.112593 0.372810
31 23 77.116043 0.281066
31 24 66.529607 0.196348
31 25 52.900387 0.121406
31 26 39.317701 0.081421
31 27 30.325077 0.061850
31 40 0.000000 -2.202316
31 41 0.000000 -2.278123
31 42 0.000000 -2.397767
31 43 0.000000 -2.476211
31 44 0.000000 -2.437691
31 45 0.000000 -2.287233
31 46 0.000000 -2.152114
32 18 79.607171 0.763614
32 19 77.440035 0.694369
32 20 77.051243 0.600159
32 21 76.359691 0.505421
32 22 74.171704 0.415652
32 23 67.709795 0.337736
32 24 57.127447 0.275088
32 25 44.797888 0.244202
32 26 37.796387 0.253553
32 40 0.000000 -2.285771
32 41 0.000000 -2.364196
32 42 0.000000 -2.459364
32 43 0.000000 -2.530211
32 44 0.000000 -2.505289
32 45 0.000000 -2.361109
32 46 0.000000 -2.198858
33 41 0.000000 -2.459848
33 42 0.000000 -2.543671
33 43 0.000000 -2.596841
33 44 0.000000 -2.566082
33 45 0.000000 -2.445810
34 42 0.000000 -2.622858
34 43 0.000000 -2.653063
34 44 0.000000 -2.626358
