11 24 0.000000 -0.923082
11 25 0.000000 -1.165005
11 26 0.000000 -1.384106
11 27 0.000000 -1.464403
12 17 36.238975 1.000000
12 18 33.236233 0.894944
12 19 39.702403 0.534572
12 21 0.000000 -0.767328
12 22 0.000000 -0.882417
12 23 0.000000 -1.001920
12 24 0.000000 -1.178009
12 25 0.000000 -1.445261
12 26 0.000000 -1.665645
12 27 0.000000 -1.730781
12 28 0.000000 -1.728547
13 16 41.570925 1.000000
13 17 37.838730 0.874348
13 18 30.418132 0.482482
13 19 33.699936 0.052497
13 20 22.952740 -0.527477
13 21 0.000000 -1.027891
13 22 0.000000 -1.183009
13 23 0.000000 -1.341478
13 24 0.000000 -1.553644
13 25 0.000000 -1.840041
13 26 0.000000 -2.067132
13 27 0.000000 -2.091336
13 28 0.000000 -2.035955
14 15 46.299647 0.915053
14 16 42.160271 0.727213
14 17 38.163822 0.403513
14 18 34.088851 -0.034533
14 19 37.123199 -0.459649
14 20 24.236586 -0.962183
14 21 0.000000 -1.431496
14 22 0.000000 -1.618282
14 23 0.000000 -1.797421
14 24 0.000000 -2.000143
14 25 0.000000 -2.260188
14 26 0.000000 -2.471119
14 27 0.000000 -2.470090
14 28 0.000000 -2.363505
14 29 0.000000 -2.313676
15 15 41.396090 0.674511
15 16 36.801136 0.316413
15 17 36.657097 -0.089842
15 18 28.743623 -0.568178
15 19 31.129993 -0.965525
15 20 0.000000 -1.566014
15 21 0.000000 -1.798706
15 22 0.000000 -1.975095
15 23 0.000000 -2.188513
15 24 0.000000 -2.432826
15 25 0.000000 -2.683833
15 26 0.000000 -2.846785
15 27 0.000000 -2.822663
15 28 0.000000 -2.687468
15 29 0.000000 -2.584971
15 30 0.000000 -2.589367
16 12 37.607163 1.000000
16 13 33.468005 1.000000
16 14 34.361268 1.000000
16 15 43.643411 0.548407
16 16 44.786219 0.029273
16 17 46.087723 -0.429433
16 18 40.693163 -0.860172
16 19 16.951341 -1.389108
16 20 0.000000 -1.824204
16 21 0.000000 -2.054737
16 22 0.000000 -2.255551
16 23 0.000000 -2.500586
16 24 0.000000 -2.776436
16 25 0.000000 -3.022945
16 26 0.000000 -3.172816
16 27 0.000000 -3.189917
16 28 0.000000 -3.103752
16 29 0.000000 -2.961902
16 30 0.000000 -2.870436
16 31 0.000000 -2.865606
17 12 38.227916 1.000000
17 13 35.026825 1.000000
17 14 33.115493 1.000000
17 15 38.031284 0.407230
17 16 45.895177 -0.200769
17 17 53.243084 -0.651708
17 18 51.022808 -1.031061
17 19 32.325287 -1.470778
17 20 0.000000 -2.012613
17 21 0.000000 -2.267271
17 22 0.000000 -2.501597
17 23 0.000000 -2.761575
17 24 0.000000 -3.026089
17 25 0.000000 -3.245575
17 26 0.000000 -3.412553
17 27 0.000000 -3.506601
17 28 0.000000 -3.475485
17 29 0.000000 -3.315361
17 30 0.000000 -3.140182
17 31 0.000000 -3.106836
18 12 44.310937 1.000000
18 13 39.039545 1.000000
18 14 34.716598 1.000000
18 15 36.729198 0.347651
18 16 42.233074 -0.340853
18 17 51.525673 -0.830261
18 18 51.944431 -1.203602
18 19 32.771568 -1.628170
18 20 0.000000 -2.160337
18 21 0.000000 -2.436470
18 22 0.000000 -2.700124
18 23 0.000000 -2.949688
18 24 0.000000 -3.162988
18 25 0.000000 -3.328568
18 26 0.000000 -3.477609
18 27 0.000000 -3.593794
18 28 0.000000 -3.596864
18 29 0.000000 -3.459106
18 30 0.000000 -3.295015
18 31 0.000000 -3.315864
18 32 0.000000 -3.540268
19 12 78.835256 1.000000
19 13 56.674807 1.000000
19 14 42.128855 1.000000
19 15 37.438623 0.382984
19 16 39.115755 -0.395052
19 17 47.134710 -0.977489
19 18 51.413080 -1.364243
19 19 28.823889 -1.793236
19 20 0.000000 -2.255923
19 21 0.000000 -2.543781
19 22 0.000000 -2.838073
19 23 0.000000 -3.067853
19 24 0.000000 -3.218477
19 25 0.000000 -3.329578
19 26 0.000000 -3.431040
19 27 0.000000 -3.503021
19 28 0.000000 -3.512346
19 29 0.000000 -3.438053
19 30 0.000000 -3.351900
19 31 0.000000 -3.428848
19 32 0.000000 -3.699299
19 33 0.000000 -3.971244
20 13 58.563819 1.000000
20 14 43.697008 1.000000
20 15 34.794710 0.370815
20 16 35.021516 -0.444090
20 17 40.136277 -1.103843
20 18 46.914365 -1.508669
20 19 29.450395 -1.886442
20 20 19.734456 -2.168520
20 21 34.318332 -2.336999
20 22 47.382404 -2.532461
20 23 41.112864 -2.801650
20 24 0.000000 -3.242425
20 25 0.000000 -3.304004
20 26 0.000000 -3.354051
20 27 0.000000 -3.366498
20 28 0.000000 -3.361981
20 29 0.000000 -3.353232
20 30 0.000000 -3.359485
20 31 0.000000 -3.486885
20 32 0.000000 -3.780111
20 33 0.000000 -4.035273
21 13 63.085428 1.000000
21 14 45.602338 0.898182
21 15 36.213431 0.286498
21 16 36.706573 -0.480254
21 17 38.632880 -1.142526
21 18 50.081403 -1.516588
21 19 62.475400 -1.671461
21 20 64.479826 -1.859512
21 21 70.619648 -2.069844
21 22 74.786319 -2.296276
21 23 67.512817 -2.543418
21 24 38.987500 -2.854444
21 25 0.000000 -3.185712
21 26 0.000000 -3.186644
21 27 0.000000 -3.161283
21 28 0.000000 -3.165511
21 29 0.000000 -3.227385
21 30 0.000000 -3.334199
21 31 0.000000 -3.524741
21 32 0.000000 -3.789315
21 33 0.000000 -4.021644
22 14 39.832026 0.617409
22 15 35.058787 0.106694
22 16 36.380051 -0.560540
22 17 37.453139 -1.152117
22 18 68.847754 -1.333867
22 19 83.959650 -1.478252
22 20 86.406030 -1.661717
22 21 87.120807 -1.874172
22 22 82.598244 -2.104748
22 23 63.884647 -2.364077
22 24 21.667845 -2.730871
22 25 0.000000 -2.907468
22 26 0.000000 -2.885761
22 27 0.000000 -2.867199
22 28 0.000000 -2.935409
22 29 0.000000 -3.078995
22 30 0.000000 -3.258759
22 31 0.000000 -3.483153
22 32 0.000000 -3.720189
23 13 55.598709 0.769622
23 14 48.145127 0.491585
23 15 42.620598 -0.003485
23 16 42.045438 -0.595946
23 17 60.709079 -0.960389
23 18 85.021093 -1.129325
23 19 94.388023 -1.280839
23 20 91.505896 -1.465114
23 21 85.519988 -1.683733
23 22 72.756587 -1.930745
23 23 40.090449 -2.224710
23 24 0.000000 -2.526122
23 25 0.000000 -2.547131
23 26 0.000000 -2.571688
23 27 0.000000 -2.628369
23 28 0.000000 -2.776814
23 29 0.000000 -2.958904
23 30 0.000000 -3.150564
23 31 0.000000 -3.341198
24 13 55.120201 0.835943
24 14 51.713725 0.481807
24 15 49.539097 -0.043207
24 16 58.443839 -0.527349
24 17 82.105260 -0.786047
24 18 98.215713 -0.930213
24 19 98.199511 -1.064983
24 20 85.031660 -1.238049
24 21 69.269764 -1.468269
24 22 47.599245 -1.772583
24 23 0.000000 -2.194933
24 24 0.000000 -2.206213
24 25 0.000000 -2.296018
24 26 0.000000 -2.384585
25 11 92.177225 1.000000
25 12 74.168576 1.000000
25 13 55.417528 1.000000
25 14 50.647890 0.568349
25 15 51.359833 -0.027182
25 16 71.107052 -0.439267
25 17 96.211062 -0.634309
25 18 108.665087 -0.741296
25 19 103.606942 -0.841720
25 20 82.569431 -0.976110
25 21 57.952228 -1.175208
25 22 25.995810 -1.515383
25 23 0.000000 -1.820971
25 24 0.000000 -1.937846
26 11 61.204230 1.000000
26 12 50.726099 1.000000
26 13 38.524032 1.000000
26 14 39.713070 0.646229
26 15 42.935647 -0.020601
26 16 73.844230 -0.351598
26 17 101.704105 -0.486276
26 18 116.521637 -0.559502
26 19 112.061163 -0.631220
26 20 86.587984 -0.723943
26 21 58.560441 -0.863432
26 22 30.181565 -1.136029
26 23 0.000000 -1.479566
27 11 42.030201 1.000000
27 12 42.785560 1.000000
27 13 36.658519 1.000000
27 14 39.748492 0.823382
27 15 43.116916 0.124279
27 16 75.147074 -0.209903
27 17 106.889185 -0.323975
27 18 124.221675 -0.382814
27 19 118.737876 -0.438589
27 20 89.711447 -0.499755
27 21 61.424509 -0.579389
28 11 40.128733 1.000000
28 12 40.351926 1.000000
28 13 35.112469 1.000000
28 14 40.415022 1.000000
28 15 43.204143 0.313680
28 16 72.293608 -0.061693
28 17 111.591639 -0.167553
28 18 131.089594 -0.217580
28 19 122.357922 -0.260899
28 20 91.759385 -0.299735
28 21 62.901155 -0.344956
29 11 39.791972 1.000000
29 12 38.168400 1.000000
29 13 32.522724 1.000000
29 14 39.110041 1.000000
29 15 41.468128 0.511401
29 16 66.616481 0.092720
29 17 111.988796 -0.012719
29 18 134.279245 -0.060897
29 19 124.574619 -0.095443
29 20 94.141804 -0.120841
29 21 67.040581 -0.144909
30 11 43.124389 1.000000
30 12 39.216187 1.000000
30 13 30.855430 1.000000
30 14 37.102454 1.000000
30 15 38.390965 0.698223
30 16 64.276063 0.264052
30 17 110.515775 0.147314
30 18 133.329593 0.091927
30 19 124.660544 0.059484
30 20 94.052179 0.041126
30 21 66.540449 0.028840
31 12 35.668582 1.000000
31 13 32.775087 1.000000
31 14 35.993584 1.000000
31 15 39.245367 0.871386
31 16 66.953929 0.446438
31 17 109.391007 0.309617
31 18 128.955217 0.243616
31 19 120.550129 0.208410
31 20 90.981283 0.195302
31 21 64.120491 0.199420
32 13 34.479105 1.000000
32 14 33.748136 1.000000
32 15 43.074313 1.000000
32 16 64.885612 0.636772
32 17 103.249292 0.471914
32 18 121.151372 0.395684
32 19 113.145170 0.355348
32 20 89.486068 0.343121
32 21 65.682142 0.342287
33 12 55.273371 1.000000
33 13 43.134166 1.000000
33 14 34.876852 1.000000
33 15 43.388287 1.000000
33 16 53.478587 0.853969
33 17 89.324789 0.646474
33 18 108.000864 0.554097
33 19 103.814044 0.500719
33 20 89.249094 0.462555
34 12 58.997301 1.000000
34 13 44.180561 1.000000
34 14 35.381302 1.000000
34 15 38.857373 1.000000
34 16 39.080448 1.000000
34 17 71.246555 0.867330
34 18 90.343695 0.733283
34 19 92.085589 0.635878
35 12 59.092445 1.000000
35 13 46.614996 1.000000
35 14 38.663280 1.000000
35 15 35.790779 1.000000
35 16 37.179298 1.000000
35 17 59.412626 1.000000
35 18 73.698352 0.939481
36 13 43.239153 1.000000
36 14 41.566946 1.000000
36 15 35.711082 1.000000
36 16 46.759807 1.000000
36 17 58.911097 1.000000
37 13 41.673161 1.000000
37 14 44.477098 1.000000
37 15 39.805456 1.000000
37 16 69.354970 1.000000
