10 22 29.940327 1.000000
10 23 32.741645 1.000000
10 24 35.018935 1.000000
11 19 33.260976 1.000000
11 20 29.863687 1.000000
11 21 30.074664 1.000000
11 22 37.057939 1.000000
11 23 29.624761 1.000000
11 24 34.997518 1.000000
11 25 38.331912 1.000000
11 26 33.928985 1.000000
11 27 28.597766 1.000000
12 19 32.976240 1.000000
12 20 31.766912 1.000000
12 21 25.860690 1.000000
12 22 41.320852 1.000000
12 23 59.303142 1.000000
12 24 63.983560 1.000000
12 25 56.091982 1.000000
12 26 35.357251 1.000000
12 27 24.285380 1.000000
12 28 32.879651 1.000000
13 19 32.134146 1.000000
13 20 32.125455 1.000000
13 21 28.791678 1.000000
13 22 42.598250 1.000000
13 23 66.344810 1.000000
13 24 73.707122 1.000000
13 25 75.263008 1.000000
13 26 70.578960 1.000000
13 27 54.874335 1.000000
13 28 38.303728 1.000000
13 29 31.664965 1.000000
14 17 32.129148 1.000000
14 18 30.020003 1.000000
14 19 32.611203 1.000000
14 20 31.677645 1.000000
14 21 31.768950 1.000000
14 22 41.581367 1.000000
14 23 61.545475 1.000000
14 24 70.120964 1.000000
14 25 74.927893 1.000000
14 26 77.121432 1.000000
14 27 70.540916 1.000000
14 28 42.242671 1.000000
14 29 30.717541 1.000000
15 16 30.373377 1.000000
15 17 32.785451 1.000000
15 18 32.026442 1.000000
15 19 30.986015 1.000000
15 20 34.061079 1.000000
15 21 35.254901 1.000000
15 22 42.568367 1.000000
15 23 56.727782 0.949511
15 24 64.398443 0.885543
15 25 68.883353 0.844114
15 26 71.180893 0.829467
15 27 67.488275 0.844196
15 28 42.682580 0.917533
15 29 31.421987 1.000000
16 16 29.691179 1.000000
16 17 26.382364 1.000000
16 18 33.917080 1.000000
16 19 37.225010 1.000000
16 20 41.325352 1.000000
16 21 49.458175 0.982098
16 22 54.198720 0.780589
16 23 59.805452 0.682977
16 24 65.784307 0.629370
16 25 68.480146 0.600532
16 26 67.931472 0.595593
16 27 63.725972 0.608680
16 28 41.597358 0.649698
16 29 31.288091 0.808854
17 16 28.457743 1.000000
17 17 25.093686 1.000000
17 18 29.959807 1.000000
17 19 40.212083 1.000000
17 20 45.032775 1.000000
17 21 54.454507 0.754482
17 22 63.487642 0.566663
17 23 69.398380 0.462110
17 24 74.517367 0.406010
17 25 75.720776 0.373779
17 26 72.648269 0.361290
17 27 67.436640 0.365842
17 28 48.789862 0.378258
17 29 34.845621 0.451863
18 16 29.954324 1.000000
18 17 27.511699 1.000000
18 18 30.918274 1.000000
18 19 40.689860 1.000000
18 20 43.387319 0.798625
18 21 53.948525 0.529456
18 22 67.097347 0.362109
18 23 73.334157 0.264528
18 24 76.996096 0.207002
18 25 78.315738 0.169088
18 26 75.177569 0.147334
18 27 68.702944 0.144858
18 28 53.391524 0.149509
18 29 40.186555 0.180029
19 17 23.807989 1.000000
19 18 28.536763 1.000000
19 19 37.287379 0.849199
19 20 39.538949 0.526787
19 21 52.271690 0.283933
19 22 67.568675 0.147706
19 23 72.552574 0.057884
19 24 73.714889 -0.003459
19 25 73.934633 -0.049302
19 26 70.349525 -0.084536
19 27 62.216487 -0.098279
19 28 47.743171 -0.095672
19 29 35.738310 -0.077791
20 17 28.417072 1.000000
20 18 27.647409 0.792094
20 19 36.085370 0.475287
20 20 40.071415 0.206876
20 21 52.687885 0.028113
20 22 66.363147 -0.076048
20 23 70.852175 -0.163191
20 24 70.829757 -0.235117
20 25 70.458724 -0.296166
20 26 68.377810 -0.352868
20 27 59.801749 -0.392230
20 28 42.805414 -0.409578
20 29 28.140701 -0.413456
21 16 31.370756 0.747086
21 17 33.129341 0.648989
21 18 29.177518 0.339994
21 19 39.753795 0.102064
21 20 44.414938 -0.086619
21 21 52.185295 -0.219286
21 22 61.901785 -0.308689
21 23 67.750667 -0.398101
21 24 69.618796 -0.479570
21 25 70.780023 -0.549678
21 26 71.657553 -0.615785
21 27 64.320181 -0.675535
21 28 44.771283 -0.730302
21 29 17.311871 -0.828384
22 16 33.381340 0.460961
22 17 34.831493 0.298825
22 18 34.883818 -0.006834
22 19 43.237525 -0.203867
22 20 45.266497 -0.359068
22 21 49.341910 -0.475359
22 22 57.567040 -0.557964
22 23 67.378316 -0.639024
22 24 72.221034 -0.716648
22 25 72.515872 -0.789471
22 26 72.676975 -0.863108
22 27 66.085505 -0.939907
22 28 46.341392 -1.022088
22 29 6.610564 -1.208563
23 16 34.810129 0.229442
23 17 34.042486 0.024037
23 18 36.615305 -0.273613
23 19 45.434579 -0.464324
23 20 47.752163 -0.616631
23 21 50.264524 -0.729710
23 22 57.487627 -0.801486
23 23 68.988238 -0.860506
23 24 75.471456 -0.927620
23 25 75.406099 -1.006936
23 26 75.492093 -1.095382
23 27 69.352863 -1.194123
23 28 47.077344 -1.307564
23 29 3.198852 -1.537974
24 16 28.001165 0.075056
24 17 27.865051 -0.170809
24 18 25.015710 -0.547298
24 19 46.040700 -0.699337
24 20 53.626721 -0.825049
24 21 55.322333 -0.930146
24 22 59.887097 -1.003332
24 23 68.331624 -1.055270
24 24 74.268144 -1.116047
24 25 75.879476 -1.198482
24 26 77.731420 -1.297514
24 27 74.165284 -1.415660
24 28 54.036382 -1.567620
24 29 19.447006 -1.780368
24 30 0.000000 -1.954800
25 16 25.691997 -0.046787
25 17 15.250413 -0.382307
25 18 21.339400 -0.718220
25 19 47.673631 -0.846463
25 20 55.761342 -0.968877
25 21 54.216319 -1.094351
25 22 57.630145 -1.181226
25 23 65.696659 -1.233963
25 24 70.705334 -1.291270
25 25 70.768259 -1.370896
25 26 70.578470 -1.480613
25 27 70.904154 -1.621416
25 28 62.342144 -1.803804
25 29 39.392553 -2.022827
25 30 0.000000 -2.313824
25 31 0.000000 -2.393312
26 15 42.632151 0.201799
26 16 40.202053 -0.027344
26 17 38.630381 -0.343419
26 18 50.771793 -0.599049
26 19 61.244715 -0.796871
26 20 64.732708 -0.974858
26 21 61.724913 -1.143853
26 22 55.847673 -1.303842
26 23 59.119782 -1.400513
26 24 63.115098 -1.462982
26 25 59.397803 -1.543818
26 26 55.408127 -1.669007
26 27 59.776822 -1.835068
26 28 66.303654 -2.020476
26 29 59.818103 -2.213623
26 30 33.949632 -2.420696
26 31 0.000000 -2.646477
26 32 0.000000 -2.717526
27 12 42.144785 1.000000
27 13 43.695580 0.847538
27 14 49.490549 0.554367
27 15 50.756082 0.288813
27 16 48.896323 0.018204
27 17 54.775561 -0.250188
27 18 59.826166 -0.489895
27 19 60.667980 -0.726981
27 20 64.293993 -0.960313
27 21 65.880455 -1.165722
27 22 60.943658 -1.354271
27 23 55.572309 -1.521959
27 24 51.209785 -1.633782
27 25 40.894463 -1.746357
27 26 33.529986 -1.899744
27 27 39.875935 -2.082605
27 28 59.805818 -2.229255
27 29 62.416962 -2.398597
27 30 42.471466 -2.591233
27 31 0.000000 -2.890199
27 32 0.000000 -2.973630
27 33 0.000000 -3.066788
27 34 0.000000 -3.123666
28 11 34.383818 1.000000
28 12 34.689003 1.000000
28 13 42.015213 0.860358
28 14 53.219595 0.557024
28 15 58.551778 0.311742
28 16 60.900244 0.082125
28 17 63.042037 -0.137065
28 18 57.780896 -0.364470
28 19 50.816794 -0.630926
28 20 48.809889 -0.939327
28 21 49.699360 -1.212631
28 22 47.192741 -1.443744
28 23 40.746990 -1.659219
28 24 27.029440 -1.853703
28 25 0.000000 -2.086376
28 26 0.000000 -2.204815
28 27 0.000000 -2.415210
28 28 35.771602 -2.460492
28 29 46.670167 -2.608826
28 30 27.480658 -2.866258
28 31 0.000000 -3.165562
28 32 0.000000 -3.288727
28 33 0.000000 -3.336106
28 34 0.000000 -3.358003
28 35 0.000000 -3.423505
28 36 0.000000 -3.481481
28 37 0.000000 -3.500934
29 11 28.960314 1.000000
29 12 28.204829 1.000000
29 13 32.834272 0.928875
29 14 49.139179 0.570024
29 15 64.534233 0.337672
29 16 71.194695 0.154564
29 17 65.482008 -0.020167
29 18 49.853508 -0.218393
29 19 34.634137 -0.496477
29 20 13.064782 -0.933561
29 21 0.000000 -1.334394
29 22 0.000000 -1.604768
29 23 0.000000 -1.836529
29 24 0.000000 -2.008306
29 25 0.000000 -2.123094
29 26 0.000000 -2.247583
29 27 0.000000 -2.439652
29 28 0.000000 -2.679435
29 29 0.000000 -2.900823
29 30 0.000000 -3.121411
29 31 0.000000 -3.365121
29 32 0.000000 -3.546121
29 33 0.000000 -3.606060
29 34 0.000000 -3.604918
29 35 0.000000 -3.609768
29 36 0.000000 -3.631477
29 37 0.000000 -3.650654
30 11 28.885796 1.000000
30 12 26.622329 1.000000
30 13 30.495000 1.000000
30 14 36.121476 0.678331
30 15 55.464014 0.396806
30 16 67.781943 0.222470
30 17 62.269759 0.076271
30 18 45.619946 -0.079292
30 19 28.076799 -0.312520
30 20 0.000000 -0.747046
30 21 0.000000 -1.081145
30 22 0.000000 -1.397938
30 23 0.000000 -1.675201
30 24 0.000000 -1.893355
30 25 0.000000 -2.048929
30 26 0.000000 -2.195659
30 27 0.000000 -2.394107
30 28 0.000000 -2.618158
30 29 0.000000 -2.820434
30 30 0.000000 -3.058244
30 31 0.000000 -3.344122
30 32 0.000000 -3.561161
30 33 0.000000 -3.652027
30 34 0.000000 -3.696829
30 35 0.000000 -3.752645
30 36 0.000000 -3.793774
30 37 0.000000 -3.809591
31 11 28.713057 1.000000
31 12 27.313185 1.000000
31 13 28.677838 1.000000
31 14 34.673606 0.886982
31 15 39.417186 0.507991
31 16 55.187540 0.289502
31 17 59.130956 0.151594
31 18 50.451975 0.022533
31 19 35.836564 -0.148289
31 20 15.041368 -0.443622
31 21 0.000000 -0.807665
31 22 0.000000 -1.130621
31 23 0.000000 -1.485941
31 24 0.000000 -1.738648
31 25 0.000000 -1.899569
31 26 0.000000 -2.086342
31 27 0.000000 -2.303516
31 28 0.000000 -2.513154
31 29 0.000000 -2.690700
31 30 0.000000 -2.893338
31 31 0.000000 -3.128424
31 32 0.000000 -3.315709
31 33 0.000000 -3.435379
31 34 0.000000 -3.578382
31 35 0.000000 -3.744879
31 36 0.000000 -3.843409
31 37 0.000000 -3.876123
32 14 30.451478 0.983058
32 15 30.333472 0.609575
32 16 47.143907 0.341415
32 17 57.386810 0.192210
32 18 55.542151 0.063040
32 19 42.578269 -0.097850
32 20 23.563017 -0.311692
32 21 0.000000 -0.618911
32 22 0.000000 -0.819352
32 24 0.000000 -1.625552
32 25 0.000000 -1.774117
32 26 0.000000 -1.950061
32 27 0.000000 -2.145081
32 28 0.000000 -2.344891
32 29 0.000000 -2.513168
32 30 0.000000 -2.682019
32 31 0.000000 -2.831596
32 32 0.000000 -2.940048
32 33 0.000000 -3.082947
32 34 0.000000 -3.367920
32 35 0.000000 -3.682421
32 36 0.000000 -3.840268
32 37 0.000000 -3.898247
33 19 32.791958 -0.217851
33 20 10.167265 -0.436071
33 21 0.000000 -0.585827
33 22 0.000000 -0.652797
33 26 0.000000 -1.835244
33 27 0.000000 -1.997338
33 28 0.000000 -2.196156
33 29 0.000000 -2.370419
33 30 0.000000 -2.525128
33 31 0.000000 -2.620709
33 32 0.000000 -2.673669
33 33 0.000000 -2.782628
34 20 0.000000 -0.569605
34 21 0.000000 -0.619741
34 22 0.000000 -0.652294
