10 21 85.761089 0.261157
10 22 75.700660 0.187825
10 23 67.105463 0.115169
11 20 78.801543 0.357032
11 21 72.014478 0.262154
11 22 65.739066 0.130227
11 23 61.125799 0.009341
11 24 49.863356 -0.111328
12 20 60.597218 0.374271
12 21 55.477999 0.228733
12 22 56.277158 0.030194
12 23 57.412346 -0.132002
12 24 49.708884 -0.261241
13 20 45.524490 0.422198
13 21 42.004267 0.193902
13 22 45.273910 -0.102003
13 23 51.389431 -0.311985
13 24 45.218521 -0.488950
13 25 18.460333 -0.744969
13 26 0.000000 -0.924196
13 34 0.000000 -2.157843
13 35 0.000000 -2.271850
13 36 0.000000 -2.422979
13 37 0.000000 -2.558648
13 38 0.000000 -2.685387
13 39 0.000000 -2.814221
13 40 0.000000 -2.957011
13 41 0.000000 -3.092530
13 42 0.000000 -3.205000
13 43 0.000000 -3.316472
13 44 0.000000 -3.412119
14 20 37.009563 0.484830
14 21 33.895867 0.174249
14 22 32.240931 -0.260133
14 23 40.117479 -0.523051
14 24 34.438646 -0.742214
14 25 0.000000 -1.070989
14 26 0.000000 -1.133335
14 27 0.000000 -1.239689
14 29 0.000000 -1.649610
14 30 0.000000 -1.765704
14 31 0.000000 -1.917560
14 32 0.000000 -2.040764
14 33 0.000000 -2.139573
14 34 0.000000 -2.243376
14 35 0.000000 -2.395796
14 36 0.000000 -2.571445
14 37 0.000000 -2.715128
14 38 0.000000 -2.827891
14 39 0.000000 -2.942193
14 40 0.000000 -3.082698
14 41 0.000000 -3.206922
14 42 0.000000 -3.301297
14 43 0.000000 -3.393561
14 44 0.000000 -3.477380
14 45 0.000000 -3.540778
15 20 33.563755 0.465470
15 21 30.830672 0.068867
15 22 26.051368 -0.422398
15 23 15.329157 -0.829646
15 24 0.000000 -1.144479
15 25 0.000000 -1.279089
15 26 0.000000 -1.365633
15 27 0.000000 -1.488479
15 28 0.000000 -1.681796
15 29 0.000000 -1.829944
15 30 0.000000 -1.949923
15 31 0.000000 -2.089269
15 32 0.000000 -2.196741
15 33 0.000000 -2.291630
15 34 0.000000 -2.422952
15 35 0.000000 -2.598970
15 36 0.000000 -2.773238
15 37 0.000000 -2.905160
15 38 0.000000 -3.001717
15 39 0.000000 -3.103650
15 40 0.000000 -3.227441
15 41 0.000000 -3.345449
15 42 0.000000 -3.450638
15 43 0.000000 -3.522459
15 44 0.000000 -3.554276
15 45 0.000000 -3.580731
16 12 70.001083 0.937452
16 13 63.778599 0.856582
16 14 57.059930 0.746276
16 15 52.168395 0.653742
16 21 15.805216 -0.301785
16 22 0.000000 -0.766663
16 23 0.000000 -1.080307
16 24 0.000000 -1.314494
16 25 0.000000 -1.491673
16 26 0.000000 -1.619295
16 27 0.000000 -1.777118
16 28 0.000000 -1.962961
16 29 0.000000 -2.120458
16 30 0.000000 -2.260248
16 31 0.000000 -2.395077
16 32 0.000000 -2.491670
16 33 0.000000 -2.562325
16 34 0.000000 -2.650228
16 35 0.000000 -2.763173
16 36 0.000000 -2.885396
16 37 0.000000 -2.989797
16 38 0.000000 -3.078481
16 39 0.000000 -3.174775
16 40 0.000000 -3.267122
16 41 0.000000 -3.352850
16 42 0.000000 -3.456000
16 43 0.000000 -3.537938
16 44 0.000000 -3.566766
16 45 0.000000 -3.580191
17 12 57.030455 0.833356
17 13 53.862064 0.717436
17 14 49.448222 0.561998
17 15 45.149346 0.408187
17 16 39.373748 0.179034
17 21 0.000000 -0.733706
17 22 0.000000 -0.964897
17 23 0.000000 -1.265827
17 24 0.000000 -1.545416
17 25 0.000000 -1.766219
17 26 0.000000 -1.903720
17 27 0.000000 -2.046139
17 28 0.000000 -2.216347
17 29 0.000000 -2.367157
17 30 0.000000 -2.499143
17 31 0.000000 -2.628310
17 32 0.000000 -2.717768
17 33 0.000000 -2.753477
17 34 0.000000 -2.777133
17 35 0.000000 -2.821589
17 36 0.000000 -2.897852
17 37 0.000000 -2.985683
17 38 0.000000 -3.063246
17 39 0.000000 -3.133108
17 40 0.000000 -3.181757
17 41 0.000000 -3.217228
17 42 0.000000 -3.291034
17 43 0.000000 -3.393514
17 44 0.000000 -3.472025
17 45 0.000000 -3.519129
18 12 44.622619 0.614282
18 13 45.809621 0.449253
18 14 46.171379 0.251333
18 15 43.188072 0.067856
18 16 40.508056 -0.148288
18 17 27.329540 -0.433672
18 18 0.000000 -0.707253
18 19 0.000000 -0.757974
18 21 0.000000 -1.023330
18 22 0.000000 -1.209899
18 23 0.000000 -1.499469
18 24 0.000000 -1.787909
18 25 0.000000 -1.993338
18 26 0.000000 -2.102573
18 27 0.000000 -2.205038
18 28 0.000000 -2.328949
18 29 0.000000 -2.448366
18 30 0.000000 -2.556147
18 31 0.000000 -2.667834
18 32 0.000000 -2.756283
18 33 0.000000 -2.780136
18 34 0.000000 -2.779782
18 35 0.000000 -2.812532
18 36 0.000000 -2.873878
18 37 0.000000 -2.940133
18 38 0.000000 -2.996966
18 39 0.000000 -3.034999
18 40 0.000000 -3.053642
18 41 0.000000 -3.070133
18 42 0.000000 -3.128180
18 43 0.000000 -3.245563
18 44 0.000000 -3.351203
19 12 42.106210 0.324632
19 13 45.161182 0.134296
19 14 49.726402 -0.061695
19 15 47.256008 -0.251319
19 16 42.908414 -0.461830
19 17 22.786066 -0.730963
19 18 0.000000 -0.950979
19 19 0.000000 -1.029816
19 20 0.000000 -1.164406
19 21 0.000000 -1.304292
19 22 0.000000 -1.487783
19 23 0.000000 -1.738573
19 24 0.000000 -1.967694
19 25 0.000000 -2.115987
19 26 0.000000 -2.205448
19 27 0.000000 -2.286222
19 28 0.000000 -2.366786
19 29 0.000000 -2.449722
19 30 0.000000 -2.528610
19 31 0.000000 -2.613123
19 32 0.000000 -2.695708
19 33 0.000000 -2.728146
19 34 0.000000 -2.733549
19 35 0.000000 -2.766591
19 36 0.000000 -2.802026
19 37 0.000000 -2.829285
19 38 0.000000 -2.871256
19 39 0.000000 -2.909692
19 40 0.000000 -2.927872
19 41 0.000000 -2.948590
19 42 0.000000 -3.004470
20 12 37.238074 0.066358
20 13 44.081004 -0.150773
20 14 50.064859 -0.332591
20 15 47.377773 -0.528655
20 16 42.891497 -0.745117
20 17 14.776767 -1.084226
20 18 0.000000 -1.290500
20 19 0.000000 -1.382000
20 20 0.000000 -1.475045
20 21 0.000000 -1.601168
20 22 0.000000 -1.773447
20 23 0.000000 -1.957628
20 24 0.000000 -2.104760
20 25 0.000000 -2.205260
20 26 0.000000 -2.281046
20 27 0.000000 -2.340308
20 28 0.000000 -2.391717
20 29 0.000000 -2.449471
20 30 0.000000 -2.510221
20 31 0.000000 -2.573835
20 32 0.000000 -2.626812
20 33 0.000000 -2.637374
20 34 0.000000 -2.632948
20 35 0.000000 -2.644070
20 36 0.000000 -2.642436
20 37 0.000000 -2.642562
20 38 0.000000 -2.677960
20 39 0.000000 -2.739142
20 40 0.000000 -2.801609
20 41 0.000000 -2.837450
21 11 31.808401 0.372775
21 12 29.870384 -0.046895
21 13 36.013687 -0.396650
21 14 41.689129 -0.593540
21 15 38.228238 -0.805859
21 16 30.662300 -1.046186
21 17 0.000000 -1.416807
21 18 0.000000 -1.552983
21 19 0.000000 -1.676680
21 20 0.000000 -1.787204
21 21 0.000000 -1.899077
21 22 0.000000 -2.015271
21 23 0.000000 -2.122823
21 24 0.000000 -2.206127
21 25 0.000000 -2.270760
21 26 0.000000 -2.319941
21 27 0.000000 -2.352415
21 28 0.000000 -2.381655
21 29 0.000000 -2.414101
21 30 0.000000 -2.461048
21 31 0.000000 -2.523321
21 32 0.000000 -2.551154
21 33 0.000000 -2.514408
21 34 0.000000 -2.466193
21 35 0.000000 -2.441023
21 36 0.000000 -2.437324
21 37 0.000000 -2.473434
21 38 0.000000 -2.531092
21 39 0.000000 -2.585717
22 11 28.539788 0.346393
22 12 27.952339 -0.102443
22 13 16.612597 -0.665068
22 14 14.391057 -0.950703
22 15 0.000000 -1.236602
22 16 0.000000 -1.403809
22 17 0.000000 -1.572961
22 18 0.000000 -1.740336
22 19 0.000000 -1.878929
22 20 0.000000 -1.993187
22 21 0.000000 -2.095284
22 22 0.000000 -2.170070
22 23 0.000000 -2.214379
22 24 0.000000 -2.240482
22 25 0.000000 -2.264508
22 26 0.000000 -2.287393
22 27 0.000000 -2.307284
22 28 0.000000 -2.328934
22 29 0.000000 -2.333676
22 30 0.000000 -2.344145
22 31 0.000000 -2.392382
22 32 0.000000 -2.409870
22 33 0.000000 -2.344102
22 34 0.000000 -2.261711
22 35 0.000000 -2.231196
22 36 0.000000 -2.253453
23 11 27.889671 0.281214
23 12 24.098564 -0.194146
23 13 0.000000 -0.874744
23 14 0.000000 -1.168131
23 15 0.000000 -1.345475
23 16 0.000000 -1.501449
23 17 0.000000 -1.678160
23 18 0.000000 -1.858993
23 19 0.000000 -1.995344
23 20 0.000000 -2.088941
23 21 0.000000 -2.167068
23 22 0.000000 -2.217529
23 23 0.000000 -2.223796
23 24 0.000000 -2.201420
23 25 0.000000 -2.189063
23 26 0.000000 -2.199823
23 27 0.000000 -2.230517
23 28 0.000000 -2.265545
23 29 0.000000 -2.250787
23 30 0.000000 -2.204484
23 31 0.000000 -2.189641
23 32 0.000000 -2.167430
23 33 0.000000 -2.105376
23 34 0.000000 -2.067166
23 35 0.000000 -2.081144
24 11 28.139086 0.226194
24 12 20.663639 -0.260641
24 13 0.000000 -0.918188
24 14 0.000000 -1.221331
24 15 0.000000 -1.401357
24 16 0.000000 -1.557164
24 17 0.000000 -1.723952
24 18 0.000000 -1.883966
24 19 0.000000 -1.996222
24 20 0.000000 -2.056587
24 21 0.000000 -2.097047
24 22 0.000000 -2.121201
24 23 0.000000 -2.104527
24 24 0.000000 -2.068872
24 25 0.000000 -2.067621
24 26 0.000000 -2.105057
24 27 0.000000 -2.155354
24 28 0.000000 -2.179193
24 29 0.000000 -2.134752
24 30 0.000000 -2.039650
24 31 0.000000 -1.942259
24 32 0.000000 -1.887518
24 33 0.000000 -1.898442
24 34 0.000000 -1.943082
25 11 28.853318 0.190085
25 12 21.185728 -0.270038
25 13 0.000000 -0.912055
25 14 0.000000 -1.218584
25 15 0.000000 -1.398024
25 16 0.000000 -1.540383
25 17 0.000000 -1.682479
25 18 0.000000 -1.803707
25 19 0.000000 -1.869848
25 20 0.000000 -1.881524
25 21 0.000000 -1.875357
25 22 0.000000 -1.861617
25 23 0.000000 -1.823582
25 24 0.000000 -1.808300
25 25 0.000000 -1.868910
25 26 0.000000 -1.971649
25 27 0.000000 -2.030223
25 28 0.000000 -1.999144
25 29 0.000000 -1.911031
25 30 0.000000 -1.777616
25 31 0.000000 -1.652890
25 32 0.000000 -1.629571
26 11 31.089954 0.199457
26 12 28.192792 -0.200782
26 13 7.427745 -0.811254
26 14 0.000000 -1.157975
26 15 0.000000 -1.325025
26 16 0.000000 -1.447310
26 17 0.000000 -1.563433
26 18 0.000000 -1.646148
26 19 0.000000 -1.655616
26 20 0.000000 -1.604265
26 21 0.000000 -1.546348
26 22 0.000000 -1.501716
26 23 0.000000 -1.468199
26 24 0.000000 -1.494078
26 25 0.000000 -1.615448
26 26 0.000000 -1.768265
26 27 0.000000 -1.815550
26 28 0.000000 -1.737392
26 29 0.000000 -1.658061
26 30 0.000000 -1.550669
26 31 0.000000 -1.419550
27 11 34.054064 0.307636
27 12 30.479998 -0.101363
27 13 32.175463 -0.541044
27 14 11.052405 -0.965815
27 15 0.000000 -1.197678
27 16 0.000000 -1.305162
27 17 0.000000 -1.403387
27 18 22.052119 -1.298231
27 19 6.231344 -1.363118
27 20 0.000000 -1.295763
27 21 0.000000 -1.182315
27 22 0.000000 -1.116907
27 23 0.000000 -1.140647
27 24 0.000000 -1.251756
27 25 0.000000 -1.399075
27 26 21.806858 -1.388425
27 27 32.353674 -1.352881
27 28 0.000000 -1.495243
27 29 0.000000 -1.448860
28 11 30.933592 0.545048
28 12 28.990095 0.104334
28 13 36.527899 -0.337406
28 14 30.832584 -0.662949
28 15 0.000000 -1.024519
28 16 0.000000 -1.114756
28 17 27.206609 -1.006428
28 18 46.117961 -0.908611
28 19 40.387304 -0.884314
28 20 15.700180 -0.910985
28 21 0.000000 -0.875453
28 22 0.000000 -0.823050
28 23 0.000000 -0.832699
28 25 0.000000 -1.101601
28 26 45.334309 -0.973311
28 27 51.629487 -0.988186
28 28 31.874145 -1.077232
28 29 0.000000 -1.275827
29 11 30.373949 0.794037
29 12 31.228792 0.379209
29 13 34.189000 -0.088096
29 14 32.455140 -0.412275
29 15 27.173208 -0.585906
29 16 22.599885 -0.696234
29 17 42.789500 -0.644938
29 18 56.095087 -0.614533
29 19 54.876007 -0.578294
29 20 41.583690 -0.501456
29 21 26.365061 -0.379442
29 24 0.000000 -0.387929
29 25 17.152005 -0.634298
29 26 56.696161 -0.646254
29 27 61.613269 -0.702616
29 28 49.514927 -0.780910
29 29 20.793612 -0.974782
30 12 30.966581 0.512761
30 13 32.879706 0.121315
30 14 34.061942 -0.123169
30 15 36.199813 -0.199519
30 16 36.188212 -0.288264
30 17 48.192646 -0.342222
30 18 62.095263 -0.360480
30 19 61.303534 -0.337529
30 20 49.857728 -0.222831
30 21 37.578405 0.013778
30 22 37.692088 0.369522
30 23 44.942494 0.473741
30 24 21.273588 -0.019385
30 25 43.251866 -0.275795
30 26 69.278017 -0.388719
30 27 72.023801 -0.471302
30 28 59.492037 -0.558248
30 29 37.018367 -0.689335
31 14 36.825007 0.114098
31 15 42.742631 0.133883
31 16 41.479821 0.043188
31 17 52.109613 -0.062233
31 18 62.494705 -0.130825
31 19 57.084018 -0.124225
31 20 45.565888 0.025730
31 21 40.646685 0.311338
31 22 43.111400 0.547919
31 23 43.317200 0.468917
31 24 38.638874 0.095581
31 25 66.309151 -0.074408
31 26 80.380582 -0.198946
31 27 78.954555 -0.291306
31 28 62.140722 -0.380078
31 29 34.073821 -0.501875
32 15 58.377941 0.361610
32 16 54.505708 0.292996
32 17 58.165490 0.181432
32 18 58.030821 0.095790
32 19 48.827321 0.099315
32 20 39.333122 0.291271
32 21 41.859357 0.628016
32 22 47.761792 0.737580
32 23 40.059402 0.424827
32 24 65.031849 0.204886
32 25 84.629420 0.069519
32 26 85.732640 -0.044741
32 27 77.421435 -0.136632
32 28 53.689029 -0.219584
32 29 19.800047 -0.327191
33 15 98.350205 0.452000
33 16 84.997946 0.419050
33 17 71.197411 0.359075
33 18 57.849961 0.309775
33 19 43.732876 0.291520
33 21 46.229254 0.982301
33 22 45.485308 0.876485
33 23 46.791024 0.499005
33 24 78.541787 0.313746
33 25 89.597174 0.189892
33 26 81.937553 0.087643
33 27 70.079354 0.004803
33 28 48.333346 -0.060616
33 29 28.003191 -0.055919
34 15 139.239078 0.484255
34 16 117.565808 0.469002
34 17 86.125525 0.449081
34 18 63.835840 0.444761
34 21 51.697158 1.000000
34 22 47.483962 0.979068
34 23 50.933012 0.638567
34 24 73.459456 0.428222
34 25 80.703475 0.303413
34 26 68.507476 0.216750
34 27 54.344709 0.157873
35 21 66.932237 1.000000
35 22 56.172465 1.000000
35 23 51.256663 0.762583
35 24 64.146670 0.528176
35 25 73.820210 0.405322
35 26 62.841475 0.351230
35 27 46.843099 0.343421
