0.00 0.443533 4.39
1.00 0.443532 4.39
2.00 0.443529 4.39
3.00 0.443525 4.39
4.00 0.443518 4.39
5.00 0.443510 4.39
6.00 0.443501 4.39
7.00 0.443489 4.39
8.00 0.443475 4.39
9.00 0.443460 4.39
10.00 0.443443 4.39
11.00 0.443424 4.39
12.00 0.443403 4.39
13.00 0.443380 4.39
14.00 0.443356 4.39
15.00 0.443329 4.39
16.00 0.443301 4.39
17.00 0.443271 4.39
18.00 0.443239 4.39
19.00 0.443205 4.39
20.00 0.443169 4.39
21.00 0.443132 4.39
22.00 0.443092 4.39
23.00 0.443051 4.39
24.00 0.443007 4.39
25.00 0.442962 4.39
26.00 0.442915 4.39
27.00 0.442866 4.39
28.00 0.442815 4.39
29.00 0.442762 4.39
30.00 0.442708 4.39
31.00 0.442651 4.39
32.00 0.442592 4.39
33.00 0.442532 4.39
34.00 0.442470 4.39
35.00 0.442406 4.39
36.00 0.442340 4.39
37.00 0.442272 4.39
38.00 0.442202 4.39
39.00 0.442130 4.39
40.00 0.442057 4.39
41.00 0.441981 4.39
42.00 0.441904 4.39
43.00 0.441825 4.39
44.00 0.441743 4.39
45.00 0.441660 4.39
46.00 0.441575 4.39
47.00 0.441488 4.39
48.00 0.441400 4.39
49.00 0.441309 4.39
50.00 0.441216 4.39
51.00 0.441122 4.39
52.00 0.441025 4.39
53.00 0.440927 4.39
54.00 0.440826 4.39
55.00 0.440724 4.39
56.00 0.440620 4.39
57.00 0.440513 4.39
58.00 0.440405 4.39
59.00 0.440295 4.39
60.00 0.440183 4.39
61.00 0.440069 4.39
62.00 0.439952 4.39
63.00 0.439834 4.39
64.00 0.439714 4.39
65.00 0.439591 4.39
66.00 0.439467 4.39
67.00 0.439340 4.39
68.00 0.439211 4.39
69.00 0.439081 4.39
70.00 0.438948 4.39
71.00 0.438812 4.39
72.00 0.438675 4.39
73.00 0.438535 4.39
74.00 0.438393 4.39
75.00 0.438249 4.39
76.00 0.438103 4.39
77.00 0.437954 4.39
78.00 0.437803 4.39
79.00 0.437649 4.39
80.00 0.437493 4.39
81.00 0.437335 4.39
82.00 0.437174 4.39
83.00 0.437011 4.39
84.00 0.436845 4.39
85.00 0.436676 4.39
86.00 0.436505 4.39
87.00 0.436332 4.39
88.00 0.436155 4.39
89.00 0.435976 4.39
90.00 0.435808 4.38
91.00 0.435639 4.38
92.00 0.435468 4.38
93.00 0.435296 4.38
94.00 0.435122 4.38
95.00 0.434947 4.38
96.00 0.434769 4.38
97.00 0.434589 4.38
98.00 0.434408 4.38
99.00 0.434224 4.38
100.00 0.434038 4.38
101.00 0.433850 4.38
102.00 0.433660 4.38
103.00 0.433467 4.38
104.00 0.433279 4.37
105.00 0.433099 4.37
106.00 0.432918 4.37
107.00 0.432735 4.37
108.00 0.432551 4.37
109.00 0.432366 4.37
110.00 0.432179 4.37
111.00 0.431990 4.37
112.00 0.431804 4.36
113.00 0.431633 4.36
114.00 0.431461 4.36
115.00 0.431289 4.36
116.00 0.431116 4.36
117.00 0.430942 4.36
118.00 0.430767 4.36
119.00 0.430591 4.36
120.00 0.430414 4.36
121.00 0.430235 4.36
122.00 0.430055 4.36
123.00 0.429874 4.36
124.00 0.429690 4.36
125.00 0.429505 4.36
126.00 0.429318 4.36
127.00 0.429129 4.36
128.00 0.428937 4.36
129.00 0.428744 4.36
130.00 0.428548 4.36
131.00 0.428350 4.36
132.00 0.428149 4.36
133.00 0.427946 4.36
134.00 0.427740 4.36
135.00 0.427531 4.36
136.00 0.427320 4.36
137.00 0.427106 4.36
138.00 0.426889 4.36
139.00 0.426669 4.36
140.00 0.426446 4.36
141.00 0.426220 4.36
142.00 0.425991 4.36
143.00 0.425759 4.36
144.00 0.425524 4.36
145.00 0.425286 4.36
146.00 0.425044 4.36
147.00 0.424804 4.35
148.00 0.424578 4.35
149.00 0.424350 4.35
150.00 0.424139 4.34
151.00 0.423930 4.34
152.00 0.423721 4.34
153.00 0.423511 4.34
154.00 0.423300 4.34
155.00 0.423087 4.34
156.00 0.422873 4.34
157.00 0.422657 4.34
158.00 0.422439 4.33
159.00 0.422239 4.33
160.00 0.422038 4.33
161.00 0.421836 4.33
162.00 0.421633 4.33
163.00 0.421428 4.33
164.00 0.421222 4.33
165.00 0.421015 4.33
166.00 0.420805 4.33
167.00 0.420594 4.33
168.00 0.420381 4.33
169.00 0.420165 4.33
170.00 0.419947 4.33
171.00 0.419727 4.33
172.00 0.419505 4.33
173.00 0.419280 4.33
174.00 0.419053 4.33
175.00 0.418823 4.33
176.00 0.418590 4.33
177.00 0.418362 4.32
178.00 0.418143 4.32
179.00 0.417922 4.32
180.00 0.417699 4.32
181.00 0.417474 4.32
182.00 0.417247 4.32
183.00 0.417018 4.32
184.00 0.416787 4.32
185.00 0.416553 4.32
186.00 0.416320 4.31
187.00 0.416105 4.31
188.00 0.415889 4.31
189.00 0.415671 4.31
190.00 0.415453 4.31
191.00 0.415232 4.31
192.00 0.415010 4.31
193.00 0.414786 4.31
194.00 0.414560 4.31
195.00 0.414331 4.31
196.00 0.414101 4.31
197.00 0.413868 4.31
198.00 0.413633 4.31
199.00 0.413400 4.30
200.00 0.413188 4.29
201.00 0.412979 4.29
202.00 0.412769 4.29
203.00 0.412559 4.29
204.00 0.412347 4.29
205.00 0.412134 4.29
206.00 0.411920 4.29
207.00 0.411720 4.28
208.00 0.411522 4.28
209.00 0.411323 4.28
210.00 0.411124 4.28
211.00 0.410924 4.28
212.00 0.410726 4.27
213.00 0.410535 4.27
214.00 0.410343 4.27
215.00 0.410151 4.27
216.00 0.409958 4.27
217.00 0.409765 4.27
218.00 0.409570 4.27
219.00 0.409374 4.27
220.00 0.409178 4.27
221.00 0.408980 4.27
222.00 0.408789 4.26
223.00 0.408603 4.25
224.00 0.408434 4.25
225.00 0.408265 4.25
226.00 0.408096 4.25
227.00 0.407928 4.25
228.00 0.407760 4.25
229.00 0.407591 4.25
230.00 0.407422 4.25
231.00 0.407253 4.25
232.00 0.407082 4.25
233.00 0.406911 4.25
234.00 0.406740 4.25
235.00 0.406567 4.25
236.00 0.406393 4.25
237.00 0.406218 4.25
238.00 0.406042 4.25
239.00 0.405864 4.25
240.00 0.405685 4.25
241.00 0.405504 4.25
242.00 0.405322 4.25
243.00 0.405138 4.25
244.00 0.404952 4.25
245.00 0.404764 4.25
246.00 0.404574 4.25
247.00 0.404382 4.25
248.00 0.404188 4.25
249.00 0.403992 4.25
250.00 0.403794 4.25
251.00 0.403593 4.25
252.00 0.403391 4.25
253.00 0.403185 4.25
254.00 0.402978 4.25
255.00 0.402767 4.25
256.00 0.402555 4.25
257.00 0.402339 4.25
258.00 0.402122 4.25
259.00 0.401901 4.25
260.00 0.401678 4.25
261.00 0.401452 4.25
262.00 0.401232 4.24
263.00 0.401020 4.24
264.00 0.400817 4.23
265.00 0.400628 4.22
266.00 0.400449 4.22
267.00 0.400271 4.22
268.00 0.400094 4.22
269.00 0.399916 4.22
270.00 0.399738 4.22
271.00 0.399559 4.22
272.00 0.399380 4.22
273.00 0.399200 4.22
274.00 0.399019 4.22
275.00 0.398837 4.22
276.00 0.398654 4.22
277.00 0.398470 4.22
278.00 0.398285 4.22
279.00 0.398098 4.22
280.00 0.397910 4.22
281.00 0.397720 4.22
282.00 0.397529 4.22
283.00 0.397335 4.22
284.00 0.397140 4.22
285.00 0.396944 4.22
286.00 0.396745 4.22
287.00 0.396549 4.21
288.00 0.396354 4.21
289.00 0.396157 4.21
290.00 0.395958 4.21
291.00 0.395757 4.21
292.00 0.395555 4.21
293.00 0.395350 4.21
294.00 0.395144 4.21
295.00 0.394936 4.21
296.00 0.394725 4.21
297.00 0.394512 4.21
298.00 0.394297 4.21
299.00 0.394080 4.21
300.00 0.393860 4.21
301.00 0.393638 4.21
302.00 0.393424 4.20
303.00 0.393214 4.20
304.00 0.393003 4.20
305.00 0.392790 4.20
306.00 0.392575 4.20
307.00 0.392359 4.20
308.00 0.392141 4.20
309.00 0.391921 4.20
310.00 0.391699 4.20
311.00 0.391494 4.19
312.00 0.391290 4.19
313.00 0.391085 4.19
314.00 0.390888 4.18
315.00 0.390692 4.18
316.00 0.390496 4.18
317.00 0.390299 4.18
318.00 0.390101 4.18
319.00 0.389903 4.18
320.00 0.389703 4.18
321.00 0.389502 4.18
322.00 0.389300 4.18
323.00 0.389096 4.18
324.00 0.388891 4.18
325.00 0.388689 4.17
326.00 0.388498 4.17
327.00 0.388306 4.17
328.00 0.388113 4.17
329.00 0.387920 4.17
330.00 0.387726 4.17
331.00 0.387538 4.16
332.00 0.387356 4.15
333.00 0.387182 4.15
334.00 0.387009 4.15
335.00 0.386835 4.15
336.00 0.386661 4.15
337.00 0.386487 4.15
338.00 0.386313 4.15
339.00 0.386137 4.15
340.00 0.385961 4.15
341.00 0.385785 4.15
342.00 0.385607 4.15
343.00 0.385428 4.15
344.00 0.385248 4.15
345.00 0.385067 4.15
346.00 0.384885 4.15
347.00 0.384702 4.15
348.00 0.384517 4.15
349.00 0.384331 4.15
350.00 0.384143 4.15
351.00 0.383954 4.15
352.00 0.383764 4.15
353.00 0.383578 4.14
354.00 0.383405 4.14
355.00 0.383231 4.14
356.00 0.383056 4.14
357.00 0.382881 4.14
358.00 0.382705 4.14
359.00 0.382528 4.14
360.00 0.382350 4.14
361.00 0.382171 4.14
362.00 0.381991 4.14
363.00 0.381809 4.14
364.00 0.381626 4.14
365.00 0.381441 4.14
366.00 0.381254 4.14
367.00 0.381066 4.14
368.00 0.380876 4.14
369.00 0.380684 4.14
370.00 0.380491 4.14
371.00 0.380295 4.14
372.00 0.380097 4.14
373.00 0.379897 4.14
374.00 0.379695 4.14
375.00 0.379497 4.13
376.00 0.379305 4.13
377.00 0.379111 4.13
378.00 0.378915 4.13
379.00 0.378718 4.13
380.00 0.378519 4.13
381.00 0.378318 4.13
382.00 0.378115 4.13
383.00 0.377911 4.13
384.00 0.377704 4.13
385.00 0.377496 4.13
386.00 0.377285 4.13
387.00 0.377072 4.13
388.00 0.376856 4.13
389.00 0.376644 4.12
390.00 0.376437 4.12
391.00 0.376233 4.11
392.00 0.376040 4.11
393.00 0.375846 4.11
394.00 0.375652 4.11
395.00 0.375456 4.11
396.00 0.375260 4.11
397.00 0.375063 4.11
398.00 0.374871 4.10
399.00 0.374691 4.10
400.00 0.374512 4.10
401.00 0.374332 4.10
402.00 0.374151 4.10
403.00 0.373970 4.10
404.00 0.373789 4.10
405.00 0.373606 4.10
406.00 0.373423 4.10
407.00 0.373238 4.10
408.00 0.373052 4.10
409.00 0.372865 4.10
410.00 0.372676 4.10
411.00 0.372486 4.10
412.00 0.372304 4.09
413.00 0.372123 4.09
414.00 0.371941 4.09
415.00 0.371758 4.09
416.00 0.371574 4.09
417.00 0.371389 4.09
418.00 0.371203 4.09
419.00 0.371015 4.09
420.00 0.370825 4.09
421.00 0.370634 4.09
422.00 0.370442 4.09
423.00 0.370247 4.09
424.00 0.370052 4.08
425.00 0.369862 4.08
426.00 0.369669 4.08
427.00 0.369476 4.08
428.00 0.369280 4.08
429.00 0.369083 4.08
430.00 0.368885 4.08
431.00 0.368684 4.08
432.00 0.368481 4.08
433.00 0.368277 4.08
434.00 0.368070 4.08
435.00 0.367861 4.07
436.00 0.367666 4.07
437.00 0.367470 4.07
438.00 0.367272 4.07
439.00 0.367074 4.07
440.00 0.366874 4.07
441.00 0.366674 4.06
442.00 0.366486 4.05
443.00 0.366298 4.05
444.00 0.366110 4.05
445.00 0.365922 4.05
446.00 0.365735 4.04
447.00 0.365565 4.04
448.00 0.365396 4.04
449.00 0.365227 4.04
450.00 0.365057 4.04
451.00 0.364887 4.04
452.00 0.364717 4.04
453.00 0.364546 4.04
454.00 0.364375 4.04
455.00 0.364209 4.03
456.00 0.364050 4.03
457.00 0.363891 4.03
458.00 0.363732 4.03
459.00 0.363573 4.03
460.00 0.363413 4.03
461.00 0.363253 4.03
462.00 0.363092 4.03
463.00 0.362931 4.03
464.00 0.362769 4.03
465.00 0.362605 4.03
466.00 0.362441 4.03
467.00 0.362276 4.03
468.00 0.362110 4.03
469.00 0.361942 4.03
470.00 0.361773 4.03
471.00 0.361604 4.03
472.00 0.361432 4.03
473.00 0.361260 4.03
474.00 0.361086 4.03
475.00 0.360910 4.03
476.00 0.360733 4.03
477.00 0.360565 4.02
478.00 0.360396 4.02
479.00 0.360226 4.02
480.00 0.360056 4.02
481.00 0.359884 4.02
482.00 0.359711 4.02
483.00 0.359537 4.02
484.00 0.359362 4.02
485.00 0.359186 4.02
486.00 0.359008 4.02
487.00 0.358829 4.02
488.00 0.358648 4.02
489.00 0.358466 4.02
490.00 0.358282 4.02
491.00 0.358097 4.02
492.00 0.357913 4.01
493.00 0.357730 4.01
494.00 0.357565 4.00
495.00 0.357400 4.00
496.00 0.357235 4.00
497.00 0.357070 4.00
498.00 0.356905 4.00
499.00 0.356738 4.00
500.00 0.356571 4.00
501.00 0.356406 3.99
502.00 0.356240 3.99
503.00 0.356074 3.99
504.00 0.355907 3.99
505.00 0.355745 3.98
506.00 0.355588 3.98
507.00 0.355431 3.98
508.00 0.355273 3.98
509.00 0.355115 3.98
510.00 0.354957 3.98
511.00 0.354797 3.98
512.00 0.354637 3.98
513.00 0.354476 3.98
514.00 0.354314 3.98
515.00 0.354150 3.98
516.00 0.353986 3.98
517.00 0.353820 3.98
518.00 0.353653 3.98
519.00 0.353484 3.98
520.00 0.353314 3.98
521.00 0.353143 3.98
522.00 0.352970 3.98
523.00 0.352795 3.98
524.00 0.352619 3.98
525.00 0.352441 3.98
526.00 0.352261 3.98
527.00 0.352080 3.98
528.00 0.351896 3.98
529.00 0.351711 3.98
530.00 0.351523 3.98
531.00 0.351334 3.98
532.00 0.351143 3.98
533.00 0.350950 3.98
534.00 0.350754 3.98
535.00 0.350557 3.98
536.00 0.350382 3.96
537.00 0.350217 3.96
538.00 0.350053 3.96
539.00 0.349888 3.96
540.00 0.349723 3.96
541.00 0.349557 3.96
542.00 0.349391 3.96
543.00 0.349223 3.96
544.00 0.349055 3.96
545.00 0.348886 3.96
546.00 0.348715 3.96
547.00 0.348544 3.96
548.00 0.348371 3.96
549.00 0.348196 3.96
550.00 0.348021 3.96
551.00 0.347844 3.96
552.00 0.347665 3.96
553.00 0.347488 3.95
554.00 0.347312 3.95
555.00 0.347135 3.95
556.00 0.346956 3.95
557.00 0.346776 3.95
558.00 0.346594 3.95
559.00 0.346411 3.95
560.00 0.346226 3.95
561.00 0.346039 3.95
562.00 0.345851 3.95
563.00 0.345661 3.95
564.00 0.345469 3.95
565.00 0.345275 3.95
566.00 0.345080 3.95
567.00 0.344882 3.95
568.00 0.344687 3.94
569.00 0.344498 3.94
570.00 0.344309 3.94
571.00 0.344118 3.94
572.00 0.343932 3.93
573.00 0.343752 3.93
574.00 0.343571 3.93
575.00 0.343389 3.93
576.00 0.343205 3.93
577.00 0.343021 3.93
578.00 0.342836 3.93
579.00 0.342649 3.93
580.00 0.342461 3.93
581.00 0.342272 3.93
582.00 0.342081 3.93
583.00 0.341889 3.93
584.00 0.341695 3.93
585.00 0.341506 3.92
586.00 0.341324 3.92
587.00 0.341141 3.92
588.00 0.340957 3.92
589.00 0.340772 3.92
590.00 0.340587 3.92
591.00 0.340406 3.91
592.00 0.340236 3.91
593.00 0.340066 3.91
594.00 0.339896 3.91
595.00 0.339725 3.91
596.00 0.339553 3.91
597.00 0.339381 3.91
598.00 0.339209 3.91
599.00 0.339035 3.91
600.00 0.338860 3.91
601.00 0.338689 3.90
602.00 0.338518 3.90
603.00 0.338346 3.90
604.00 0.338174 3.90
605.00 0.338001 3.90
606.00 0.337827 3.90
607.00 0.337651 3.90
608.00 0.337475 3.90
609.00 0.337298 3.90
610.00 0.337120 3.90
611.00 0.336940 3.90
612.00 0.336759 3.90
613.00 0.336576 3.90
614.00 0.336393 3.90
615.00 0.336207 3.90
616.00 0.336020 3.90
617.00 0.335832 3.90
618.00 0.335650 3.89
619.00 0.335469 3.89
620.00 0.335286 3.89
621.00 0.335102 3.89
622.00 0.334917 3.89
623.00 0.334731 3.89
624.00 0.334543 3.89
625.00 0.334354 3.89
626.00 0.334163 3.89
627.00 0.333976 3.88
628.00 0.333789 3.88
629.00 0.333600 3.88
630.00 0.333411 3.88
631.00 0.333219 3.88
632.00 0.333026 3.88
633.00 0.332832 3.88
634.00 0.332636 3.88
635.00 0.332438 3.88
636.00 0.332239 3.88
637.00 0.332038 3.88
638.00 0.331835 3.88
639.00 0.331630 3.88
640.00 0.331423 3.88
641.00 0.331214 3.88
642.00 0.331004 3.88
643.00 0.330791 3.88
644.00 0.330577 3.88
645.00 0.330360 3.88
646.00 0.330142 3.87
647.00 0.329947 3.85
648.00 0.329761 3.85
649.00 0.329583 3.84
650.00 0.329411 3.84
651.00 0.329240 3.84
652.00 0.329068 3.84
653.00 0.328900 3.83
654.00 0.328734 3.83
655.00 0.328569 3.83
656.00 0.328404 3.83
657.00 0.328239 3.83
658.00 0.328073 3.83
659.00 0.327907 3.83
660.00 0.327741 3.83
661.00 0.327574 3.83
662.00 0.327406 3.83
663.00 0.327238 3.83
664.00 0.327070 3.83
665.00 0.326900 3.83
666.00 0.326730 3.83
667.00 0.326559 3.83
668.00 0.326387 3.83
669.00 0.326214 3.83
670.00 0.326040 3.83
671.00 0.325865 3.83
672.00 0.325689 3.83
673.00 0.325512 3.83
674.00 0.325336 3.82
675.00 0.325166 3.82
676.00 0.324994 3.82
677.00 0.324822 3.82
678.00 0.324650 3.82
679.00 0.324476 3.82
680.00 0.324301 3.82
681.00 0.324125 3.82
682.00 0.323948 3.82
683.00 0.323770 3.82
684.00 0.323590 3.82
685.00 0.323409 3.82
686.00 0.323227 3.82
687.00 0.323043 3.82
688.00 0.322858 3.82
689.00 0.322671 3.82
690.00 0.322482 3.82
691.00 0.322292 3.82
692.00 0.322100 3.82
693.00 0.321906 3.82
694.00 0.321710 3.82
695.00 0.321513 3.82
696.00 0.321314 3.82
697.00 0.321112 3.82
698.00 0.320909 3.82
699.00 0.320704 3.82
700.00 0.320496 3.82
701.00 0.320287 3.82
702.00 0.320075 3.82
703.00 0.319861 3.82
704.00 0.319645 3.82
705.00 0.319430 3.81
706.00 0.319219 3.80
707.00 0.319019 3.80
708.00 0.318819 3.80
709.00 0.318617 3.80
710.00 0.318426 3.79
711.00 0.318235 3.79
712.00 0.318045 3.79
713.00 0.317853 3.79
714.00 0.317661 3.79
715.00 0.317468 3.79
716.00 0.317274 3.79
717.00 0.317080 3.79
718.00 0.316884 3.79
719.00 0.316701 3.78
720.00 0.316519 3.78
721.00 0.316337 3.78
722.00 0.316154 3.78
723.00 0.315971 3.78
724.00 0.315787 3.78
725.00 0.315602 3.78
726.00 0.315417 3.78
727.00 0.315230 3.78
728.00 0.315042 3.78
729.00 0.314856 3.77
730.00 0.314676 3.77
731.00 0.314495 3.77
732.00 0.314313 3.77
733.00 0.314133 3.76
734.00 0.313954 3.76
735.00 0.313775 3.76
736.00 0.313596 3.76
737.00 0.313415 3.76
738.00 0.313233 3.76
739.00 0.313051 3.76
740.00 0.312868 3.76
741.00 0.312683 3.76
742.00 0.312497 3.76
743.00 0.312310 3.76
744.00 0.312122 3.76
745.00 0.311933 3.76
746.00 0.311742 3.76
747.00 0.311549 3.76
748.00 0.311355 3.76
749.00 0.311160 3.76
750.00 0.310963 3.76
751.00 0.310764 3.76
752.00 0.310563 3.76
753.00 0.310361 3.76
754.00 0.310157 3.76
755.00 0.309951 3.76
756.00 0.309743 3.76
757.00 0.309534 3.76
758.00 0.309322 3.76
759.00 0.309108 3.76
760.00 0.308893 3.76
761.00 0.308675 3.76
762.00 0.308455 3.76
763.00 0.308234 3.75
764.00 0.308026 3.75
765.00 0.307818 3.75
766.00 0.307608 3.75
767.00 0.307396 3.75
768.00 0.307184 3.75
769.00 0.306969 3.75
770.00 0.306753 3.75
771.00 0.306535 3.75
772.00 0.306316 3.75
773.00 0.306094 3.75
774.00 0.305880 3.74
775.00 0.305664 3.74
776.00 0.305448 3.74
777.00 0.305241 3.73
778.00 0.305034 3.73
779.00 0.304826 3.73
780.00 0.304616 3.73
781.00 0.304406 3.73
782.00 0.304195 3.73
783.00 0.303983 3.73
784.00 0.303769 3.73
785.00 0.303561 3.72
786.00 0.303360 3.72
787.00 0.303160 3.72
788.00 0.302958 3.72
789.00 0.302756 3.71
790.00 0.302558 3.71
791.00 0.302360 3.71
792.00 0.302161 3.71
793.00 0.301961 3.71
794.00 0.301760 3.71
795.00 0.301558 3.71
796.00 0.301354 3.71
797.00 0.301150 3.71
798.00 0.300945 3.71
799.00 0.300738 3.71
800.00 0.300529 3.71
801.00 0.300320 3.71
802.00 0.300108 3.71
803.00 0.299896 3.71
804.00 0.299681 3.71
805.00 0.299465 3.71
806.00 0.299248 3.71
807.00 0.299028 3.71
808.00 0.298807 3.71
809.00 0.298587 3.70
810.00 0.298372 3.69
811.00 0.298159 3.69
812.00 0.297945 3.69
813.00 0.297735 3.68
814.00 0.297536 3.68
815.00 0.297336 3.68
816.00 0.297136 3.68
817.00 0.296935 3.68
818.00 0.296733 3.68
819.00 0.296531 3.68
820.00 0.296327 3.68
821.00 0.296122 3.68
822.00 0.295916 3.68
823.00 0.295708 3.68
824.00 0.295499 3.68
825.00 0.295288 3.68
826.00 0.295076 3.68
827.00 0.294862 3.68
828.00 0.294647 3.68
829.00 0.294429 3.68
830.00 0.294210 3.68
831.00 0.293989 3.68
832.00 0.293765 3.68
833.00 0.293540 3.68
834.00 0.293313 3.68
835.00 0.293083 3.68
836.00 0.292854 3.67
837.00 0.292629 3.67
838.00 0.292402 3.67
839.00 0.292176 3.66
840.00 0.291952 3.66
841.00 0.291726 3.66
842.00 0.291499 3.66
843.00 0.291270 3.66
844.00 0.291039 3.66
845.00 0.290807 3.66
846.00 0.290573 3.66
847.00 0.290342 3.65
848.00 0.290115 3.64
849.00 0.289900 3.64
850.00 0.289685 3.64
851.00 0.289469 3.64
852.00 0.289254 3.63
853.00 0.289048 3.63
854.00 0.288842 3.63
855.00 0.288635 3.63
856.00 0.288428 3.63
857.00 0.288220 3.63
858.00 0.288011 3.63
859.00 0.287815 3.62
860.00 0.287624 3.62
861.00 0.287432 3.62
862.00 0.287239 3.62
863.00 0.287047 3.62
864.00 0.286854 3.62
865.00 0.286660 3.62
866.00 0.286465 3.61
867.00 0.286273 3.61
868.00 0.286080 3.61
869.00 0.285886 3.61
870.00 0.285691 3.61
871.00 0.285496 3.61
872.00 0.285299 3.61
873.00 0.285101 3.61
874.00 0.284901 3.61
875.00 0.284701 3.61
876.00 0.284499 3.61
877.00 0.284295 3.61
878.00 0.284090 3.61
879.00 0.283884 3.61
880.00 0.283676 3.61
881.00 0.283466 3.61
882.00 0.283254 3.61
883.00 0.283041 3.61
884.00 0.282826 3.61
885.00 0.282609 3.61
886.00 0.282390 3.61
887.00 0.282168 3.61
888.00 0.281945 3.61
889.00 0.281724 3.60
890.00 0.281501 3.60
891.00 0.281275 3.60
892.00 0.281048 3.60
893.00 0.280818 3.60
894.00 0.280587 3.59
895.00 0.280360 3.59
896.00 0.280131 3.59
897.00 0.279901 3.59
898.00 0.279668 3.59
899.00 0.279434 3.59
900.00 0.279197 3.59
901.00 0.278959 3.59
902.00 0.278718 3.59
903.00 0.278483 3.58
904.00 0.278255 3.58
905.00 0.278026 3.58
906.00 0.277805 3.57
907.00 0.277593 3.56
908.00 0.277388 3.56
909.00 0.277182 3.56
910.00 0.276976 3.56
911.00 0.276769 3.56
912.00 0.276562 3.56
913.00 0.276354 3.56
914.00 0.276145 3.56
915.00 0.275936 3.56
916.00 0.275725 3.56
917.00 0.275513 3.56
918.00 0.275300 3.56
919.00 0.275088 3.55
920.00 0.274875 3.55
921.00 0.274661 3.55
922.00 0.274445 3.55
923.00 0.274228 3.55
924.00 0.274009 3.55
925.00 0.273789 3.55
926.00 0.273567 3.55
927.00 0.273343 3.55
928.00 0.273117 3.55
929.00 0.272890 3.55
930.00 0.272667 3.54
931.00 0.272448 3.54
932.00 0.272227 3.54
933.00 0.272004 3.54
934.00 0.271780 3.54
935.00 0.271555 3.54
936.00 0.271328 3.54
937.00 0.271099 3.54
938.00 0.270868 3.54
939.00 0.270636 3.54
940.00 0.270401 3.54
941.00 0.270165 3.53
942.00 0.269940 3.53
943.00 0.269714 3.53
944.00 0.269487 3.53
945.00 0.269258 3.53
946.00 0.269028 3.53
947.00 0.268796 3.53
948.00 0.268562 3.53
949.00 0.268327 3.53
950.00 0.268090 3.53
951.00 0.267851 3.53
952.00 0.267610 3.53
953.00 0.267367 3.53
954.00 0.267129 3.52
955.00 0.266900 3.52
956.00 0.266671 3.52
957.00 0.266440 3.52
958.00 0.266207 3.52
959.00 0.265973 3.52
960.00 0.265742 3.51
961.00 0.265510 3.51
962.00 0.265276 3.51
963.00 0.265041 3.51
964.00 0.264805 3.51
965.00 0.264567 3.51
966.00 0.264327 3.51
967.00 0.264085 3.51
968.00 0.263842 3.51
969.00 0.263597 3.51
970.00 0.263351 3.50
971.00 0.263107 3.50
972.00 0.262861 3.50
973.00 0.262613 3.50
974.00 0.262363 3.50
975.00 0.262111 3.50
976.00 0.261859 3.49
977.00 0.261609 3.49
978.00 0.261369 3.48
979.00 0.261128 3.48
980.00 0.260886 3.48
981.00 0.260643 3.48
982.00 0.260399 3.48
983.00 0.260152 3.48
984.00 0.259905 3.48
985.00 0.259655 3.48
986.00 0.259404 3.48
987.00 0.259150 3.48
988.00 0.258895 3.48
989.00 0.258638 3.48
990.00 0.258379 3.48
991.00 0.258118 3.48
992.00 0.257854 3.48
993.00 0.257592 3.47
994.00 0.257327 3.47
995.00 0.257061 3.46
996.00 0.256802 3.45
997.00 0.256556 3.42
998.00 0.256329 3.42
999.00 0.256103 3.42
1000.00 0.255878 3.41
