0.00 0.262455 3.22
1.00 0.262455 3.22
2.00 0.262452 3.22
3.00 0.262448 3.22
4.00 0.262442 3.22
5.00 0.262435 3.22
6.00 0.262426 3.22
7.00 0.262416 3.22
8.00 0.262404 3.22
9.00 0.262390 3.22
10.00 0.262375 3.22
11.00 0.262358 3.22
12.00 0.262339 3.22
13.00 0.262319 3.22
14.00 0.262297 3.22
15.00 0.262274 3.22
16.00 0.262249 3.22
17.00 0.262223 3.22
18.00 0.262195 3.22
19.00 0.262165 3.22
20.00 0.262134 3.22
21.00 0.262102 3.22
22.00 0.262068 3.22
23.00 0.262032 3.22
24.00 0.261995 3.22
25.00 0.261956 3.22
26.00 0.261916 3.22
27.00 0.261875 3.22
28.00 0.261832 3.22
29.00 0.261787 3.22
30.00 0.261742 3.22
31.00 0.261694 3.22
32.00 0.261645 3.22
33.00 0.261595 3.22
34.00 0.261543 3.22
35.00 0.261490 3.22
36.00 0.261436 3.22
37.00 0.261380 3.22
38.00 0.261323 3.22
39.00 0.261264 3.22
40.00 0.261204 3.22
41.00 0.261142 3.22
42.00 0.261079 3.22
43.00 0.261015 3.22
44.00 0.260949 3.22
45.00 0.260882 3.22
46.00 0.260814 3.22
47.00 0.260744 3.22
48.00 0.260673 3.22
49.00 0.260600 3.22
50.00 0.260526 3.22
51.00 0.260451 3.22
52.00 0.260374 3.22
53.00 0.260296 3.22
54.00 0.260217 3.22
55.00 0.260136 3.22
56.00 0.260054 3.22
57.00 0.259970 3.22
58.00 0.259885 3.22
59.00 0.259798 3.22
60.00 0.259711 3.22
61.00 0.259621 3.22
62.00 0.259531 3.22
63.00 0.259439 3.22
64.00 0.259345 3.22
65.00 0.259250 3.22
66.00 0.259154 3.22
67.00 0.259056 3.22
68.00 0.258957 3.22
69.00 0.258856 3.22
70.00 0.258754 3.22
71.00 0.258651 3.21
72.00 0.258551 3.21
73.00 0.258454 3.20
74.00 0.258357 3.20
75.00 0.258259 3.20
76.00 0.258160 3.20
77.00 0.258061 3.20
78.00 0.257960 3.20
79.00 0.257859 3.20
80.00 0.257757 3.20
81.00 0.257653 3.20
82.00 0.257549 3.20
83.00 0.257444 3.20
84.00 0.257337 3.20
85.00 0.257230 3.20
86.00 0.257122 3.20
87.00 0.257012 3.20
88.00 0.256902 3.20
89.00 0.256790 3.20
90.00 0.256677 3.20
91.00 0.256564 3.20
92.00 0.256449 3.20
93.00 0.256333 3.20
94.00 0.256217 3.19
95.00 0.256103 3.19
96.00 0.255989 3.18
97.00 0.255875 3.18
98.00 0.255760 3.18
99.00 0.255645 3.18
100.00 0.255529 3.18
101.00 0.255413 3.18
102.00 0.255295 3.18
103.00 0.255177 3.18
104.00 0.255058 3.18
105.00 0.254938 3.18
106.00 0.254817 3.18
107.00 0.254695 3.18
108.00 0.254574 3.17
109.00 0.254461 3.17
110.00 0.254347 3.17
111.00 0.254234 3.17
112.00 0.254119 3.17
113.00 0.254004 3.17
114.00 0.253889 3.17
115.00 0.253773 3.17
116.00 0.253657 3.17
117.00 0.253539 3.17
118.00 0.253421 3.17
119.00 0.253302 3.17
120.00 0.253183 3.17
121.00 0.253063 3.17
122.00 0.252941 3.17
123.00 0.252819 3.17
124.00 0.252696 3.17
125.00 0.252572 3.17
126.00 0.252448 3.17
127.00 0.252322 3.17
128.00 0.252195 3.17
129.00 0.252067 3.17
130.00 0.251938 3.17
131.00 0.251808 3.17
132.00 0.251677 3.17
133.00 0.251545 3.17
134.00 0.251411 3.17
135.00 0.251277 3.17
136.00 0.251141 3.17
137.00 0.251004 3.17
138.00 0.250866 3.17
139.00 0.250726 3.17
140.00 0.250586 3.16
141.00 0.250449 3.16
142.00 0.250310 3.16
143.00 0.250170 3.16
144.00 0.250030 3.16
145.00 0.249888 3.16
146.00 0.249747 3.15
147.00 0.249606 3.15
148.00 0.249464 3.15
149.00 0.249320 3.15
150.00 0.249176 3.15
151.00 0.249031 3.15
152.00 0.248884 3.15
153.00 0.248736 3.15
154.00 0.248587 3.15
155.00 0.248436 3.15
156.00 0.248284 3.15
157.00 0.248131 3.15
158.00 0.247980 3.14
159.00 0.247828 3.14
160.00 0.247675 3.14
161.00 0.247521 3.14
162.00 0.247366 3.14
163.00 0.247209 3.14
164.00 0.247051 3.14
165.00 0.246892 3.14
166.00 0.246731 3.14
167.00 0.246568 3.14
168.00 0.246404 3.14
169.00 0.246239 3.14
170.00 0.246072 3.14
171.00 0.245914 3.13
172.00 0.245765 3.12
173.00 0.245618 3.12
174.00 0.245471 3.12
175.00 0.245323 3.12
176.00 0.245175 3.12
177.00 0.245026 3.12
178.00 0.244876 3.12
179.00 0.244725 3.12
180.00 0.244573 3.12
181.00 0.244421 3.12
182.00 0.244269 3.11
183.00 0.244123 3.11
184.00 0.243977 3.11
185.00 0.243830 3.11
186.00 0.243682 3.11
187.00 0.243533 3.11
188.00 0.243384 3.11
189.00 0.243233 3.11
190.00 0.243082 3.11
191.00 0.242930 3.11
192.00 0.242776 3.11
193.00 0.242622 3.11
194.00 0.242467 3.11
195.00 0.242310 3.11
196.00 0.242152 3.11
197.00 0.241993 3.11
198.00 0.241833 3.11
199.00 0.241672 3.11
200.00 0.241509 3.11
201.00 0.241345 3.11
202.00 0.241179 3.11
203.00 0.241012 3.11
204.00 0.240843 3.11
205.00 0.240673 3.11
206.00 0.240502 3.11
207.00 0.240329 3.11
208.00 0.240154 3.11
209.00 0.239978 3.11
210.00 0.239810 3.10
211.00 0.239643 3.10
212.00 0.239476 3.10
213.00 0.239307 3.10
214.00 0.239138 3.10
215.00 0.238967 3.10
216.00 0.238794 3.10
217.00 0.238621 3.10
218.00 0.238446 3.10
219.00 0.238269 3.10
220.00 0.238091 3.10
221.00 0.237912 3.10
222.00 0.237730 3.10
223.00 0.237547 3.10
224.00 0.237363 3.10
225.00 0.237176 3.10
226.00 0.236988 3.10
227.00 0.236798 3.10
228.00 0.236606 3.10
229.00 0.236412 3.10
230.00 0.236216 3.10
231.00 0.236018 3.10
232.00 0.235818 3.10
233.00 0.235616 3.10
234.00 0.235411 3.10
235.00 0.235205 3.10
236.00 0.234995 3.10
237.00 0.234784 3.10
238.00 0.234570 3.10
239.00 0.234354 3.10
240.00 0.234135 3.10
241.00 0.233914 3.10
242.00 0.233690 3.10
243.00 0.233464 3.10
244.00 0.233242 3.08
245.00 0.233025 3.08
246.00 0.232806 3.08
247.00 0.232584 3.08
248.00 0.232361 3.08
249.00 0.232141 3.07
250.00 0.231920 3.07
251.00 0.231697 3.07
252.00 0.231472 3.07
253.00 0.231245 3.07
254.00 0.231016 3.07
255.00 0.230791 3.06
256.00 0.230564 3.06
257.00 0.230335 3.06
258.00 0.230105 3.06
259.00 0.229877 3.05
260.00 0.229654 3.04
261.00 0.229432 3.04
262.00 0.229215 3.02
263.00 0.229014 3.02
264.00 0.228814 3.02
265.00 0.228613 3.02
266.00 0.228412 3.02
267.00 0.228211 3.02
268.00 0.228010 3.02
269.00 0.227808 3.02
270.00 0.227606 3.02
271.00 0.227403 3.02
272.00 0.227199 3.02
273.00 0.227006 3.01
274.00 0.226813 3.01
275.00 0.226619 3.01
276.00 0.226426 3.01
277.00 0.226232 3.01
278.00 0.226037 3.01
279.00 0.225842 3.01
280.00 0.225646 3.01
281.00 0.225449 3.01
282.00 0.225251 3.01
283.00 0.225052 3.01
284.00 0.224852 3.01
285.00 0.224655 2.99
286.00 0.224466 2.99
287.00 0.224277 2.99
288.00 0.224088 2.99
289.00 0.223899 2.98
290.00 0.223727 2.97
291.00 0.223557 2.97
292.00 0.223388 2.97
293.00 0.223219 2.97
294.00 0.223051 2.97
295.00 0.222882 2.97
296.00 0.222714 2.97
297.00 0.222546 2.97
298.00 0.222377 2.97
299.00 0.222208 2.97
300.00 0.222039 2.97
301.00 0.221870 2.97
302.00 0.221700 2.97
303.00 0.221529 2.97
304.00 0.221358 2.97
305.00 0.221186 2.97
306.00 0.221013 2.97
307.00 0.220840 2.97
308.00 0.220665 2.97
309.00 0.220490 2.97
310.00 0.220313 2.97
311.00 0.220136 2.97
312.00 0.219957 2.97
313.00 0.219777 2.97
314.00 0.219599 2.96
315.00 0.219420 2.96
316.00 0.219239 2.96
317.00 0.219057 2.96
318.00 0.218874 2.96
319.00 0.218689 2.96
320.00 0.218502 2.96
321.00 0.218314 2.96
322.00 0.218124 2.96
323.00 0.217933 2.96
324.00 0.217743 2.95
325.00 0.217553 2.95
326.00 0.217361 2.95
327.00 0.217167 2.95
328.00 0.216971 2.95
329.00 0.216774 2.95
330.00 0.216575 2.95
331.00 0.216374 2.95
332.00 0.216170 2.95
333.00 0.215965 2.95
334.00 0.215758 2.95
335.00 0.215548 2.95
336.00 0.215336 2.95
337.00 0.215122 2.94
338.00 0.214912 2.94
339.00 0.214699 2.94
340.00 0.214485 2.94
341.00 0.214268 2.94
342.00 0.214052 2.93
343.00 0.213839 2.93
344.00 0.213625 2.93
345.00 0.213409 2.93
346.00 0.213191 2.93
347.00 0.212971 2.93
348.00 0.212749 2.93
349.00 0.212526 2.93
350.00 0.212309 2.92
351.00 0.212095 2.92
352.00 0.211880 2.92
353.00 0.211663 2.92
354.00 0.211444 2.92
355.00 0.211224 2.92
356.00 0.211002 2.92
357.00 0.210778 2.92
358.00 0.210553 2.92
359.00 0.210326 2.92
360.00 0.210096 2.92
361.00 0.209866 2.91
362.00 0.209644 2.91
363.00 0.209421 2.91
364.00 0.209197 2.91
365.00 0.208972 2.91
366.00 0.208745 2.91
367.00 0.208517 2.91
368.00 0.208296 2.90
369.00 0.208074 2.90
370.00 0.207853 2.89
371.00 0.207642 2.89
372.00 0.207441 2.88
373.00 0.207244 2.88
374.00 0.207048 2.87
375.00 0.206857 2.87
376.00 0.206667 2.87
377.00 0.206476 2.87
378.00 0.206286 2.87
379.00 0.206095 2.87
380.00 0.205903 2.87
381.00 0.205712 2.87
382.00 0.205519 2.87
383.00 0.205326 2.87
384.00 0.205132 2.87
385.00 0.204938 2.87
386.00 0.204742 2.87
387.00 0.204546 2.87
388.00 0.204348 2.87
389.00 0.204150 2.87
390.00 0.203950 2.87
391.00 0.203748 2.87
392.00 0.203546 2.87
393.00 0.203343 2.86
394.00 0.203143 2.86
395.00 0.202943 2.86
396.00 0.202741 2.86
397.00 0.202541 2.85
398.00 0.202350 2.85
399.00 0.202160 2.85
400.00 0.201969 2.85
401.00 0.201783 2.84
402.00 0.201599 2.84
403.00 0.201414 2.84
404.00 0.201228 2.84
405.00 0.201042 2.84
406.00 0.200856 2.84
407.00 0.200668 2.84
408.00 0.200480 2.84
409.00 0.200290 2.84
410.00 0.200100 2.84
411.00 0.199908 2.84
412.00 0.199715 2.84
413.00 0.199521 2.84
414.00 0.199325 2.84
415.00 0.199128 2.84
416.00 0.198929 2.84
417.00 0.198729 2.84
418.00 0.198527 2.84
419.00 0.198323 2.84
420.00 0.198117 2.84
421.00 0.197909 2.84
422.00 0.197699 2.84
423.00 0.197487 2.84
424.00 0.197276 2.83
425.00 0.197070 2.83
426.00 0.196863 2.83
427.00 0.196654 2.83
428.00 0.196444 2.83
429.00 0.196232 2.83
430.00 0.196018 2.83
431.00 0.195803 2.83
432.00 0.195585 2.83
433.00 0.195365 2.83
434.00 0.195146 2.82
435.00 0.194936 2.82
436.00 0.194724 2.82
437.00 0.194513 2.81
438.00 0.194302 2.81
439.00 0.194090 2.81
440.00 0.193876 2.81
441.00 0.193666 2.80
442.00 0.193458 2.80
443.00 0.193248 2.80
444.00 0.193038 2.80
445.00 0.192826 2.80
446.00 0.192613 2.80
447.00 0.192400 2.79
448.00 0.192194 2.79
449.00 0.191987 2.79
450.00 0.191780 2.79
451.00 0.191576 2.78
452.00 0.191374 2.78
453.00 0.191171 2.78
454.00 0.190977 2.77
455.00 0.190788 2.77
456.00 0.190600 2.77
457.00 0.190412 2.77
458.00 0.190237 2.76
459.00 0.190064 2.76
460.00 0.189890 2.76
461.00 0.189717 2.76
462.00 0.189548 2.75
463.00 0.189386 2.75
464.00 0.189225 2.75
465.00 0.189063 2.75
466.00 0.188902 2.75
467.00 0.188741 2.75
468.00 0.188597 2.74
469.00 0.188454 2.74
470.00 0.188313 2.74
471.00 0.188172 2.74
472.00 0.188031 2.74
473.00 0.187891 2.74
474.00 0.187751 2.74
475.00 0.187611 2.74
476.00 0.187470 2.74
477.00 0.187330 2.74
478.00 0.187189 2.74
479.00 0.187047 2.74
480.00 0.186905 2.74
481.00 0.186762 2.74
482.00 0.186619 2.74
483.00 0.186474 2.74
484.00 0.186329 2.74
485.00 0.186183 2.74
486.00 0.186036 2.74
487.00 0.185888 2.74
488.00 0.185738 2.74
489.00 0.185587 2.74
490.00 0.185435 2.74
491.00 0.185282 2.74
492.00 0.185127 2.74
493.00 0.184971 2.74
494.00 0.184813 2.74
495.00 0.184653 2.74
496.00 0.184492 2.74
497.00 0.184329 2.74
498.00 0.184164 2.74
499.00 0.183997 2.74
500.00 0.183828 2.74
501.00 0.183657 2.74
502.00 0.183485 2.74
503.00 0.183310 2.74
504.00 0.183133 2.74
505.00 0.182953 2.74
506.00 0.182772 2.74
507.00 0.182588 2.74
508.00 0.182401 2.74
509.00 0.182213 2.74
510.00 0.182022 2.74
511.00 0.181828 2.74
512.00 0.181632 2.74
513.00 0.181433 2.74
514.00 0.181231 2.74
515.00 0.181027 2.74
516.00 0.180825 2.73
517.00 0.180624 2.73
518.00 0.180420 2.73
519.00 0.180215 2.73
520.00 0.180006 2.73
521.00 0.179796 2.73
522.00 0.179582 2.73
523.00 0.179367 2.73
524.00 0.179161 2.72
525.00 0.178959 2.72
526.00 0.178754 2.72
527.00 0.178548 2.72
528.00 0.178357 2.71
529.00 0.178167 2.71
530.00 0.177977 2.71
531.00 0.177786 2.71
532.00 0.177594 2.71
533.00 0.177400 2.71
534.00 0.177205 2.71
535.00 0.177021 2.69
536.00 0.176842 2.69
537.00 0.176663 2.69
538.00 0.176483 2.69
539.00 0.176303 2.69
540.00 0.176122 2.69
541.00 0.175942 2.68
542.00 0.175762 2.68
543.00 0.175581 2.67
544.00 0.175405 2.67
545.00 0.175236 2.66
546.00 0.175074 2.66
547.00 0.174914 2.65
548.00 0.174755 2.65
549.00 0.174595 2.64
550.00 0.174441 2.64
551.00 0.174286 2.64
552.00 0.174130 2.64
553.00 0.173974 2.64
554.00 0.173818 2.64
555.00 0.173660 2.64
556.00 0.173501 2.64
557.00 0.173357 2.61
558.00 0.173217 2.61
559.00 0.173077 2.61
560.00 0.172937 2.61
561.00 0.172796 2.61
562.00 0.172655 2.61
563.00 0.172517 2.60
564.00 0.172379 2.60
565.00 0.172241 2.60
566.00 0.172103 2.60
567.00 0.171964 2.60
568.00 0.171824 2.60
569.00 0.171684 2.60
570.00 0.171543 2.60
571.00 0.171401 2.60
572.00 0.171258 2.60
573.00 0.171115 2.60
574.00 0.170970 2.60
575.00 0.170833 2.58
576.00 0.170706 2.58
577.00 0.170579 2.58
578.00 0.170452 2.58
579.00 0.170334 2.57
580.00 0.170227 2.57
581.00 0.170120 2.57
582.00 0.170015 2.57
583.00 0.169910 2.57
584.00 0.169805 2.57
585.00 0.169700 2.57
586.00 0.169596 2.57
587.00 0.169491 2.57
588.00 0.169387 2.57
589.00 0.169282 2.57
590.00 0.169177 2.57
591.00 0.169072 2.57
592.00 0.168966 2.57
593.00 0.168860 2.57
594.00 0.168754 2.57
595.00 0.168652 2.56
596.00 0.168553 2.56
597.00 0.168454 2.56
598.00 0.168355 2.56
599.00 0.168255 2.56
600.00 0.168156 2.56
601.00 0.168056 2.56
602.00 0.167955 2.56
603.00 0.167856 2.55
604.00 0.167757 2.55
605.00 0.167657 2.55
606.00 0.167557 2.55
607.00 0.167456 2.55
608.00 0.167354 2.55
609.00 0.167252 2.55
610.00 0.167149 2.55
611.00 0.167046 2.54
612.00 0.166947 2.54
613.00 0.166848 2.54
614.00 0.166747 2.54
615.00 0.166647 2.54
616.00 0.166545 2.54
617.00 0.166443 2.54
618.00 0.166340 2.54
619.00 0.166237 2.54
620.00 0.166135 2.53
621.00 0.166036 2.53
622.00 0.165937 2.53
623.00 0.165837 2.53
624.00 0.165736 2.53
625.00 0.165635 2.53
626.00 0.165533 2.53
627.00 0.165430 2.53
628.00 0.165326 2.53
629.00 0.165221 2.53
630.00 0.165118 2.52
631.00 0.165024 2.52
632.00 0.164930 2.52
633.00 0.164836 2.52
634.00 0.164742 2.52
635.00 0.164647 2.52
636.00 0.164552 2.52
637.00 0.164457 2.52
638.00 0.164361 2.52
639.00 0.164264 2.52
640.00 0.164167 2.52
641.00 0.164069 2.52
642.00 0.163973 2.51
643.00 0.163889 2.51
644.00 0.163805 2.51
645.00 0.163721 2.51
646.00 0.163637 2.51
647.00 0.163554 2.51
648.00 0.163470 2.51
649.00 0.163386 2.51
650.00 0.163301 2.51
651.00 0.163217 2.51
652.00 0.163132 2.51
653.00 0.163047 2.51
654.00 0.162961 2.51
655.00 0.162875 2.51
656.00 0.162789 2.51
657.00 0.162702 2.51
658.00 0.162622 2.50
659.00 0.162543 2.50
660.00 0.162464 2.50
661.00 0.162385 2.50
662.00 0.162306 2.50
663.00 0.162226 2.50
664.00 0.162146 2.50
665.00 0.162066 2.50
666.00 0.161986 2.50
667.00 0.161905 2.50
668.00 0.161823 2.50
669.00 0.161742 2.50
670.00 0.161659 2.50
671.00 0.161576 2.50
672.00 0.161493 2.50
673.00 0.161409 2.50
674.00 0.161324 2.50
675.00 0.161239 2.50
676.00 0.161152 2.50
677.00 0.161066 2.50
678.00 0.160978 2.50
679.00 0.160890 2.50
680.00 0.160801 2.50
681.00 0.160711 2.50
682.00 0.160620 2.50
683.00 0.160529 2.50
684.00 0.160436 2.50
685.00 0.160343 2.50
686.00 0.160249 2.50
687.00 0.160153 2.50
688.00 0.160057 2.50
689.00 0.159960 2.50
690.00 0.159861 2.50
691.00 0.159762 2.50
692.00 0.159662 2.50
693.00 0.159560 2.50
694.00 0.159457 2.50
695.00 0.159353 2.50
696.00 0.159248 2.50
697.00 0.159142 2.50
698.00 0.159039 2.49
699.00 0.158936 2.49
700.00 0.158833 2.49
701.00 0.158729 2.49
702.00 0.158623 2.49
703.00 0.158517 2.49
704.00 0.158409 2.49
705.00 0.158300 2.49
706.00 0.158191 2.49
707.00 0.158080 2.49
708.00 0.157968 2.49
709.00 0.157854 2.49
710.00 0.157753 2.47
711.00 0.157657 2.47
712.00 0.157562 2.47
713.00 0.157465 2.47
714.00 0.157369 2.47
715.00 0.157272 2.47
716.00 0.157175 2.47
717.00 0.157077 2.47
718.00 0.156978 2.47
719.00 0.156879 2.47
720.00 0.156780 2.47
721.00 0.156679 2.47
722.00 0.156578 2.47
723.00 0.156476 2.47
724.00 0.156373 2.47
725.00 0.156269 2.47
726.00 0.156165 2.47
727.00 0.156059 2.47
728.00 0.155960 2.46
729.00 0.155868 2.46
730.00 0.155777 2.46
731.00 0.155685 2.46
732.00 0.155593 2.46
733.00 0.155500 2.46
734.00 0.155408 2.46
735.00 0.155315 2.46
736.00 0.155221 2.46
737.00 0.155127 2.46
738.00 0.155032 2.46
739.00 0.154937 2.46
740.00 0.154841 2.46
741.00 0.154744 2.46
742.00 0.154647 2.46
743.00 0.154548 2.46
744.00 0.154449 2.46
745.00 0.154349 2.46
746.00 0.154249 2.46
747.00 0.154147 2.46
748.00 0.154044 2.46
749.00 0.153940 2.46
750.00 0.153836 2.46
751.00 0.153730 2.46
752.00 0.153628 2.45
753.00 0.153529 2.45
754.00 0.153433 2.44
755.00 0.153340 2.44
756.00 0.153247 2.44
757.00 0.153154 2.44
758.00 0.153061 2.44
759.00 0.152967 2.44
760.00 0.152873 2.44
761.00 0.152778 2.44
762.00 0.152682 2.44
763.00 0.152586 2.44
764.00 0.152489 2.44
765.00 0.152392 2.44
766.00 0.152293 2.44
767.00 0.152194 2.44
768.00 0.152093 2.44
769.00 0.151992 2.44
770.00 0.151890 2.44
771.00 0.151787 2.44
772.00 0.151683 2.44
773.00 0.151578 2.44
774.00 0.151472 2.44
775.00 0.151364 2.44
776.00 0.151256 2.44
777.00 0.151146 2.44
778.00 0.151035 2.44
779.00 0.150930 2.43
780.00 0.150827 2.43
781.00 0.150723 2.43
782.00 0.150618 2.43
783.00 0.150513 2.43
784.00 0.150407 2.43
785.00 0.150300 2.43
786.00 0.150192 2.43
787.00 0.150094 2.42
788.00 0.149997 2.42
789.00 0.149900 2.42
790.00 0.149807 2.41
791.00 0.149715 2.41
792.00 0.149623 2.41
793.00 0.149530 2.41
794.00 0.149437 2.41
795.00 0.149344 2.41
796.00 0.149250 2.41
797.00 0.149155 2.41
798.00 0.149060 2.41
799.00 0.148965 2.41
800.00 0.148868 2.41
801.00 0.148771 2.41
802.00 0.148673 2.41
803.00 0.148575 2.41
804.00 0.148476 2.41
805.00 0.148375 2.41
806.00 0.148280 2.40
807.00 0.148192 2.40
808.00 0.148105 2.40
809.00 0.148017 2.40
810.00 0.147930 2.40
811.00 0.147842 2.40
812.00 0.147754 2.40
813.00 0.147666 2.40
814.00 0.147577 2.40
815.00 0.147488 2.40
816.00 0.147398 2.40
817.00 0.147308 2.40
818.00 0.147217 2.40
819.00 0.147125 2.40
820.00 0.147033 2.40
821.00 0.146941 2.40
822.00 0.146847 2.40
823.00 0.146753 2.40
824.00 0.146658 2.40
825.00 0.146562 2.40
826.00 0.146468 2.39
827.00 0.146377 2.39
828.00 0.146285 2.39
829.00 0.146193 2.39
830.00 0.146101 2.39
831.00 0.146008 2.39
832.00 0.145915 2.39
833.00 0.145820 2.39
834.00 0.145725 2.39
835.00 0.145630 2.39
836.00 0.145533 2.39
837.00 0.145436 2.39
838.00 0.145342 2.38
839.00 0.145249 2.38
840.00 0.145155 2.38
841.00 0.145061 2.38
842.00 0.144966 2.38
843.00 0.144873 2.37
844.00 0.144781 2.37
845.00 0.144687 2.37
846.00 0.144594 2.37
847.00 0.144500 2.36
848.00 0.144412 2.36
849.00 0.144323 2.36
850.00 0.144234 2.36
851.00 0.144144 2.36
852.00 0.144053 2.36
853.00 0.143962 2.36
854.00 0.143871 2.36
855.00 0.143778 2.36
856.00 0.143685 2.36
857.00 0.143591 2.36
858.00 0.143496 2.36
859.00 0.143400 2.36
860.00 0.143304 2.36
861.00 0.143209 2.35
862.00 0.143118 2.35
863.00 0.143026 2.35
864.00 0.142933 2.35
865.00 0.142840 2.35
866.00 0.142745 2.35
867.00 0.142650 2.35
868.00 0.142554 2.35
869.00 0.142456 2.35
870.00 0.142358 2.35
871.00 0.142259 2.35
872.00 0.142158 2.35
873.00 0.142057 2.35
874.00 0.141954 2.35
875.00 0.141850 2.35
876.00 0.141745 2.35
877.00 0.141639 2.35
878.00 0.141532 2.35
879.00 0.141423 2.35
880.00 0.141313 2.35
881.00 0.141201 2.35
882.00 0.141098 2.34
883.00 0.140997 2.34
884.00 0.140896 2.34
885.00 0.140795 2.34
886.00 0.140692 2.34
887.00 0.140589 2.34
888.00 0.140487 2.33
889.00 0.140397 2.33
890.00 0.140310 2.32
891.00 0.140229 2.32
892.00 0.140148 2.32
893.00 0.140066 2.32
894.00 0.139985 2.32
895.00 0.139904 2.32
896.00 0.139822 2.32
897.00 0.139741 2.32
898.00 0.139659 2.32
899.00 0.139577 2.32
900.00 0.139495 2.32
901.00 0.139412 2.32
902.00 0.139329 2.32
903.00 0.139245 2.32
904.00 0.139161 2.32
905.00 0.139077 2.32
906.00 0.138992 2.32
907.00 0.138906 2.32
908.00 0.138820 2.32
909.00 0.138737 2.31
910.00 0.138654 2.31
911.00 0.138571 2.31
912.00 0.138487 2.31
913.00 0.138403 2.31
914.00 0.138318 2.31
915.00 0.138233 2.31
916.00 0.138146 2.31
917.00 0.138060 2.30
918.00 0.137980 2.30
919.00 0.137899 2.30
920.00 0.137818 2.30
921.00 0.137737 2.30
922.00 0.137656 2.30
923.00 0.137574 2.30
924.00 0.137491 2.30
925.00 0.137408 2.30
926.00 0.137324 2.30
927.00 0.137240 2.30
928.00 0.137159 2.29
929.00 0.137077 2.29
930.00 0.136999 2.27
931.00 0.136936 2.27
932.00 0.136874 2.27
933.00 0.136812 2.27
934.00 0.136751 2.27
935.00 0.136690 2.27
936.00 0.136630 2.27
937.00 0.136569 2.27
938.00 0.136509 2.27
939.00 0.136449 2.27
940.00 0.136388 2.27
941.00 0.136328 2.27
942.00 0.136267 2.27
943.00 0.136207 2.27
944.00 0.136146 2.27
945.00 0.136085 2.27
946.00 0.136023 2.27
947.00 0.135962 2.27
948.00 0.135900 2.27
949.00 0.135837 2.27
950.00 0.135775 2.27
951.00 0.135712 2.27
952.00 0.135648 2.27
953.00 0.135584 2.27
954.00 0.135520 2.27
955.00 0.135455 2.27
956.00 0.135390 2.27
957.00 0.135324 2.27
958.00 0.135258 2.27
959.00 0.135192 2.27
960.00 0.135124 2.27
961.00 0.135056 2.27
962.00 0.134988 2.27
963.00 0.134919 2.27
964.00 0.134849 2.27
965.00 0.134779 2.27
966.00 0.134709 2.27
967.00 0.134637 2.27
968.00 0.134565 2.27
969.00 0.134492 2.27
970.00 0.134419 2.27
971.00 0.134345 2.27
972.00 0.134270 2.27
973.00 0.134194 2.27
974.00 0.134118 2.27
975.00 0.134041 2.27
976.00 0.133963 2.27
977.00 0.133892 2.26
978.00 0.133826 2.26
979.00 0.133760 2.26
980.00 0.133694 2.26
981.00 0.133629 2.26
982.00 0.133563 2.26
983.00 0.133497 2.26
984.00 0.133430 2.26
985.00 0.133364 2.26
986.00 0.133297 2.26
987.00 0.133230 2.26
988.00 0.133162 2.26
989.00 0.133094 2.26
990.00 0.133026 2.26
991.00 0.132957 2.26
992.00 0.132887 2.26
993.00 0.132817 2.26
994.00 0.132747 2.26
995.00 0.132676 2.26
996.00 0.132604 2.26
997.00 0.132532 2.26
998.00 0.132459 2.26
999.00 0.132385 2.26
1000.00 0.132311 2.26
