0.00 0.592372 5.07
1.00 0.592371 5.07
2.00 0.592366 5.07
3.00 0.592359 5.07
4.00 0.592348 5.07
5.00 0.592334 5.07
6.00 0.592318 5.07
7.00 0.592298 5.07
8.00 0.592275 5.07
9.00 0.592248 5.07
10.00 0.592219 5.07
11.00 0.592187 5.07
12.00 0.592151 5.07
13.00 0.592112 5.07
14.00 0.592070 5.07
15.00 0.592025 5.07
16.00 0.591977 5.07
17.00 0.591925 5.07
18.00 0.591870 5.07
19.00 0.591812 5.07
20.00 0.591750 5.07
21.00 0.591685 5.07
22.00 0.591617 5.07
23.00 0.591546 5.07
24.00 0.591471 5.07
25.00 0.591393 5.07
26.00 0.591312 5.07
27.00 0.591227 5.07
28.00 0.591139 5.07
29.00 0.591047 5.07
30.00 0.590953 5.07
31.00 0.590854 5.07
32.00 0.590753 5.07
33.00 0.590648 5.07
34.00 0.590539 5.07
35.00 0.590427 5.07
36.00 0.590312 5.07
37.00 0.590194 5.06
38.00 0.590074 5.06
39.00 0.589950 5.06
40.00 0.589823 5.06
41.00 0.589693 5.06
42.00 0.589559 5.06
43.00 0.589422 5.06
44.00 0.589282 5.06
45.00 0.589139 5.06
46.00 0.588992 5.06
47.00 0.588842 5.06
48.00 0.588688 5.06
49.00 0.588532 5.06
50.00 0.588371 5.06
51.00 0.588208 5.06
52.00 0.588041 5.06
53.00 0.587871 5.06
54.00 0.587697 5.06
55.00 0.587521 5.05
56.00 0.587342 5.05
57.00 0.587160 5.05
58.00 0.586974 5.05
59.00 0.586785 5.05
60.00 0.586593 5.05
61.00 0.586397 5.05
62.00 0.586199 5.05
63.00 0.585996 5.05
64.00 0.585791 5.05
65.00 0.585582 5.05
66.00 0.585370 5.05
67.00 0.585154 5.05
68.00 0.584935 5.05
69.00 0.584712 5.05
70.00 0.584486 5.05
71.00 0.584257 5.05
72.00 0.584023 5.05
73.00 0.583787 5.05
74.00 0.583547 5.05
75.00 0.583303 5.05
76.00 0.583056 5.05
77.00 0.582805 5.05
78.00 0.582551 5.05
79.00 0.582293 5.05
80.00 0.582031 5.05
81.00 0.581766 5.05
82.00 0.581497 5.05
83.00 0.581224 5.05
84.00 0.580948 5.05
85.00 0.580667 5.05
86.00 0.580383 5.05
87.00 0.580095 5.05
88.00 0.579803 5.05
89.00 0.579507 5.05
90.00 0.579207 5.05
91.00 0.578903 5.05
92.00 0.578596 5.05
93.00 0.578284 5.05
94.00 0.577968 5.05
95.00 0.577647 5.05
96.00 0.577323 5.05
97.00 0.576994 5.05
98.00 0.576663 5.04
99.00 0.576331 5.04
100.00 0.575996 5.04
101.00 0.575657 5.04
102.00 0.575314 5.04
103.00 0.574967 5.04
104.00 0.574616 5.04
105.00 0.574260 5.04
106.00 0.573900 5.04
107.00 0.573544 5.03
108.00 0.573186 5.03
109.00 0.572824 5.03
110.00 0.572458 5.03
111.00 0.572090 5.02
112.00 0.571730 5.02
113.00 0.571370 5.01
114.00 0.571012 5.01
115.00 0.570652 5.01
116.00 0.570288 5.01
117.00 0.569922 5.01
118.00 0.569553 5.01
119.00 0.569180 5.01
120.00 0.568804 5.01
121.00 0.568424 5.01
122.00 0.568041 5.01
123.00 0.567656 5.00
124.00 0.567272 5.00
125.00 0.566885 5.00
126.00 0.566495 5.00
127.00 0.566101 4.99
128.00 0.565713 4.99
129.00 0.565321 4.99
130.00 0.564927 4.99
131.00 0.564529 4.99
132.00 0.564128 4.99
133.00 0.563723 4.99
134.00 0.563319 4.98
135.00 0.562914 4.97
136.00 0.562519 4.97
137.00 0.562121 4.97
138.00 0.561720 4.96
139.00 0.561322 4.96
140.00 0.560920 4.96
141.00 0.560516 4.96
142.00 0.560108 4.96
143.00 0.559698 4.96
144.00 0.559284 4.96
145.00 0.558880 4.95
146.00 0.558477 4.95
147.00 0.558072 4.95
148.00 0.557663 4.95
149.00 0.557252 4.95
150.00 0.556838 4.95
151.00 0.556421 4.95
152.00 0.556003 4.94
153.00 0.555585 4.94
154.00 0.555164 4.94
155.00 0.554740 4.94
156.00 0.554313 4.94
157.00 0.553882 4.94
158.00 0.553447 4.94
159.00 0.553013 4.93
160.00 0.552577 4.93
161.00 0.552137 4.93
162.00 0.551694 4.93
163.00 0.551246 4.93
164.00 0.550795 4.93
165.00 0.550340 4.93
166.00 0.549884 4.92
167.00 0.549436 4.92
168.00 0.548985 4.92
169.00 0.548531 4.92
170.00 0.548073 4.92
171.00 0.547612 4.92
172.00 0.547146 4.92
173.00 0.546676 4.92
174.00 0.546202 4.92
175.00 0.545724 4.92
176.00 0.545241 4.92
177.00 0.544753 4.92
178.00 0.544261 4.92
179.00 0.543765 4.92
180.00 0.543263 4.92
181.00 0.542760 4.91
182.00 0.542267 4.90
183.00 0.541782 4.90
184.00 0.541293 4.90
185.00 0.540800 4.90
186.00 0.540304 4.90
187.00 0.539804 4.90
188.00 0.539299 4.90
189.00 0.538796 4.89
190.00 0.538296 4.89
191.00 0.537802 4.88
192.00 0.537305 4.88
193.00 0.536804 4.88
194.00 0.536300 4.88
195.00 0.535792 4.88
196.00 0.535279 4.88
197.00 0.534763 4.88
198.00 0.534242 4.88
199.00 0.533727 4.87
200.00 0.533218 4.87
201.00 0.532705 4.87
202.00 0.532188 4.87
203.00 0.531668 4.87
204.00 0.531143 4.87
205.00 0.530613 4.87
206.00 0.530079 4.87
207.00 0.529540 4.87
208.00 0.528996 4.87
209.00 0.528447 4.87
210.00 0.527902 4.86
211.00 0.527356 4.86
212.00 0.526806 4.85
213.00 0.526262 4.85
214.00 0.525714 4.85
215.00 0.525162 4.85
216.00 0.524606 4.84
217.00 0.524058 4.84
218.00 0.523507 4.84
219.00 0.522951 4.83
220.00 0.522410 4.83
221.00 0.521866 4.83
222.00 0.521317 4.83
223.00 0.520765 4.83
224.00 0.520207 4.83
225.00 0.519646 4.83
226.00 0.519079 4.83
227.00 0.518508 4.83
228.00 0.517931 4.83
229.00 0.517351 4.82
230.00 0.516769 4.82
231.00 0.516182 4.82
232.00 0.515589 4.82
233.00 0.514990 4.82
234.00 0.514386 4.82
235.00 0.513784 4.80
236.00 0.513190 4.80
237.00 0.512603 4.79
238.00 0.512023 4.79
239.00 0.511438 4.79
240.00 0.510848 4.79
241.00 0.510259 4.78
242.00 0.509674 4.78
243.00 0.509084 4.78
244.00 0.508489 4.78
245.00 0.507890 4.78
246.00 0.507285 4.78
247.00 0.506675 4.78
248.00 0.506059 4.78
249.00 0.505438 4.78
250.00 0.504810 4.78
251.00 0.504177 4.78
252.00 0.503537 4.78
253.00 0.502891 4.78
254.00 0.502238 4.78
255.00 0.501578 4.78
256.00 0.500912 4.78
257.00 0.500247 4.77
258.00 0.499583 4.77
259.00 0.498931 4.75
260.00 0.498303 4.73
261.00 0.497676 4.73
262.00 0.497044 4.73
263.00 0.496408 4.73
264.00 0.495767 4.73
265.00 0.495121 4.73
266.00 0.494470 4.73
267.00 0.493819 4.72
268.00 0.493181 4.72
269.00 0.492539 4.72
270.00 0.491891 4.72
271.00 0.491242 4.71
272.00 0.490598 4.70
273.00 0.489951 4.69
274.00 0.489309 4.68
275.00 0.488671 4.68
276.00 0.488029 4.68
277.00 0.487382 4.68
278.00 0.486743 4.67
279.00 0.486102 4.67
280.00 0.485465 4.66
281.00 0.484829 4.66
282.00 0.484188 4.66
283.00 0.483542 4.66
284.00 0.482897 4.65
285.00 0.482261 4.65
286.00 0.481623 4.64
287.00 0.480987 4.64
288.00 0.480346 4.64
289.00 0.479701 4.64
290.00 0.479060 4.63
291.00 0.478415 4.63
292.00 0.477784 4.62
293.00 0.477153 4.62
294.00 0.476539 4.61
295.00 0.475923 4.60
296.00 0.475319 4.59
297.00 0.474717 4.59
298.00 0.474112 4.59
299.00 0.473509 4.58
300.00 0.472907 4.58
301.00 0.472301 4.58
302.00 0.471691 4.58
303.00 0.471076 4.58
304.00 0.470463 4.57
305.00 0.469850 4.57
306.00 0.469232 4.57
307.00 0.468610 4.57
308.00 0.467983 4.57
309.00 0.467350 4.57
310.00 0.466713 4.57
311.00 0.466083 4.56
312.00 0.465453 4.56
313.00 0.464818 4.56
314.00 0.464177 4.56
315.00 0.463532 4.56
316.00 0.462881 4.56
317.00 0.462225 4.56
318.00 0.461574 4.55
319.00 0.460927 4.55
320.00 0.460286 4.54
321.00 0.459648 4.53
322.00 0.459021 4.53
323.00 0.458391 4.53
324.00 0.457756 4.53
325.00 0.457117 4.53
326.00 0.456486 4.52
327.00 0.455857 4.52
328.00 0.455236 4.51
329.00 0.454613 4.51
330.00 0.453997 4.50
331.00 0.453382 4.50
332.00 0.452763 4.50
333.00 0.452140 4.50
334.00 0.451511 4.50
335.00 0.450878 4.50
336.00 0.450240 4.50
337.00 0.449596 4.50
338.00 0.448947 4.50
339.00 0.448291 4.50
340.00 0.447630 4.50
341.00 0.446962 4.50
342.00 0.446290 4.49
343.00 0.445628 4.49
344.00 0.444961 4.48
345.00 0.444294 4.48
346.00 0.443621 4.48
347.00 0.442942 4.48
348.00 0.442257 4.48
349.00 0.441567 4.47
350.00 0.440891 4.47
351.00 0.440209 4.47
352.00 0.439521 4.47
353.00 0.438827 4.47
354.00 0.438126 4.47
355.00 0.437418 4.47
356.00 0.436710 4.46
357.00 0.436007 4.46
358.00 0.435298 4.46
359.00 0.434582 4.46
360.00 0.433860 4.46
361.00 0.433132 4.45
362.00 0.432417 4.45
363.00 0.431695 4.45
364.00 0.430966 4.45
365.00 0.430245 4.44
366.00 0.429522 4.44
367.00 0.428792 4.44
368.00 0.428055 4.44
369.00 0.427317 4.43
370.00 0.426575 4.43
371.00 0.425826 4.43
372.00 0.425070 4.43
373.00 0.424307 4.43
374.00 0.423537 4.43
375.00 0.422759 4.43
376.00 0.421999 4.41
377.00 0.421248 4.41
378.00 0.420491 4.41
379.00 0.419730 4.39
380.00 0.418981 4.39
381.00 0.418239 4.38
382.00 0.417510 4.36
383.00 0.416789 4.36
384.00 0.416064 4.36
385.00 0.415334 4.36
386.00 0.414599 4.36
387.00 0.413858 4.36
388.00 0.413111 4.36
389.00 0.412359 4.35
390.00 0.411614 4.35
391.00 0.410864 4.34
392.00 0.410130 4.34
393.00 0.409394 4.33
394.00 0.408670 4.33
395.00 0.407947 4.32
396.00 0.407230 4.31
397.00 0.406510 4.31
398.00 0.405788 4.30
399.00 0.405082 4.29
400.00 0.404379 4.29
401.00 0.403672 4.29
402.00 0.402965 4.28
403.00 0.402263 4.27
404.00 0.401556 4.27
405.00 0.400844 4.27
406.00 0.400126 4.27
407.00 0.399402 4.27
408.00 0.398673 4.27
409.00 0.397943 4.26
410.00 0.397219 4.25
411.00 0.396491 4.25
412.00 0.395757 4.25
413.00 0.395017 4.25
414.00 0.394271 4.25
415.00 0.393518 4.25
416.00 0.392773 4.24
417.00 0.392027 4.24
418.00 0.391292 4.22
419.00 0.390565 4.22
420.00 0.389850 4.21
421.00 0.389135 4.21
422.00 0.388414 4.21
423.00 0.387688 4.21
424.00 0.386961 4.20
425.00 0.386245 4.20
426.00 0.385523 4.20
427.00 0.384795 4.20
428.00 0.384061 4.20
429.00 0.383321 4.20
430.00 0.382590 4.19
431.00 0.381854 4.19
432.00 0.381113 4.19
433.00 0.380364 4.19
434.00 0.379610 4.19
435.00 0.378848 4.19
436.00 0.378079 4.19
437.00 0.377303 4.18
438.00 0.376535 4.18
439.00 0.375760 4.18
440.00 0.374992 4.17
441.00 0.374224 4.17
442.00 0.373448 4.17
443.00 0.372666 4.16
444.00 0.371899 4.16
445.00 0.371126 4.16
446.00 0.370346 4.16
447.00 0.369559 4.16
448.00 0.368764 4.16
449.00 0.367972 4.15
450.00 0.367176 4.15
451.00 0.366390 4.14
452.00 0.365608 4.13
453.00 0.364840 4.12
454.00 0.364079 4.11
455.00 0.363314 4.11
456.00 0.362544 4.11
457.00 0.361767 4.11
458.00 0.360983 4.11
459.00 0.360195 4.10
460.00 0.359417 4.10
461.00 0.358632 4.10
462.00 0.357840 4.10
463.00 0.357043 4.09
464.00 0.356243 4.09
465.00 0.355438 4.08
466.00 0.354628 4.08
467.00 0.353811 4.08
468.00 0.352998 4.06
469.00 0.352202 4.05
470.00 0.351412 4.05
471.00 0.350615 4.05
472.00 0.349812 4.05
473.00 0.349002 4.05
474.00 0.348184 4.05
475.00 0.347359 4.05
476.00 0.346526 4.05
477.00 0.345701 4.03
478.00 0.344875 4.03
479.00 0.344046 4.02
480.00 0.343228 4.01
481.00 0.342424 4.01
482.00 0.341613 4.01
483.00 0.340795 4.01
484.00 0.339970 4.01
485.00 0.339138 4.01
486.00 0.338306 4.00
487.00 0.337475 4.00
488.00 0.336638 4.00
489.00 0.335793 4.00
490.00 0.334950 3.99
491.00 0.334123 3.98
492.00 0.333298 3.97
493.00 0.332467 3.97
494.00 0.331630 3.97
495.00 0.330785 3.97
496.00 0.329941 3.96
497.00 0.329109 3.95
498.00 0.328286 3.94
499.00 0.327457 3.94
500.00 0.326621 3.94
501.00 0.325779 3.93
502.00 0.324942 3.93
503.00 0.324112 3.92
504.00 0.323289 3.91
505.00 0.322482 3.90
506.00 0.321676 3.90
507.00 0.320877 3.89
508.00 0.320081 3.89
509.00 0.319278 3.89
510.00 0.318476 3.88
511.00 0.317685 3.88
512.00 0.316886 3.88
513.00 0.316086 3.87
514.00 0.315288 3.87
515.00 0.314483 3.87
516.00 0.313670 3.87
517.00 0.312850 3.87
518.00 0.312023 3.87
519.00 0.311188 3.87
520.00 0.310345 3.87
521.00 0.309494 3.87
522.00 0.308635 3.87
523.00 0.307768 3.87
524.00 0.306893 3.87
525.00 0.306012 3.85
526.00 0.305166 3.85
527.00 0.304326 3.84
528.00 0.303484 3.84
529.00 0.302634 3.84
530.00 0.301779 3.83
531.00 0.300936 3.83
532.00 0.300095 3.82
533.00 0.299261 3.81
534.00 0.298420 3.81
535.00 0.297577 3.79
536.00 0.296753 3.79
537.00 0.295927 3.77
538.00 0.295104 3.77
539.00 0.294274 3.77
540.00 0.293442 3.76
541.00 0.292606 3.76
542.00 0.291775 3.74
543.00 0.290966 3.73
544.00 0.290158 3.73
545.00 0.289343 3.73
546.00 0.288538 3.72
547.00 0.287727 3.72
548.00 0.286909 3.72
549.00 0.286083 3.72
550.00 0.285268 3.70
551.00 0.284469 3.70
552.00 0.283664 3.70
553.00 0.282853 3.70
554.00 0.282033 3.70
555.00 0.281224 3.69
556.00 0.280421 3.68
557.00 0.279634 3.67
558.00 0.278848 3.67
559.00 0.278072 3.66
560.00 0.277293 3.66
561.00 0.276508 3.66
562.00 0.275718 3.65
563.00 0.274933 3.65
564.00 0.274142 3.65
565.00 0.273344 3.64
566.00 0.272543 3.64
567.00 0.271746 3.62
568.00 0.270975 3.62
569.00 0.270196 3.62
570.00 0.269411 3.62
571.00 0.268619 3.61
572.00 0.267834 3.61
573.00 0.267042 3.61
574.00 0.266243 3.61
575.00 0.265436 3.61
576.00 0.264630 3.59
577.00 0.263835 3.58
578.00 0.263036 3.58
579.00 0.262256 3.56
580.00 0.261488 3.55
581.00 0.260720 3.54
582.00 0.259958 3.53
583.00 0.259197 3.52
584.00 0.258443 3.51
585.00 0.257709 3.50
586.00 0.256972 3.50
587.00 0.256230 3.50
588.00 0.255481 3.50
589.00 0.254726 3.49
590.00 0.253983 3.49
591.00 0.253233 3.49
592.00 0.252477 3.49
593.00 0.251714 3.49
594.00 0.250944 3.49
595.00 0.250168 3.49
596.00 0.249384 3.49
597.00 0.248599 3.48
598.00 0.247812 3.48
599.00 0.247043 3.46
600.00 0.246282 3.46
601.00 0.245524 3.45
602.00 0.244774 3.44
603.00 0.244023 3.44
604.00 0.243266 3.44
605.00 0.242503 3.44
606.00 0.241760 3.41
607.00 0.241050 3.40
608.00 0.240351 3.39
609.00 0.239651 3.39
610.00 0.238953 3.38
611.00 0.238261 3.36
612.00 0.237571 3.36
613.00 0.236877 3.36
614.00 0.236177 3.36
615.00 0.235477 3.35
616.00 0.234782 3.34
617.00 0.234092 3.34
618.00 0.233397 3.34
619.00 0.232716 3.33
620.00 0.232031 3.33
621.00 0.231340 3.33
622.00 0.230648 3.32
623.00 0.229960 3.32
624.00 0.229266 3.32
625.00 0.228567 3.32
626.00 0.227861 3.32
627.00 0.227149 3.32
628.00 0.226430 3.32
629.00 0.225718 3.31
630.00 0.225024 3.29
631.00 0.224331 3.29
632.00 0.223631 3.29
633.00 0.222943 3.27
634.00 0.222263 3.27
635.00 0.221576 3.27
636.00 0.220884 3.27
637.00 0.220204 3.26
638.00 0.219521 3.26
639.00 0.218832 3.26
640.00 0.218137 3.26
641.00 0.217436 3.25
642.00 0.216764 3.24
643.00 0.216087 3.24
644.00 0.215404 3.23
645.00 0.214724 3.23
646.00 0.214038 3.23
647.00 0.213347 3.23
648.00 0.212649 3.23
649.00 0.211944 3.23
650.00 0.211259 3.20
651.00 0.210595 3.20
652.00 0.209926 3.20
653.00 0.209250 3.20
654.00 0.208590 3.19
655.00 0.207923 3.19
656.00 0.207262 3.18
657.00 0.206606 3.17
658.00 0.205958 3.17
659.00 0.205304 3.17
660.00 0.204644 3.17
661.00 0.203979 3.17
662.00 0.203307 3.17
663.00 0.202629 3.17
664.00 0.201945 3.17
665.00 0.201255 3.17
666.00 0.200558 3.17
667.00 0.199854 3.17
668.00 0.199144 3.17
669.00 0.198445 3.15
670.00 0.197779 3.14
671.00 0.197109 3.14
672.00 0.196435 3.13
673.00 0.195764 3.13
674.00 0.195086 3.13
675.00 0.194408 3.12
676.00 0.193738 3.12
677.00 0.193063 3.12
678.00 0.192382 3.11
679.00 0.191702 3.11
680.00 0.191015 3.11
681.00 0.190322 3.11
682.00 0.189648 3.08
683.00 0.188974 3.07
684.00 0.188305 3.07
685.00 0.187629 3.07
686.00 0.186972 3.05
687.00 0.186319 3.04
688.00 0.185684 3.03
689.00 0.185049 3.03
690.00 0.184409 3.03
691.00 0.183765 3.02
692.00 0.183141 3.01
693.00 0.182536 2.98
694.00 0.181942 2.98
695.00 0.181343 2.98
696.00 0.180762 2.95
697.00 0.180192 2.95
698.00 0.179627 2.93
699.00 0.179075 2.93
700.00 0.178519 2.93
701.00 0.177970 2.92
702.00 0.177424 2.92
703.00 0.176874 2.92
704.00 0.176323 2.91
705.00 0.175785 2.91
706.00 0.175243 2.91
707.00 0.174701 2.90
708.00 0.174164 2.90
709.00 0.173624 2.90
710.00 0.173078 2.90
711.00 0.172528 2.90
712.00 0.171974 2.90
713.00 0.171414 2.90
714.00 0.170850 2.90
715.00 0.170280 2.90
716.00 0.169711 2.89
717.00 0.169145 2.87
718.00 0.168606 2.87
719.00 0.168066 2.86
720.00 0.167543 2.85
721.00 0.167024 2.85
722.00 0.166500 2.84
723.00 0.165981 2.83
724.00 0.165462 2.83
725.00 0.164938 2.83
726.00 0.164409 2.83
727.00 0.163876 2.83
728.00 0.163338 2.83
729.00 0.162802 2.81
730.00 0.162279 2.81
731.00 0.161752 2.81
732.00 0.161227 2.80
733.00 0.160710 2.79
734.00 0.160193 2.79
735.00 0.159673 2.79
736.00 0.159147 2.79
737.00 0.158634 2.77
738.00 0.158132 2.77
739.00 0.157625 2.77
740.00 0.157114 2.77
741.00 0.156599 2.77
742.00 0.156090 2.76
743.00 0.155593 2.75
744.00 0.155101 2.75
745.00 0.154606 2.75
746.00 0.154106 2.75
747.00 0.153602 2.75
748.00 0.153093 2.75
749.00 0.152587 2.73
750.00 0.152096 2.73
751.00 0.151601 2.73
752.00 0.151102 2.73
753.00 0.150599 2.73
754.00 0.150091 2.73
755.00 0.149597 2.71
756.00 0.149116 2.71
757.00 0.148632 2.70
758.00 0.148171 2.69
759.00 0.147716 2.68
760.00 0.147264 2.68
761.00 0.146808 2.68
762.00 0.146349 2.68
763.00 0.145886 2.68
764.00 0.145419 2.68
765.00 0.144951 2.67
766.00 0.144500 2.66
767.00 0.144046 2.66
768.00 0.143589 2.66
769.00 0.143132 2.65
770.00 0.142687 2.65
771.00 0.142237 2.65
772.00 0.141783 2.65
773.00 0.141326 2.65
774.00 0.140866 2.64
775.00 0.140403 2.64
776.00 0.139935 2.64
777.00 0.139463 2.64
778.00 0.138986 2.64
779.00 0.138505 2.64
780.00 0.138019 2.64
781.00 0.137551 2.62
782.00 0.137110 2.60
783.00 0.136682 2.59
784.00 0.136261 2.59
785.00 0.135837 2.59
786.00 0.135408 2.59
787.00 0.134977 2.59
788.00 0.134541 2.59
789.00 0.134101 2.59
790.00 0.133658 2.58
791.00 0.133240 2.57
792.00 0.132822 2.57
793.00 0.132400 2.57
794.00 0.131975 2.57
795.00 0.131546 2.57
796.00 0.131112 2.57
797.00 0.130695 2.56
798.00 0.130282 2.55
799.00 0.129865 2.55
800.00 0.129444 2.55
801.00 0.129025 2.53
802.00 0.128620 2.53
803.00 0.128212 2.53
804.00 0.127803 2.52
805.00 0.127405 2.52
806.00 0.127004 2.51
807.00 0.126602 2.51
808.00 0.126209 2.50
809.00 0.125820 2.49
810.00 0.125432 2.48
811.00 0.125045 2.48
812.00 0.124653 2.48
813.00 0.124259 2.48
814.00 0.123860 2.48
815.00 0.123458 2.48
816.00 0.123052 2.48
817.00 0.122645 2.47
818.00 0.122252 2.46
819.00 0.121872 2.46
820.00 0.121489 2.46
821.00 0.121111 2.45
822.00 0.120737 2.45
823.00 0.120360 2.45
824.00 0.119992 2.43
825.00 0.119645 2.42
826.00 0.119303 2.42
827.00 0.118957 2.42
828.00 0.118610 2.41
829.00 0.118281 2.39
830.00 0.117957 2.39
831.00 0.117629 2.38
832.00 0.117318 2.37
833.00 0.117010 2.36
834.00 0.116711 2.35
835.00 0.116426 2.35
836.00 0.116138 2.35
837.00 0.115857 2.34
838.00 0.115589 2.32
839.00 0.115330 2.32
840.00 0.115082 2.30
841.00 0.114837 2.30
842.00 0.114593 2.29
843.00 0.114353 2.28
844.00 0.114117 2.28
845.00 0.113880 2.28
846.00 0.113640 2.28
847.00 0.113400 2.28
848.00 0.113157 2.28
849.00 0.112925 2.26
850.00 0.112705 2.26
851.00 0.112483 2.26
852.00 0.112260 2.26
853.00 0.112038 2.25
854.00 0.111821 2.25
855.00 0.111602 2.24
856.00 0.111391 2.24
857.00 0.111192 2.23
858.00 0.110993 2.23
859.00 0.110793 2.23
860.00 0.110591 2.23
861.00 0.110387 2.23
862.00 0.110182 2.23
863.00 0.109975 2.23
864.00 0.109766 2.23
865.00 0.109555 2.23
866.00 0.109343 2.23
867.00 0.109139 2.22
868.00 0.108935 2.22
869.00 0.108729 2.22
870.00 0.108522 2.22
871.00 0.108323 2.19
872.00 0.108140 2.18
873.00 0.107968 2.17
874.00 0.107797 2.17
875.00 0.107625 2.17
876.00 0.107452 2.17
877.00 0.107277 2.17
878.00 0.107101 2.17
879.00 0.106924 2.17
880.00 0.106746 2.16
881.00 0.106570 2.16
882.00 0.106394 2.16
883.00 0.106216 2.16
884.00 0.106036 2.16
885.00 0.105855 2.16
886.00 0.105674 2.15
887.00 0.105508 2.13
888.00 0.105347 2.13
889.00 0.105184 2.13
890.00 0.105020 2.13
891.00 0.104855 2.13
892.00 0.104696 2.12
893.00 0.104540 2.12
894.00 0.104382 2.12
895.00 0.104223 2.12
896.00 0.104063 2.12
897.00 0.103901 2.12
898.00 0.103739 2.12
899.00 0.103575 2.12
900.00 0.103409 2.12
901.00 0.103247 2.11
902.00 0.103088 2.10
903.00 0.102931 2.10
904.00 0.102772 2.10
905.00 0.102618 2.09
906.00 0.102479 2.07
907.00 0.102345 2.07
908.00 0.102211 2.07
909.00 0.102076 2.07
910.00 0.101941 2.07
911.00 0.101804 2.07
912.00 0.101667 2.07
913.00 0.101528 2.07
914.00 0.101389 2.07
915.00 0.101248 2.07
916.00 0.101106 2.07
917.00 0.100963 2.07
918.00 0.100819 2.07
919.00 0.100674 2.07
920.00 0.100529 2.06
921.00 0.100383 2.06
922.00 0.100237 2.06
923.00 0.100089 2.06
924.00 0.099939 2.06
925.00 0.099792 2.05
926.00 0.099647 2.05
927.00 0.099501 2.05
928.00 0.099353 2.05
929.00 0.099204 2.05
930.00 0.099053 2.05
931.00 0.098901 2.05
932.00 0.098748 2.05
933.00 0.098592 2.05
934.00 0.098436 2.05
935.00 0.098277 2.05
936.00 0.098117 2.05
937.00 0.097961 2.03
938.00 0.097812 2.03
939.00 0.097661 2.03
940.00 0.097517 2.02
941.00 0.097373 2.02
942.00 0.097227 2.02
943.00 0.097080 2.02
944.00 0.096932 2.02
945.00 0.096782 2.02
946.00 0.096631 2.02
947.00 0.096478 2.02
948.00 0.096324 2.02
949.00 0.096169 2.01
950.00 0.096019 2.01
951.00 0.095868 2.01
952.00 0.095715 2.01
953.00 0.095564 2.00
954.00 0.095415 2.00
955.00 0.095266 1.99
956.00 0.095125 1.98
957.00 0.094990 1.98
958.00 0.094854 1.98
959.00 0.094716 1.98
960.00 0.094578 1.98
961.00 0.094439 1.98
962.00 0.094298 1.98
963.00 0.094166 1.96
964.00 0.094040 1.96
965.00 0.093915 1.95
966.00 0.093795 1.95
967.00 0.093674 1.95
968.00 0.093553 1.95
969.00 0.093431 1.95
970.00 0.093309 1.95
971.00 0.093185 1.95
972.00 0.093061 1.95
973.00 0.092936 1.95
974.00 0.092810 1.95
975.00 0.092682 1.95
976.00 0.092554 1.95
977.00 0.092424 1.95
978.00 0.092294 1.95
979.00 0.092162 1.95
980.00 0.092029 1.95
981.00 0.091894 1.95
982.00 0.091759 1.95
983.00 0.091621 1.95
984.00 0.091483 1.95
985.00 0.091343 1.95
986.00 0.091202 1.95
987.00 0.091059 1.95
988.00 0.090915 1.95
989.00 0.090769 1.95
990.00 0.090622 1.95
991.00 0.090473 1.95
992.00 0.090325 1.94
993.00 0.090180 1.94
994.00 0.090036 1.93
995.00 0.089894 1.93
996.00 0.089751 1.93
997.00 0.089606 1.93
998.00 0.089465 1.92
999.00 0.089331 1.91
1000.00 0.089197 1.91
