0.00 0.607298 5.45
1.00 0.607297 5.45
2.00 0.607293 5.45
3.00 0.607287 5.45
4.00 0.607278 5.45
5.00 0.607267 5.45
6.00 0.607253 5.45
7.00 0.607236 5.45
8.00 0.607217 5.45
9.00 0.607196 5.45
10.00 0.607172 5.45
11.00 0.607145 5.45
12.00 0.607116 5.45
13.00 0.607084 5.45
14.00 0.607050 5.45
15.00 0.607013 5.45
16.00 0.606973 5.45
17.00 0.606931 5.45
18.00 0.606887 5.45
19.00 0.606839 5.45
20.00 0.606789 5.45
21.00 0.606737 5.45
22.00 0.606682 5.45
23.00 0.606624 5.45
24.00 0.606564 5.45
25.00 0.606501 5.45
26.00 0.606436 5.45
27.00 0.606368 5.45
28.00 0.606297 5.45
29.00 0.606224 5.45
30.00 0.606148 5.45
31.00 0.606070 5.45
32.00 0.605988 5.45
33.00 0.605905 5.45
34.00 0.605818 5.45
35.00 0.605730 5.44
36.00 0.605640 5.44
37.00 0.605547 5.44
38.00 0.605451 5.44
39.00 0.605353 5.44
40.00 0.605253 5.44
41.00 0.605150 5.44
42.00 0.605044 5.44
43.00 0.604936 5.44
44.00 0.604826 5.44
45.00 0.604713 5.44
46.00 0.604597 5.44
47.00 0.604479 5.44
48.00 0.604359 5.44
49.00 0.604236 5.44
50.00 0.604110 5.44
51.00 0.603982 5.44
52.00 0.603851 5.44
53.00 0.603718 5.44
54.00 0.603582 5.44
55.00 0.603444 5.44
56.00 0.603304 5.44
57.00 0.603160 5.44
58.00 0.603015 5.44
59.00 0.602867 5.44
60.00 0.602716 5.44
61.00 0.602563 5.44
62.00 0.602407 5.44
63.00 0.602249 5.44
64.00 0.602088 5.44
65.00 0.601925 5.44
66.00 0.601759 5.44
67.00 0.601591 5.44
68.00 0.601420 5.44
69.00 0.601247 5.44
70.00 0.601071 5.44
71.00 0.600893 5.44
72.00 0.600712 5.44
73.00 0.600529 5.44
74.00 0.600343 5.44
75.00 0.600154 5.44
76.00 0.599963 5.44
77.00 0.599770 5.44
78.00 0.599574 5.44
79.00 0.599375 5.44
80.00 0.599174 5.44
81.00 0.598970 5.44
82.00 0.598764 5.44
83.00 0.598555 5.44
84.00 0.598345 5.43
85.00 0.598135 5.43
86.00 0.597922 5.43
87.00 0.597707 5.43
88.00 0.597490 5.43
89.00 0.597270 5.43
90.00 0.597048 5.43
91.00 0.596823 5.43
92.00 0.596596 5.43
93.00 0.596367 5.43
94.00 0.596135 5.43
95.00 0.595901 5.43
96.00 0.595664 5.43
97.00 0.595424 5.43
98.00 0.595183 5.43
99.00 0.594938 5.43
100.00 0.594692 5.42
101.00 0.594445 5.42
102.00 0.594194 5.42
103.00 0.593941 5.42
104.00 0.593686 5.42
105.00 0.593428 5.42
106.00 0.593167 5.42
107.00 0.592904 5.42
108.00 0.592639 5.42
109.00 0.592370 5.42
110.00 0.592100 5.42
111.00 0.591826 5.42
112.00 0.591550 5.42
113.00 0.591271 5.42
114.00 0.590989 5.42
115.00 0.590705 5.42
116.00 0.590418 5.42
117.00 0.590128 5.42
118.00 0.589835 5.42
119.00 0.589539 5.42
120.00 0.589243 5.41
121.00 0.588944 5.41
122.00 0.588642 5.41
123.00 0.588338 5.41
124.00 0.588031 5.41
125.00 0.587721 5.41
126.00 0.587408 5.41
127.00 0.587095 5.40
128.00 0.586782 5.40
129.00 0.586466 5.40
130.00 0.586147 5.40
131.00 0.585826 5.40
132.00 0.585502 5.40
133.00 0.585175 5.40
134.00 0.584847 5.39
135.00 0.584518 5.39
136.00 0.584186 5.39
137.00 0.583852 5.39
138.00 0.583515 5.39
139.00 0.583175 5.39
140.00 0.582832 5.39
141.00 0.582486 5.39
142.00 0.582137 5.39
143.00 0.581785 5.39
144.00 0.581431 5.39
145.00 0.581073 5.38
146.00 0.580715 5.38
147.00 0.580353 5.38
148.00 0.579991 5.37
149.00 0.579635 5.37
150.00 0.579276 5.37
151.00 0.578914 5.37
152.00 0.578552 5.36
153.00 0.578188 5.36
154.00 0.577821 5.36
155.00 0.577451 5.36
156.00 0.577078 5.36
157.00 0.576710 5.35
158.00 0.576340 5.35
159.00 0.575968 5.35
160.00 0.575593 5.35
161.00 0.575216 5.35
162.00 0.574836 5.35
163.00 0.574453 5.35
164.00 0.574068 5.34
165.00 0.573683 5.34
166.00 0.573295 5.34
167.00 0.572905 5.34
168.00 0.572512 5.34
169.00 0.572116 5.34
170.00 0.571717 5.34
171.00 0.571316 5.33
172.00 0.570915 5.33
173.00 0.570512 5.33
174.00 0.570106 5.33
175.00 0.569697 5.33
176.00 0.569285 5.33
177.00 0.568870 5.33
178.00 0.568462 5.32
179.00 0.568054 5.32
180.00 0.567646 5.30
181.00 0.567249 5.30
182.00 0.566850 5.30
183.00 0.566449 5.30
184.00 0.566046 5.30
185.00 0.565640 5.30
186.00 0.565236 5.29
187.00 0.564833 5.29
188.00 0.564428 5.29
189.00 0.564021 5.29
190.00 0.563611 5.29
191.00 0.563198 5.29
192.00 0.562783 5.29
193.00 0.562366 5.29
194.00 0.561945 5.29
195.00 0.561527 5.27
196.00 0.561113 5.27
197.00 0.560696 5.27
198.00 0.560277 5.27
199.00 0.559855 5.27
200.00 0.559432 5.26
201.00 0.559012 5.25
202.00 0.558590 5.25
203.00 0.558165 5.25
204.00 0.557738 5.25
205.00 0.557307 5.25
206.00 0.556874 5.25
207.00 0.556441 5.24
208.00 0.556006 5.24
209.00 0.555569 5.24
210.00 0.555129 5.24
211.00 0.554685 5.24
212.00 0.554238 5.24
213.00 0.553788 5.24
214.00 0.553334 5.24
215.00 0.552877 5.24
216.00 0.552417 5.24
217.00 0.551953 5.24
218.00 0.551485 5.24
219.00 0.551025 5.23
220.00 0.550565 5.23
221.00 0.550102 5.23
222.00 0.549635 5.23
223.00 0.549171 5.22
224.00 0.548709 5.21
225.00 0.548245 5.21
226.00 0.547778 5.21
227.00 0.547312 5.20
228.00 0.546849 5.20
229.00 0.546388 5.19
230.00 0.545923 5.19
231.00 0.545457 5.19
232.00 0.544987 5.19
233.00 0.544514 5.19
234.00 0.544049 5.18
235.00 0.543590 5.17
236.00 0.543135 5.16
237.00 0.542679 5.16
238.00 0.542220 5.16
239.00 0.541759 5.16
240.00 0.541299 5.15
241.00 0.540846 5.15
242.00 0.540392 5.15
243.00 0.539935 5.15
244.00 0.539476 5.15
245.00 0.539014 5.15
246.00 0.538550 5.15
247.00 0.538083 5.15
248.00 0.537613 5.15
249.00 0.537145 5.14
250.00 0.536675 5.14
251.00 0.536202 5.14
252.00 0.535725 5.14
253.00 0.535249 5.13
254.00 0.534771 5.13
255.00 0.534291 5.13
256.00 0.533808 5.12
257.00 0.533323 5.12
258.00 0.532836 5.12
259.00 0.532350 5.11
260.00 0.531864 5.11
261.00 0.531376 5.11
262.00 0.530885 5.11
263.00 0.530390 5.11
264.00 0.529892 5.11
265.00 0.529394 5.10
266.00 0.528899 5.10
267.00 0.528402 5.09
268.00 0.527905 5.09
269.00 0.527406 5.08
270.00 0.526908 5.07
271.00 0.526422 5.07
272.00 0.525934 5.07
273.00 0.525443 5.07
274.00 0.524948 5.07
275.00 0.524459 5.06
276.00 0.523975 5.06
277.00 0.523488 5.06
278.00 0.522999 5.06
279.00 0.522507 5.06
280.00 0.522012 5.06
281.00 0.521514 5.06
282.00 0.521013 5.06
283.00 0.520508 5.06
284.00 0.520000 5.06
285.00 0.519492 5.05
286.00 0.518982 5.05
287.00 0.518469 5.05
288.00 0.517952 5.05
289.00 0.517432 5.05
290.00 0.516915 5.04
291.00 0.516399 5.04
292.00 0.515880 5.04
293.00 0.515357 5.04
294.00 0.514833 5.03
295.00 0.514308 5.02
296.00 0.513793 5.02
297.00 0.513275 5.02
298.00 0.512754 5.02
299.00 0.512230 5.02
300.00 0.511702 5.02
301.00 0.511171 5.02
302.00 0.510642 5.01
303.00 0.510113 5.01
304.00 0.509581 5.01
305.00 0.509045 5.01
306.00 0.508506 5.01
307.00 0.507963 5.01
308.00 0.507417 5.01
309.00 0.506867 5.01
310.00 0.506326 5.00
311.00 0.505784 5.00
312.00 0.505238 5.00
313.00 0.504699 4.98
314.00 0.504168 4.98
315.00 0.503633 4.98
316.00 0.503095 4.98
317.00 0.502553 4.98
318.00 0.502012 4.97
319.00 0.501467 4.97
320.00 0.500924 4.96
321.00 0.500377 4.96
322.00 0.499826 4.96
323.00 0.499283 4.94
324.00 0.498739 4.94
325.00 0.498191 4.94
326.00 0.497640 4.94
327.00 0.497085 4.94
328.00 0.496526 4.94
329.00 0.495965 4.93
330.00 0.495404 4.93
331.00 0.494839 4.93
332.00 0.494272 4.92
333.00 0.493704 4.92
334.00 0.493132 4.92
335.00 0.492556 4.92
336.00 0.491976 4.92
337.00 0.491392 4.92
338.00 0.490803 4.92
339.00 0.490210 4.92
340.00 0.489613 4.92
341.00 0.489011 4.92
342.00 0.488405 4.92
343.00 0.487808 4.90
344.00 0.487219 4.90
345.00 0.486636 4.89
346.00 0.486056 4.89
347.00 0.485483 4.88
348.00 0.484909 4.88
349.00 0.484340 4.87
350.00 0.483780 4.85
351.00 0.483227 4.85
352.00 0.482672 4.85
353.00 0.482114 4.85
354.00 0.481553 4.85
355.00 0.480989 4.85
356.00 0.480422 4.85
357.00 0.479851 4.85
358.00 0.479277 4.85
359.00 0.478704 4.84
360.00 0.478129 4.84
361.00 0.477554 4.83
362.00 0.476976 4.83
363.00 0.476395 4.83
364.00 0.475809 4.83
365.00 0.475220 4.83
366.00 0.474627 4.82
367.00 0.474033 4.82
368.00 0.473436 4.82
369.00 0.472834 4.82
370.00 0.472228 4.82
371.00 0.471617 4.82
372.00 0.471003 4.81
373.00 0.470395 4.81
374.00 0.469783 4.80
375.00 0.469169 4.80
376.00 0.468552 4.79
377.00 0.467946 4.78
378.00 0.467341 4.78
379.00 0.466736 4.76
380.00 0.466137 4.76
381.00 0.465535 4.76
382.00 0.464943 4.75
383.00 0.464351 4.75
384.00 0.463756 4.75
385.00 0.463158 4.75
386.00 0.462558 4.74
387.00 0.461976 4.72
388.00 0.461400 4.71
389.00 0.460829 4.71
390.00 0.460255 4.71
391.00 0.459679 4.71
392.00 0.459100 4.71
393.00 0.458520 4.70
394.00 0.457949 4.70
395.00 0.457375 4.70
396.00 0.456798 4.70
397.00 0.456217 4.70
398.00 0.455634 4.69
399.00 0.455051 4.69
400.00 0.454464 4.69
401.00 0.453875 4.68
402.00 0.453286 4.68
403.00 0.452693 4.68
404.00 0.452102 4.67
405.00 0.451508 4.66
406.00 0.450913 4.66
407.00 0.450315 4.66
408.00 0.449712 4.66
409.00 0.449118 4.65
410.00 0.448524 4.65
411.00 0.447929 4.64
412.00 0.447332 4.64
413.00 0.446736 4.63
414.00 0.446149 4.63
415.00 0.445559 4.63
416.00 0.444965 4.63
417.00 0.444367 4.63
418.00 0.443766 4.63
419.00 0.443160 4.63
420.00 0.442550 4.63
421.00 0.441938 4.62
422.00 0.441329 4.61
423.00 0.440732 4.61
424.00 0.440135 4.60
425.00 0.439537 4.60
426.00 0.438936 4.60
427.00 0.438331 4.60
428.00 0.437723 4.60
429.00 0.437114 4.59
430.00 0.436503 4.59
431.00 0.435887 4.59
432.00 0.435270 4.58
433.00 0.434653 4.58
434.00 0.434033 4.58
435.00 0.433410 4.57
436.00 0.432798 4.55
437.00 0.432199 4.55
438.00 0.431602 4.53
439.00 0.431007 4.53
440.00 0.430409 4.53
441.00 0.429807 4.53
442.00 0.429202 4.53
443.00 0.428606 4.52
444.00 0.428012 4.52
445.00 0.427414 4.52
446.00 0.426813 4.52
447.00 0.426207 4.52
448.00 0.425598 4.52
449.00 0.424985 4.52
450.00 0.424368 4.52
451.00 0.423747 4.52
452.00 0.423130 4.51
453.00 0.422509 4.51
454.00 0.421885 4.51
455.00 0.421266 4.50
456.00 0.420662 4.49
457.00 0.420058 4.49
458.00 0.419451 4.49
459.00 0.418840 4.49
460.00 0.418230 4.48
461.00 0.417616 4.48
462.00 0.417001 4.47
463.00 0.416394 4.46
464.00 0.415785 4.46
465.00 0.415180 4.45
466.00 0.414573 4.45
467.00 0.413967 4.44
468.00 0.413375 4.43
469.00 0.412794 4.42
470.00 0.412211 4.42
471.00 0.411625 4.42
472.00 0.411035 4.42
473.00 0.410442 4.42
474.00 0.409852 4.41
475.00 0.409261 4.41
476.00 0.408666 4.41
477.00 0.408068 4.41
478.00 0.407467 4.41
479.00 0.406862 4.41
480.00 0.406261 4.40
481.00 0.405662 4.40
482.00 0.405059 4.40
483.00 0.404453 4.40
484.00 0.403846 4.39
485.00 0.403249 4.39
486.00 0.402648 4.39
487.00 0.402047 4.38
488.00 0.401444 4.38
489.00 0.400838 4.38
490.00 0.400238 4.36
491.00 0.399647 4.36
492.00 0.399053 4.36
493.00 0.398458 4.35
494.00 0.397861 4.35
495.00 0.397260 4.35
496.00 0.396654 4.35
497.00 0.396045 4.35
498.00 0.395431 4.35
499.00 0.394813 4.35
500.00 0.394190 4.35
501.00 0.393562 4.35
502.00 0.392930 4.35
503.00 0.392294 4.35
504.00 0.391652 4.35
505.00 0.391006 4.35
506.00 0.390355 4.35
507.00 0.389698 4.35
508.00 0.389043 4.34
509.00 0.388382 4.34
510.00 0.387734 4.32
511.00 0.387087 4.32
512.00 0.386455 4.30
513.00 0.385826 4.30
514.00 0.385193 4.30
515.00 0.384564 4.29
516.00 0.383936 4.29
517.00 0.383303 4.29
518.00 0.382667 4.29
519.00 0.382026 4.29
520.00 0.381381 4.29
521.00 0.380733 4.29
522.00 0.380084 4.28
523.00 0.379450 4.27
524.00 0.378818 4.27
525.00 0.378183 4.27
526.00 0.377554 4.26
527.00 0.376923 4.26
528.00 0.376289 4.25
529.00 0.375652 4.25
530.00 0.375012 4.25
531.00 0.374367 4.25
532.00 0.373719 4.25
533.00 0.373074 4.24
534.00 0.372427 4.24
535.00 0.371775 4.23
536.00 0.371128 4.22
537.00 0.370491 4.22
538.00 0.369851 4.22
539.00 0.369206 4.22
540.00 0.368557 4.22
541.00 0.367904 4.22
542.00 0.367246 4.22
543.00 0.366590 4.21
544.00 0.365938 4.19
545.00 0.365287 4.19
546.00 0.364638 4.18
547.00 0.363992 4.17
548.00 0.363354 4.17
549.00 0.362712 4.17
550.00 0.362066 4.17
551.00 0.361416 4.17
552.00 0.360763 4.17
553.00 0.360105 4.17
554.00 0.359443 4.17
555.00 0.358785 4.16
556.00 0.358123 4.16
557.00 0.357477 4.14
558.00 0.356841 4.14
559.00 0.356200 4.14
560.00 0.355556 4.14
561.00 0.354908 4.14
562.00 0.354255 4.14
563.00 0.353598 4.14
564.00 0.352937 4.14
565.00 0.352271 4.14
566.00 0.351612 4.12
567.00 0.350959 4.12
568.00 0.350304 4.11
569.00 0.349650 4.11
570.00 0.348992 4.10
571.00 0.348336 4.09
572.00 0.347682 4.08
573.00 0.347032 4.08
574.00 0.346380 4.07
575.00 0.345733 4.06
576.00 0.345095 4.04
577.00 0.344467 4.04
578.00 0.343835 4.04
579.00 0.343200 4.04
580.00 0.342561 4.04
581.00 0.341919 4.04
582.00 0.341273 4.04
583.00 0.340623 4.04
584.00 0.339978 4.03
585.00 0.339336 4.03
586.00 0.338691 4.03
587.00 0.338042 4.03
588.00 0.337389 4.03
589.00 0.336731 4.03
590.00 0.336069 4.03
591.00 0.335402 4.03
592.00 0.334731 4.03
593.00 0.334056 4.03
594.00 0.333375 4.03
595.00 0.332703 4.02
596.00 0.332035 4.01
597.00 0.331366 4.00
598.00 0.330720 3.98
599.00 0.330075 3.98
600.00 0.329433 3.97
601.00 0.328797 3.97
602.00 0.328157 3.97
603.00 0.327513 3.97
604.00 0.326865 3.97
605.00 0.326213 3.97
606.00 0.325559 3.96
607.00 0.324903 3.96
608.00 0.324242 3.96
609.00 0.323579 3.95
610.00 0.322916 3.94
611.00 0.322261 3.94
612.00 0.321603 3.94
613.00 0.320940 3.94
614.00 0.320276 3.93
615.00 0.319610 3.93
616.00 0.318940 3.93
617.00 0.318264 3.93
618.00 0.317594 3.92
619.00 0.316930 3.90
620.00 0.316282 3.89
621.00 0.315632 3.89
622.00 0.314979 3.89
623.00 0.314321 3.89
624.00 0.313664 3.88
625.00 0.313006 3.88
626.00 0.312345 3.88
627.00 0.311682 3.87
628.00 0.311023 3.86
629.00 0.310365 3.86
630.00 0.309712 3.84
631.00 0.309079 3.84
632.00 0.308442 3.84
633.00 0.307802 3.84
634.00 0.307158 3.84
635.00 0.306510 3.84
636.00 0.305863 3.83
637.00 0.305240 3.81
638.00 0.304625 3.81
639.00 0.304006 3.81
640.00 0.303384 3.81
641.00 0.302758 3.81
642.00 0.302127 3.81
643.00 0.301493 3.81
644.00 0.300854 3.81
645.00 0.300211 3.81
646.00 0.299563 3.81
647.00 0.298911 3.81
648.00 0.298254 3.81
649.00 0.297592 3.81
650.00 0.296926 3.80
651.00 0.296257 3.80
652.00 0.295583 3.80
653.00 0.294914 3.79
654.00 0.294240 3.79
655.00 0.293561 3.79
656.00 0.292878 3.79
657.00 0.292190 3.79
658.00 0.291510 3.77
659.00 0.290847 3.76
660.00 0.290186 3.75
661.00 0.289552 3.73
662.00 0.288930 3.72
663.00 0.288309 3.72
664.00 0.287684 3.72
665.00 0.287055 3.72
666.00 0.286429 3.71
667.00 0.285801 3.71
668.00 0.285168 3.71
669.00 0.284531 3.71
670.00 0.283898 3.70
671.00 0.283269 3.70
672.00 0.282635 3.70
673.00 0.281997 3.70
674.00 0.281360 3.69
675.00 0.280725 3.69
676.00 0.280093 3.68
677.00 0.279459 3.68
678.00 0.278821 3.68
679.00 0.278179 3.68
680.00 0.277532 3.68
681.00 0.276894 3.67
682.00 0.276254 3.67
683.00 0.275610 3.67
684.00 0.274965 3.66
685.00 0.274329 3.66
686.00 0.273700 3.65
687.00 0.273066 3.65
688.00 0.272430 3.64
689.00 0.271805 3.64
690.00 0.271179 3.63
691.00 0.270553 3.63
692.00 0.269939 3.61
693.00 0.269326 3.61
694.00 0.268710 3.61
695.00 0.268090 3.61
696.00 0.267465 3.61
697.00 0.266837 3.60
698.00 0.266219 3.60
699.00 0.265600 3.59
700.00 0.264989 3.59
701.00 0.264375 3.59
702.00 0.263756 3.59
703.00 0.263134 3.59
704.00 0.262510 3.57
705.00 0.261906 3.57
706.00 0.261299 3.57
707.00 0.260703 3.55
708.00 0.260116 3.53
709.00 0.259538 3.53
710.00 0.258955 3.53
711.00 0.258369 3.53
712.00 0.257779 3.53
713.00 0.257192 3.52
714.00 0.256611 3.52
715.00 0.256034 3.51
716.00 0.255454 3.51
717.00 0.254870 3.51
718.00 0.254282 3.51
719.00 0.253689 3.51
720.00 0.253093 3.51
721.00 0.252492 3.51
722.00 0.251887 3.51
723.00 0.251284 3.50
724.00 0.250689 3.49
725.00 0.250097 3.49
726.00 0.249502 3.49
727.00 0.248907 3.48
728.00 0.248330 3.46
729.00 0.247765 3.46
730.00 0.247195 3.46
731.00 0.246623 3.46
732.00 0.246049 3.44
733.00 0.245487 3.44
734.00 0.244921 3.44
735.00 0.244353 3.43
736.00 0.243794 3.43
737.00 0.243242 3.42
738.00 0.242685 3.42
739.00 0.242125 3.41
740.00 0.241578 3.41
741.00 0.241027 3.41
742.00 0.240481 3.40
743.00 0.239935 3.40
744.00 0.239385 3.40
745.00 0.238831 3.40
746.00 0.238273 3.40
747.00 0.237712 3.40
748.00 0.237146 3.40
749.00 0.236592 3.38
750.00 0.236047 3.38
751.00 0.235499 3.38
752.00 0.234947 3.38
753.00 0.234397 3.37
754.00 0.233854 3.37
755.00 0.233307 3.37
756.00 0.232764 3.36
757.00 0.232221 3.35
758.00 0.231678 3.35
759.00 0.231140 3.34
760.00 0.230601 3.34
761.00 0.230058 3.34
762.00 0.229511 3.34
763.00 0.228967 3.33
764.00 0.228428 3.33
765.00 0.227893 3.32
766.00 0.227363 3.32
767.00 0.226840 3.31
768.00 0.226330 3.30
769.00 0.225822 3.30
770.00 0.225311 3.29
771.00 0.224811 3.28
772.00 0.224314 3.28
773.00 0.223813 3.28
774.00 0.223313 3.27
775.00 0.222818 3.26
776.00 0.222333 3.26
777.00 0.221851 3.25
778.00 0.221370 3.25
779.00 0.220886 3.25
780.00 0.220398 3.25
781.00 0.219907 3.25
782.00 0.219413 3.25
783.00 0.218914 3.25
784.00 0.218412 3.25
785.00 0.217906 3.25
786.00 0.217396 3.25
787.00 0.216883 3.25
788.00 0.216368 3.24
789.00 0.215872 3.23
790.00 0.215376 3.23
791.00 0.214888 3.22
792.00 0.214403 3.22
793.00 0.213916 3.21
794.00 0.213441 3.21
795.00 0.212973 3.20
796.00 0.212508 3.19
797.00 0.212040 3.19
798.00 0.211580 3.18
799.00 0.211122 3.18
800.00 0.210660 3.18
801.00 0.210195 3.18
802.00 0.209726 3.18
803.00 0.209253 3.18
804.00 0.208777 3.18
805.00 0.208307 3.17
806.00 0.207833 3.17
807.00 0.207356 3.17
808.00 0.206878 3.16
809.00 0.206397 3.16
810.00 0.205920 3.15
811.00 0.205446 3.15
812.00 0.204972 3.13
813.00 0.204526 3.11
814.00 0.204086 3.10
815.00 0.203645 3.10
816.00 0.203202 3.10
817.00 0.202767 3.09
818.00 0.202334 3.09
819.00 0.201898 3.09
820.00 0.201461 3.08
821.00 0.201031 3.08
822.00 0.200603 3.07
823.00 0.200176 3.07
824.00 0.199750 3.06
825.00 0.199332 3.06
826.00 0.198912 3.06
827.00 0.198489 3.06
828.00 0.198063 3.06
829.00 0.197634 3.05
830.00 0.197204 3.05
831.00 0.196771 3.05
832.00 0.196336 3.05
833.00 0.195904 3.04
834.00 0.195471 3.03
835.00 0.195055 3.01
836.00 0.194648 3.01
837.00 0.194238 3.01
838.00 0.193833 2.99
839.00 0.193439 2.99
840.00 0.193049 2.98
841.00 0.192656 2.98
842.00 0.192261 2.98
843.00 0.191878 2.97
844.00 0.191493 2.97
845.00 0.191106 2.97
846.00 0.190716 2.97
847.00 0.190324 2.97
848.00 0.189928 2.97
849.00 0.189534 2.96
850.00 0.189138 2.95
851.00 0.188749 2.95
852.00 0.188360 2.94
853.00 0.187981 2.94
854.00 0.187599 2.94
855.00 0.187215 2.94
856.00 0.186827 2.94
857.00 0.186441 2.93
858.00 0.186052 2.93
859.00 0.185660 2.93
860.00 0.185265 2.93
861.00 0.184867 2.93
862.00 0.184492 2.91
863.00 0.184118 2.91
864.00 0.183742 2.91
865.00 0.183362 2.91
866.00 0.182982 2.90
867.00 0.182602 2.90
868.00 0.182218 2.90
869.00 0.181837 2.89
870.00 0.181460 2.89
871.00 0.181082 2.88
872.00 0.180714 2.88
873.00 0.180344 2.88
874.00 0.179971 2.88
875.00 0.179596 2.88
876.00 0.179218 2.88
877.00 0.178839 2.87
878.00 0.178469 2.86
879.00 0.178101 2.86
880.00 0.177730 2.86
881.00 0.177357 2.86
882.00 0.176992 2.85
883.00 0.176628 2.85
884.00 0.176261 2.85
885.00 0.175892 2.85
886.00 0.175520 2.85
887.00 0.175145 2.85
888.00 0.174770 2.84
889.00 0.174405 2.83
890.00 0.174041 2.82
891.00 0.173686 2.82
892.00 0.173329 2.82
893.00 0.172969 2.82
894.00 0.172607 2.82
895.00 0.172242 2.82
896.00 0.171874 2.82
897.00 0.171503 2.82
898.00 0.171132 2.81
899.00 0.170764 2.81
900.00 0.170393 2.81
901.00 0.170027 2.80
902.00 0.169673 2.78
903.00 0.169329 2.78
904.00 0.168983 2.78
905.00 0.168634 2.78
906.00 0.168282 2.78
907.00 0.167928 2.78
908.00 0.167572 2.78
909.00 0.167212 2.78
910.00 0.166852 2.77
911.00 0.166490 2.77
912.00 0.166125 2.77
913.00 0.165765 2.76
914.00 0.165409 2.76
915.00 0.165050 2.76
916.00 0.164689 2.76
917.00 0.164334 2.75
918.00 0.163985 2.74
919.00 0.163644 2.74
920.00 0.163300 2.74
921.00 0.162954 2.74
922.00 0.162605 2.74
923.00 0.162253 2.74
924.00 0.161905 2.73
925.00 0.161558 2.73
926.00 0.161208 2.73
927.00 0.160855 2.73
928.00 0.160500 2.73
929.00 0.160141 2.73
930.00 0.159781 2.72
931.00 0.159432 2.72
932.00 0.159081 2.72
933.00 0.158727 2.72
934.00 0.158377 2.71
935.00 0.158029 2.71
936.00 0.157679 2.71
937.00 0.157330 2.70
938.00 0.156980 2.70
939.00 0.156634 2.69
940.00 0.156293 2.67
941.00 0.155957 2.67
942.00 0.155618 2.67
943.00 0.155279 2.66
944.00 0.154949 2.66
945.00 0.154631 2.65
946.00 0.154312 2.65
947.00 0.153991 2.65
948.00 0.153668 2.65
949.00 0.153347 2.64
950.00 0.153031 2.64
951.00 0.152713 2.64
952.00 0.152393 2.64
953.00 0.152074 2.63
954.00 0.151756 2.63
955.00 0.151436 2.63
956.00 0.151113 2.63
957.00 0.150788 2.63
958.00 0.150462 2.62
959.00 0.150147 2.62
960.00 0.149835 2.61
961.00 0.149521 2.61
962.00 0.149205 2.61
963.00 0.148887 2.61
964.00 0.148566 2.61
965.00 0.148243 2.61
966.00 0.147918 2.61
967.00 0.147590 2.61
968.00 0.147259 2.61
969.00 0.146928 2.60
970.00 0.146607 2.60
971.00 0.146287 2.59
972.00 0.145980 2.57
973.00 0.145682 2.57
974.00 0.145382 2.57
975.00 0.145080 2.57
976.00 0.144776 2.57
977.00 0.144473 2.56
978.00 0.144174 2.56
979.00 0.143873 2.56
980.00 0.143569 2.56
981.00 0.143263 2.56
982.00 0.142955 2.56
983.00 0.142646 2.55
984.00 0.142341 2.54
985.00 0.142048 2.54
986.00 0.141752 2.54
987.00 0.141455 2.54
988.00 0.141158 2.52
989.00 0.140868 2.52
990.00 0.140577 2.52
991.00 0.140293 2.51
992.00 0.140007 2.51
993.00 0.139720 2.51
994.00 0.139440 2.50
995.00 0.139164 2.49
996.00 0.138889 2.49
997.00 0.138613 2.49
998.00 0.138334 2.49
999.00 0.138053 2.49
1000.00 0.137771 2.49
