0.00 0.225190 3.66
1.00 0.225190 3.66
2.00 0.225188 3.66
3.00 0.225184 3.66
4.00 0.225179 3.66
5.00 0.225172 3.66
6.00 0.225164 3.66
7.00 0.225155 3.66
8.00 0.225144 3.66
9.00 0.225132 3.66
10.00 0.225118 3.66
11.00 0.225103 3.66
12.00 0.225086 3.66
13.00 0.225068 3.66
14.00 0.225049 3.66
15.00 0.225028 3.66
16.00 0.225005 3.66
17.00 0.224982 3.66
18.00 0.224957 3.66
19.00 0.224930 3.66
20.00 0.224903 3.66
21.00 0.224873 3.66
22.00 0.224843 3.66
23.00 0.224811 3.66
24.00 0.224778 3.66
25.00 0.224743 3.66
26.00 0.224707 3.66
27.00 0.224670 3.66
28.00 0.224631 3.66
29.00 0.224591 3.66
30.00 0.224550 3.66
31.00 0.224507 3.66
32.00 0.224463 3.66
33.00 0.224418 3.66
34.00 0.224371 3.66
35.00 0.224323 3.66
36.00 0.224274 3.66
37.00 0.224223 3.66
38.00 0.224171 3.66
39.00 0.224118 3.66
40.00 0.224063 3.66
41.00 0.224008 3.66
42.00 0.223950 3.66
43.00 0.223892 3.66
44.00 0.223832 3.66
45.00 0.223771 3.66
46.00 0.223708 3.66
47.00 0.223644 3.66
48.00 0.223579 3.66
49.00 0.223513 3.66
50.00 0.223445 3.66
51.00 0.223376 3.66
52.00 0.223305 3.66
53.00 0.223233 3.66
54.00 0.223160 3.66
55.00 0.223086 3.66
56.00 0.223010 3.66
57.00 0.222933 3.66
58.00 0.222854 3.66
59.00 0.222774 3.66
60.00 0.222693 3.66
61.00 0.222611 3.66
62.00 0.222527 3.66
63.00 0.222441 3.66
64.00 0.222355 3.66
65.00 0.222266 3.66
66.00 0.222177 3.66
67.00 0.222086 3.66
68.00 0.221994 3.66
69.00 0.221900 3.66
70.00 0.221805 3.66
71.00 0.221708 3.66
72.00 0.221610 3.66
73.00 0.221510 3.66
74.00 0.221409 3.66
75.00 0.221307 3.66
76.00 0.221203 3.66
77.00 0.221097 3.66
78.00 0.220990 3.66
79.00 0.220882 3.66
80.00 0.220772 3.66
81.00 0.220660 3.66
82.00 0.220547 3.66
83.00 0.220432 3.66
84.00 0.220316 3.66
85.00 0.220198 3.66
86.00 0.220079 3.66
87.00 0.219958 3.66
88.00 0.219835 3.66
89.00 0.219712 3.65
90.00 0.219588 3.65
91.00 0.219464 3.65
92.00 0.219338 3.65
93.00 0.219211 3.65
94.00 0.219089 3.64
95.00 0.218967 3.64
96.00 0.218845 3.64
97.00 0.218722 3.64
98.00 0.218599 3.64
99.00 0.218474 3.64
100.00 0.218349 3.64
101.00 0.218223 3.64
102.00 0.218096 3.64
103.00 0.217968 3.64
104.00 0.217839 3.64
105.00 0.217709 3.64
106.00 0.217579 3.64
107.00 0.217447 3.64
108.00 0.217314 3.64
109.00 0.217180 3.64
110.00 0.217045 3.64
111.00 0.216909 3.64
112.00 0.216771 3.64
113.00 0.216633 3.64
114.00 0.216493 3.64
115.00 0.216352 3.64
116.00 0.216210 3.64
117.00 0.216067 3.64
118.00 0.215922 3.64
119.00 0.215776 3.64
120.00 0.215629 3.64
121.00 0.215480 3.64
122.00 0.215331 3.64
123.00 0.215179 3.64
124.00 0.215027 3.64
125.00 0.214872 3.64
126.00 0.214717 3.64
127.00 0.214567 3.63
128.00 0.214422 3.63
129.00 0.214277 3.63
130.00 0.214131 3.63
131.00 0.213984 3.63
132.00 0.213837 3.63
133.00 0.213690 3.63
134.00 0.213541 3.63
135.00 0.213392 3.63
136.00 0.213241 3.63
137.00 0.213090 3.63
138.00 0.212937 3.63
139.00 0.212784 3.63
140.00 0.212629 3.63
141.00 0.212473 3.63
142.00 0.212316 3.63
143.00 0.212158 3.63
144.00 0.211998 3.63
145.00 0.211837 3.63
146.00 0.211674 3.63
147.00 0.211510 3.63
148.00 0.211353 3.62
149.00 0.211212 3.62
150.00 0.211071 3.61
151.00 0.210932 3.61
152.00 0.210793 3.61
153.00 0.210654 3.61
154.00 0.210515 3.60
155.00 0.210377 3.60
156.00 0.210238 3.60
157.00 0.210099 3.60
158.00 0.209959 3.60
159.00 0.209818 3.60
160.00 0.209675 3.60
161.00 0.209532 3.60
162.00 0.209387 3.60
163.00 0.209240 3.60
164.00 0.209093 3.60
165.00 0.208944 3.60
166.00 0.208796 3.58
167.00 0.208652 3.58
168.00 0.208507 3.58
169.00 0.208362 3.58
170.00 0.208216 3.58
171.00 0.208068 3.58
172.00 0.207919 3.58
173.00 0.207769 3.58
174.00 0.207618 3.58
175.00 0.207466 3.58
176.00 0.207312 3.57
177.00 0.207168 3.56
178.00 0.207035 3.56
179.00 0.206908 3.55
180.00 0.206796 3.55
181.00 0.206685 3.55
182.00 0.206575 3.55
183.00 0.206465 3.55
184.00 0.206361 3.54
185.00 0.206259 3.54
186.00 0.206158 3.54
187.00 0.206058 3.54
188.00 0.205958 3.54
189.00 0.205858 3.54
190.00 0.205759 3.54
191.00 0.205660 3.54
192.00 0.205561 3.54
193.00 0.205462 3.54
194.00 0.205367 3.53
195.00 0.205281 3.53
196.00 0.205195 3.53
197.00 0.205110 3.53
198.00 0.205026 3.53
199.00 0.204941 3.53
200.00 0.204857 3.53
201.00 0.204773 3.53
202.00 0.204689 3.53
203.00 0.204606 3.53
204.00 0.204522 3.53
205.00 0.204438 3.53
206.00 0.204357 3.52
207.00 0.204281 3.52
208.00 0.204207 3.52
209.00 0.204132 3.52
210.00 0.204058 3.52
211.00 0.203984 3.52
212.00 0.203909 3.52
213.00 0.203835 3.52
214.00 0.203761 3.52
215.00 0.203686 3.52
216.00 0.203612 3.52
217.00 0.203537 3.52
218.00 0.203462 3.52
219.00 0.203387 3.52
220.00 0.203311 3.52
221.00 0.203235 3.51
222.00 0.203161 3.51
223.00 0.203087 3.51
224.00 0.203012 3.51
225.00 0.202937 3.51
226.00 0.202867 3.50
227.00 0.202798 3.50
228.00 0.202729 3.50
229.00 0.202660 3.50
230.00 0.202591 3.50
231.00 0.202522 3.50
232.00 0.202453 3.50
233.00 0.202383 3.50
234.00 0.202314 3.50
235.00 0.202244 3.50
236.00 0.202175 3.50
237.00 0.202104 3.50
238.00 0.202034 3.50
239.00 0.201963 3.50
240.00 0.201892 3.50
241.00 0.201821 3.50
242.00 0.201749 3.50
243.00 0.201678 3.50
244.00 0.201605 3.50
245.00 0.201532 3.50
246.00 0.201459 3.50
247.00 0.201386 3.50
248.00 0.201312 3.50
249.00 0.201246 3.49
250.00 0.201183 3.49
251.00 0.201121 3.49
252.00 0.201058 3.49
253.00 0.200996 3.49
254.00 0.200934 3.49
255.00 0.200872 3.49
256.00 0.200810 3.49
257.00 0.200748 3.49
258.00 0.200686 3.49
259.00 0.200623 3.49
260.00 0.200561 3.49
261.00 0.200498 3.49
262.00 0.200436 3.49
263.00 0.200372 3.49
264.00 0.200309 3.49
265.00 0.200246 3.49
266.00 0.200184 3.48
267.00 0.200122 3.48
268.00 0.200061 3.48
269.00 0.199999 3.48
270.00 0.199937 3.48
271.00 0.199875 3.48
272.00 0.199813 3.48
273.00 0.199751 3.48
274.00 0.199688 3.48
275.00 0.199626 3.48
276.00 0.199563 3.48
277.00 0.199500 3.48
278.00 0.199436 3.48
279.00 0.199373 3.48
280.00 0.199311 3.47
281.00 0.199249 3.47
282.00 0.199186 3.47
283.00 0.199124 3.47
284.00 0.199061 3.47
285.00 0.198998 3.47
286.00 0.198935 3.47
287.00 0.198871 3.47
288.00 0.198807 3.47
289.00 0.198743 3.47
290.00 0.198678 3.47
291.00 0.198613 3.47
292.00 0.198547 3.47
293.00 0.198481 3.47
294.00 0.198414 3.47
295.00 0.198347 3.47
296.00 0.198280 3.47
297.00 0.198212 3.47
298.00 0.198143 3.47
299.00 0.198074 3.47
300.00 0.198004 3.47
301.00 0.197934 3.47
302.00 0.197863 3.47
303.00 0.197791 3.47
304.00 0.197719 3.47
305.00 0.197646 3.47
306.00 0.197572 3.47
307.00 0.197497 3.47
308.00 0.197422 3.47
309.00 0.197346 3.47
310.00 0.197269 3.47
311.00 0.197191 3.47
312.00 0.197112 3.47
313.00 0.197032 3.47
314.00 0.196952 3.47
315.00 0.196870 3.47
316.00 0.196788 3.47
317.00 0.196704 3.47
318.00 0.196619 3.47
319.00 0.196534 3.47
320.00 0.196447 3.47
321.00 0.196359 3.47
322.00 0.196270 3.46
323.00 0.196184 3.46
324.00 0.196096 3.46
325.00 0.196007 3.46
326.00 0.195918 3.46
327.00 0.195827 3.46
328.00 0.195735 3.46
329.00 0.195642 3.46
330.00 0.195547 3.46
331.00 0.195452 3.46
332.00 0.195355 3.46
333.00 0.195257 3.46
334.00 0.195158 3.46
335.00 0.195057 3.46
336.00 0.194955 3.46
337.00 0.194852 3.46
338.00 0.194748 3.46
339.00 0.194642 3.46
340.00 0.194545 3.45
341.00 0.194451 3.45
342.00 0.194356 3.45
343.00 0.194261 3.44
344.00 0.194179 3.44
345.00 0.194098 3.44
346.00 0.194017 3.44
347.00 0.193936 3.44
348.00 0.193855 3.44
349.00 0.193774 3.44
350.00 0.193693 3.44
351.00 0.193612 3.44
352.00 0.193530 3.44
353.00 0.193448 3.44
354.00 0.193366 3.44
355.00 0.193283 3.44
356.00 0.193200 3.44
357.00 0.193120 3.43
358.00 0.193042 3.43
359.00 0.192964 3.43
360.00 0.192886 3.43
361.00 0.192808 3.43
362.00 0.192730 3.43
363.00 0.192652 3.43
364.00 0.192573 3.43
365.00 0.192494 3.43
366.00 0.192415 3.43
367.00 0.192336 3.43
368.00 0.192256 3.43
369.00 0.192176 3.43
370.00 0.192095 3.43
371.00 0.192014 3.43
372.00 0.191932 3.43
373.00 0.191849 3.43
374.00 0.191767 3.43
375.00 0.191683 3.43
376.00 0.191599 3.43
377.00 0.191514 3.43
378.00 0.191429 3.43
379.00 0.191342 3.43
380.00 0.191255 3.43
381.00 0.191168 3.43
382.00 0.191079 3.43
383.00 0.190990 3.43
384.00 0.190900 3.43
385.00 0.190809 3.43
386.00 0.190717 3.43
387.00 0.190624 3.43
388.00 0.190530 3.43
389.00 0.190435 3.43
390.00 0.190339 3.43
391.00 0.190242 3.43
392.00 0.190144 3.43
393.00 0.190045 3.43
394.00 0.189944 3.43
395.00 0.189844 3.42
396.00 0.189751 3.42
397.00 0.189656 3.42
398.00 0.189562 3.42
399.00 0.189466 3.42
400.00 0.189370 3.42
401.00 0.189274 3.41
402.00 0.189186 3.41
403.00 0.189099 3.41
404.00 0.189011 3.41
405.00 0.188923 3.41
406.00 0.188835 3.41
407.00 0.188746 3.41
408.00 0.188657 3.41
409.00 0.188568 3.41
410.00 0.188478 3.41
411.00 0.188387 3.41
412.00 0.188296 3.41
413.00 0.188204 3.41
414.00 0.188112 3.41
415.00 0.188019 3.41
416.00 0.187926 3.41
417.00 0.187831 3.41
418.00 0.187736 3.41
419.00 0.187641 3.41
420.00 0.187544 3.41
421.00 0.187447 3.41
422.00 0.187349 3.41
423.00 0.187250 3.41
424.00 0.187151 3.41
425.00 0.187054 3.40
426.00 0.186967 3.40
427.00 0.186880 3.40
428.00 0.186793 3.40
429.00 0.186705 3.40
430.00 0.186618 3.40
431.00 0.186530 3.40
432.00 0.186442 3.40
433.00 0.186357 3.39
434.00 0.186273 3.39
435.00 0.186188 3.39
436.00 0.186104 3.39
437.00 0.186019 3.39
438.00 0.185934 3.39
439.00 0.185849 3.39
440.00 0.185763 3.39
441.00 0.185677 3.39
442.00 0.185591 3.39
443.00 0.185504 3.39
444.00 0.185417 3.39
445.00 0.185329 3.39
446.00 0.185241 3.39
447.00 0.185154 3.38
448.00 0.185068 3.38
449.00 0.184981 3.38
450.00 0.184894 3.38
451.00 0.184807 3.38
452.00 0.184719 3.38
453.00 0.184631 3.38
454.00 0.184547 3.37
455.00 0.184465 3.37
456.00 0.184385 3.36
457.00 0.184308 3.36
458.00 0.184231 3.36
459.00 0.184154 3.36
460.00 0.184077 3.36
461.00 0.183999 3.36
462.00 0.183922 3.36
463.00 0.183844 3.36
464.00 0.183766 3.36
465.00 0.183687 3.36
466.00 0.183608 3.36
467.00 0.183529 3.36
468.00 0.183449 3.36
469.00 0.183368 3.36
470.00 0.183287 3.36
471.00 0.183206 3.36
472.00 0.183124 3.36
473.00 0.183041 3.36
474.00 0.182957 3.36
475.00 0.182873 3.36
476.00 0.182788 3.36
477.00 0.182703 3.36
478.00 0.182616 3.36
479.00 0.182529 3.36
480.00 0.182441 3.36
481.00 0.182352 3.36
482.00 0.182263 3.36
483.00 0.182172 3.36
484.00 0.182080 3.36
485.00 0.181988 3.36
486.00 0.181895 3.36
487.00 0.181800 3.36
488.00 0.181705 3.36
489.00 0.181608 3.36
490.00 0.181513 3.35
491.00 0.181420 3.35
492.00 0.181327 3.35
493.00 0.181233 3.35
494.00 0.181138 3.35
495.00 0.181043 3.35
496.00 0.180947 3.35
497.00 0.180850 3.35
498.00 0.180752 3.35
499.00 0.180654 3.35
500.00 0.180555 3.35
501.00 0.180455 3.35
502.00 0.180355 3.35
503.00 0.180253 3.35
504.00 0.180151 3.35
505.00 0.180056 3.34
506.00 0.179967 3.34
507.00 0.179877 3.34
508.00 0.179788 3.34
509.00 0.179698 3.34
510.00 0.179608 3.34
511.00 0.179518 3.34
512.00 0.179430 3.33
513.00 0.179344 3.33
514.00 0.179259 3.33
515.00 0.179174 3.33
516.00 0.179088 3.33
517.00 0.179003 3.33
518.00 0.178918 3.32
519.00 0.178835 3.32
520.00 0.178752 3.32
521.00 0.178669 3.32
522.00 0.178586 3.32
523.00 0.178502 3.32
524.00 0.178419 3.32
525.00 0.178335 3.32
526.00 0.178250 3.32
527.00 0.178170 3.31
528.00 0.178090 3.31
529.00 0.178017 3.30
530.00 0.177945 3.30
531.00 0.177874 3.30
532.00 0.177803 3.30
533.00 0.177733 3.30
534.00 0.177662 3.30
535.00 0.177591 3.30
536.00 0.177520 3.30
537.00 0.177450 3.30
538.00 0.177379 3.30
539.00 0.177312 3.29
540.00 0.177246 3.29
541.00 0.177181 3.29
542.00 0.177116 3.29
543.00 0.177050 3.29
544.00 0.176985 3.29
545.00 0.176919 3.29
546.00 0.176854 3.29
547.00 0.176788 3.29
548.00 0.176722 3.29
549.00 0.176656 3.29
550.00 0.176589 3.29
551.00 0.176522 3.29
552.00 0.176455 3.29
553.00 0.176388 3.29
554.00 0.176320 3.29
555.00 0.176252 3.29
556.00 0.176183 3.29
557.00 0.176114 3.29
558.00 0.176045 3.29
559.00 0.175975 3.29
560.00 0.175905 3.29
561.00 0.175834 3.29
562.00 0.175763 3.29
563.00 0.175691 3.29
564.00 0.175619 3.29
565.00 0.175546 3.29
566.00 0.175472 3.29
567.00 0.175398 3.29
568.00 0.175324 3.29
569.00 0.175248 3.29
570.00 0.175172 3.29
571.00 0.175096 3.29
572.00 0.175018 3.29
573.00 0.174940 3.29
574.00 0.174862 3.29
575.00 0.174782 3.29
576.00 0.174702 3.29
577.00 0.174621 3.29
578.00 0.174540 3.29
579.00 0.174457 3.29
580.00 0.174374 3.29
581.00 0.174290 3.29
582.00 0.174205 3.29
583.00 0.174120 3.29
584.00 0.174033 3.29
585.00 0.173946 3.29
586.00 0.173857 3.29
587.00 0.173768 3.29
588.00 0.173678 3.29
589.00 0.173587 3.29
590.00 0.173495 3.29
591.00 0.173402 3.29
592.00 0.173309 3.28
593.00 0.173228 3.28
594.00 0.173147 3.28
595.00 0.173067 3.28
596.00 0.172986 3.28
597.00 0.172905 3.28
598.00 0.172824 3.28
599.00 0.172742 3.28
600.00 0.172660 3.28
601.00 0.172578 3.28
602.00 0.172495 3.28
603.00 0.172411 3.28
604.00 0.172327 3.27
605.00 0.172246 3.27
606.00 0.172165 3.27
607.00 0.172083 3.27
608.00 0.172000 3.27
609.00 0.171917 3.27
610.00 0.171834 3.27
611.00 0.171750 3.27
612.00 0.171665 3.27
613.00 0.171580 3.27
614.00 0.171493 3.27
615.00 0.171406 3.27
616.00 0.171319 3.27
617.00 0.171230 3.27
618.00 0.171141 3.27
619.00 0.171051 3.27
620.00 0.170961 3.26
621.00 0.170874 3.26
622.00 0.170786 3.26
623.00 0.170698 3.26
624.00 0.170608 3.26
625.00 0.170517 3.26
626.00 0.170426 3.26
627.00 0.170333 3.26
628.00 0.170239 3.26
629.00 0.170144 3.26
630.00 0.170048 3.26
631.00 0.169951 3.26
632.00 0.169857 3.25
633.00 0.169762 3.25
634.00 0.169667 3.25
635.00 0.169570 3.25
636.00 0.169472 3.25
637.00 0.169373 3.25
638.00 0.169273 3.25
639.00 0.169172 3.25
640.00 0.169069 3.25
641.00 0.168965 3.25
642.00 0.168860 3.25
643.00 0.168753 3.25
644.00 0.168645 3.25
645.00 0.168536 3.25
646.00 0.168427 3.24
647.00 0.168318 3.24
648.00 0.168207 3.24
649.00 0.168095 3.24
650.00 0.167982 3.24
651.00 0.167869 3.23
652.00 0.167755 3.23
653.00 0.167645 3.22
654.00 0.167545 3.22
655.00 0.167446 3.21
656.00 0.167365 3.20
657.00 0.167285 3.20
658.00 0.167206 3.20
659.00 0.167127 3.20
660.00 0.167048 3.20
661.00 0.166970 3.20
662.00 0.166891 3.19
663.00 0.166817 3.19
664.00 0.166743 3.19
665.00 0.166669 3.19
666.00 0.166595 3.19
667.00 0.166521 3.19
668.00 0.166446 3.19
669.00 0.166372 3.19
670.00 0.166297 3.19
671.00 0.166222 3.19
672.00 0.166147 3.19
673.00 0.166072 3.19
674.00 0.165996 3.19
675.00 0.165920 3.19
676.00 0.165843 3.19
677.00 0.165767 3.19
678.00 0.165689 3.19
679.00 0.165611 3.19
680.00 0.165533 3.19
681.00 0.165454 3.19
682.00 0.165375 3.19
683.00 0.165295 3.19
684.00 0.165215 3.19
685.00 0.165134 3.19
686.00 0.165052 3.19
687.00 0.164970 3.19
688.00 0.164887 3.19
689.00 0.164804 3.19
690.00 0.164720 3.19
691.00 0.164635 3.19
692.00 0.164549 3.19
693.00 0.164463 3.19
694.00 0.164377 3.18
695.00 0.164293 3.18
696.00 0.164209 3.17
697.00 0.164131 3.17
698.00 0.164054 3.17
699.00 0.163975 3.17
700.00 0.163897 3.17
701.00 0.163817 3.17
702.00 0.163738 3.17
703.00 0.163657 3.17
704.00 0.163576 3.17
705.00 0.163495 3.17
706.00 0.163413 3.17
707.00 0.163330 3.17
708.00 0.163246 3.17
709.00 0.163165 3.16
710.00 0.163085 3.16
711.00 0.163004 3.16
712.00 0.162923 3.16
713.00 0.162841 3.16
714.00 0.162758 3.16
715.00 0.162675 3.16
716.00 0.162591 3.16
717.00 0.162506 3.16
718.00 0.162421 3.16
719.00 0.162335 3.16
720.00 0.162248 3.16
721.00 0.162161 3.16
722.00 0.162073 3.16
723.00 0.161984 3.16
724.00 0.161894 3.16
725.00 0.161803 3.16
726.00 0.161712 3.16
727.00 0.161620 3.16
728.00 0.161527 3.16
729.00 0.161433 3.16
730.00 0.161338 3.16
731.00 0.161243 3.16
732.00 0.161154 3.15
733.00 0.161070 3.15
734.00 0.160987 3.15
735.00 0.160911 3.14
736.00 0.160835 3.14
737.00 0.160759 3.14
738.00 0.160684 3.14
739.00 0.160608 3.14
740.00 0.160532 3.14
741.00 0.160456 3.13
742.00 0.160386 3.13
743.00 0.160318 3.12
744.00 0.160252 3.12
745.00 0.160185 3.12
746.00 0.160119 3.12
747.00 0.160053 3.12
748.00 0.159986 3.12
749.00 0.159920 3.12
750.00 0.159854 3.12
751.00 0.159787 3.12
752.00 0.159720 3.12
753.00 0.159653 3.12
754.00 0.159586 3.12
755.00 0.159519 3.12
756.00 0.159451 3.12
757.00 0.159383 3.12
758.00 0.159315 3.12
759.00 0.159246 3.12
760.00 0.159177 3.12
761.00 0.159108 3.12
762.00 0.159039 3.11
763.00 0.158973 3.11
764.00 0.158907 3.11
765.00 0.158841 3.11
766.00 0.158774 3.11
767.00 0.158707 3.11
768.00 0.158640 3.11
769.00 0.158572 3.11
770.00 0.158503 3.11
771.00 0.158435 3.11
772.00 0.158365 3.11
773.00 0.158296 3.11
774.00 0.158226 3.10
775.00 0.158156 3.10
776.00 0.158086 3.10
777.00 0.158016 3.10
778.00 0.157945 3.10
779.00 0.157874 3.10
780.00 0.157803 3.10
781.00 0.157730 3.10
782.00 0.157658 3.10
783.00 0.157584 3.10
784.00 0.157511 3.10
785.00 0.157436 3.10
786.00 0.157361 3.10
787.00 0.157285 3.10
788.00 0.157209 3.10
789.00 0.157132 3.10
790.00 0.157055 3.10
791.00 0.156976 3.10
792.00 0.156897 3.10
793.00 0.156818 3.10
794.00 0.156737 3.10
795.00 0.156656 3.10
796.00 0.156574 3.10
797.00 0.156491 3.10
798.00 0.156407 3.10
799.00 0.156324 3.09
800.00 0.156243 3.09
801.00 0.156162 3.09
802.00 0.156081 3.08
803.00 0.156002 3.08
804.00 0.155922 3.08
805.00 0.155841 3.08
806.00 0.155759 3.08
807.00 0.155676 3.08
808.00 0.155593 3.08
809.00 0.155509 3.08
810.00 0.155423 3.08
811.00 0.155337 3.08
812.00 0.155250 3.08
813.00 0.155162 3.08
814.00 0.155073 3.08
815.00 0.154983 3.08
816.00 0.154892 3.08
817.00 0.154800 3.08
818.00 0.154707 3.08
819.00 0.154615 3.07
820.00 0.154525 3.07
821.00 0.154433 3.07
822.00 0.154341 3.07
823.00 0.154247 3.07
824.00 0.154153 3.07
825.00 0.154067 3.06
826.00 0.153980 3.06
827.00 0.153898 3.05
828.00 0.153824 3.05
829.00 0.153749 3.05
830.00 0.153675 3.05
831.00 0.153601 3.05
832.00 0.153527 3.05
833.00 0.153453 3.05
834.00 0.153379 3.05
835.00 0.153305 3.05
836.00 0.153230 3.05
837.00 0.153156 3.05
838.00 0.153081 3.05
839.00 0.153005 3.05
840.00 0.152930 3.05
841.00 0.152854 3.05
842.00 0.152777 3.05
843.00 0.152700 3.05
844.00 0.152623 3.05
845.00 0.152545 3.05
846.00 0.152467 3.05
847.00 0.152388 3.05
848.00 0.152308 3.05
849.00 0.152228 3.05
850.00 0.152148 3.05
851.00 0.152067 3.05
852.00 0.151985 3.05
853.00 0.151902 3.05
854.00 0.151819 3.05
855.00 0.151735 3.05
856.00 0.151651 3.05
857.00 0.151566 3.05
858.00 0.151480 3.05
859.00 0.151393 3.05
860.00 0.151306 3.05
861.00 0.151217 3.05
862.00 0.151128 3.05
863.00 0.151038 3.05
864.00 0.150948 3.05
865.00 0.150856 3.05
866.00 0.150763 3.05
867.00 0.150670 3.05
868.00 0.150575 3.05
869.00 0.150480 3.05
870.00 0.150388 3.04
871.00 0.150296 3.04
872.00 0.150206 3.03
873.00 0.150116 3.03
874.00 0.150024 3.03
875.00 0.149931 3.03
876.00 0.149838 3.03
877.00 0.149743 3.03
878.00 0.149647 3.03
879.00 0.149551 3.03
880.00 0.149453 3.03
881.00 0.149354 3.03
882.00 0.149253 3.03
883.00 0.149152 3.03
884.00 0.149049 3.03
885.00 0.148945 3.03
886.00 0.148840 3.03
887.00 0.148736 3.02
888.00 0.148633 3.02
889.00 0.148528 3.02
890.00 0.148421 3.02
891.00 0.148313 3.02
892.00 0.148204 3.02
893.00 0.148094 3.02
894.00 0.147982 3.02
895.00 0.147868 3.02
896.00 0.147753 3.02
897.00 0.147637 3.01
898.00 0.147528 3.01
899.00 0.147419 3.01
900.00 0.147308 3.01
901.00 0.147196 3.01
902.00 0.147083 3.01
903.00 0.146969 3.01
904.00 0.146853 3.01
905.00 0.146737 3.00
906.00 0.146623 3.00
907.00 0.146508 3.00
908.00 0.146392 3.00
909.00 0.146274 3.00
910.00 0.146155 2.99
911.00 0.146047 2.99
912.00 0.145937 2.99
913.00 0.145827 2.99
914.00 0.145717 2.99
915.00 0.145609 2.98
916.00 0.145510 2.97
917.00 0.145415 2.97
918.00 0.145319 2.97
919.00 0.145223 2.97
920.00 0.145126 2.97
921.00 0.145029 2.97
922.00 0.144932 2.97
923.00 0.144834 2.97
924.00 0.144735 2.97
925.00 0.144636 2.97
926.00 0.144535 2.97
927.00 0.144435 2.97
928.00 0.144333 2.97
929.00 0.144231 2.97
930.00 0.144130 2.96
931.00 0.144032 2.96
932.00 0.143932 2.96
933.00 0.143831 2.96
934.00 0.143738 2.95
935.00 0.143645 2.95
936.00 0.143552 2.95
937.00 0.143459 2.95
938.00 0.143365 2.95
939.00 0.143271 2.95
940.00 0.143176 2.95
941.00 0.143081 2.95
942.00 0.142985 2.95
943.00 0.142897 2.94
944.00 0.142809 2.94
945.00 0.142722 2.94
946.00 0.142634 2.94
947.00 0.142546 2.94
948.00 0.142457 2.94
949.00 0.142371 2.93
950.00 0.142287 2.92
951.00 0.142203 2.92
952.00 0.142123 2.91
953.00 0.142044 2.91
954.00 0.141964 2.91
955.00 0.141885 2.90
956.00 0.141813 2.90
957.00 0.141741 2.90
958.00 0.141669 2.90
959.00 0.141597 2.90
960.00 0.141527 2.89
961.00 0.141460 2.89
962.00 0.141393 2.89
963.00 0.141326 2.89
964.00 0.141259 2.89
965.00 0.141192 2.89
966.00 0.141125 2.89
967.00 0.141058 2.89
968.00 0.140991 2.89
969.00 0.140923 2.89
970.00 0.140856 2.89
971.00 0.140788 2.89
972.00 0.140720 2.89
973.00 0.140651 2.89
974.00 0.140582 2.89
975.00 0.140513 2.89
976.00 0.140444 2.89
977.00 0.140374 2.89
978.00 0.140304 2.89
979.00 0.140233 2.89
980.00 0.140162 2.89
981.00 0.140090 2.89
982.00 0.140018 2.89
983.00 0.139946 2.89
984.00 0.139873 2.89
985.00 0.139800 2.89
986.00 0.139726 2.89
987.00 0.139651 2.89
988.00 0.139577 2.89
989.00 0.139501 2.89
990.00 0.139425 2.89
991.00 0.139349 2.89
992.00 0.139273 2.88
993.00 0.139204 2.88
994.00 0.139135 2.88
995.00 0.139066 2.88
996.00 0.138996 2.88
997.00 0.138927 2.88
998.00 0.138857 2.88
999.00 0.138786 2.88
1000.00 0.138716 2.88
