0 43 0.000000
1 43 0.000000
2 43 0.000000
3 43 0.000000
4 43 0.000000
5 43 0.000000
6 43 0.000000
7 43 0.000000
8 43 0.000000
9 43 0.000000
10 43 0.000000
11 43 0.000000
12 43 0.000000
13 43 0.000000
14 43 0.000000
15 43 0.000000
16 43 0.000000
17 43 0.000000
18 43 0.000000
19 43 0.000000
20 43 0.000000
21 43 0.000000
22 43 0.000000
23 43 0.000000
24 43 0.000000
25 43 0.000000
26 43 0.000000
27 43 0.000000
28 43 0.000000
29 43 0.000000
30 43 0.000000
31 43 0.000000
32 43 0.000000
33 43 0.000000
34 43 0.000000
35 43 0.000000
36 43 0.000000
37 43 0.000000
38 43 0.000000
39 43 0.000000
40 43 0.000000
41 43 0.000000
42 43 0.000000
43 43 0.000000
44 43 0.000000
45 43 0.000000
46 43 0.000000
47 43 0.000000
48 43 0.000000
0 42 0.000000
1 42 0.000000
2 42 0.000000
3 42 0.000000
4 42 0.000000
5 42 0.000000
6 42 0.000000
7 42 0.000000
8 42 0.000000
9 42 0.000000
10 42 0.000000
11 42 0.000000
12 42 0.000000
13 42 0.000000
14 42 0.000000
15 42 0.000000
16 42 0.000000
17 42 0.000000
18 42 0.000000
19 42 0.000000
20 42 0.000000
21 42 0.000000
22 42 0.000000
23 42 0.000000
24 42 0.000000
25 42 0.000000
26 42 0.000000
27 42 0.000000
28 42 0.000000
29 42 0.000000
30 42 0.000000
31 42 0.000000
32 42 0.000000
33 42 0.000000
34 42 0.000000
35 42 0.000000
36 42 0.000000
37 42 0.000000
38 42 0.000000
39 42 0.000000
40 42 0.000000
41 42 0.000000
42 42 0.000000
43 42 0.000000
44 42 0.000000
45 42 0.000000
46 42 0.000000
47 42 0.000000
48 42 0.000000
0 41 0.000000
1 41 0.000000
2 41 0.000000
3 41 0.000000
4 41 0.000000
5 41 0.000000
6 41 0.000000
7 41 0.000000
8 41 0.000000
9 41 0.000000
10 41 0.000000
11 41 0.000000
12 41 0.000000
13 41 0.000000
14 41 0.000000
15 41 0.000000
16 41 0.000000
17 41 0.000000
18 41 0.000000
19 41 0.000000
20 41 0.000000
21 41 0.000000
22 41 0.000000
23 41 0.000000
24 41 0.000000
25 41 0.000000
26 41 0.000000
27 41 0.000000
28 41 0.000000
29 41 0.000000
30 41 0.000000
31 41 0.000000
32 41 0.000000
33 41 0.000000
34 41 0.000000
35 41 0.000000
36 41 0.000000
37 41 0.000000
38 41 0.000000
39 41 0.000000
40 41 0.000000
41 41 0.000000
42 41 0.000000
43 41 0.000000
44 41 0.000000
45 41 0.000000
46 41 0.000000
47 41 0.000000
48 41 0.000000
0 40 0.000000
1 40 0.000000
2 40 0.000000
3 40 0.000000
4 40 0.000000
5 40 0.000000
6 40 0.000000
7 40 0.000000
8 40 0.000000
9 40 0.000000
10 40 0.000000
11 40 0.000000
12 40 0.000000
13 40 0.000000
14 40 0.000000
15 40 0.000000
16 40 0.000000
17 40 0.000000
18 40 0.000000
19 40 0.000000
20 40 0.000000
21 40 0.000000
22 40 0.000000
23 40 0.000000
24 40 0.000000
25 40 0.000000
26 40 0.000000
27 40 0.000000
28 40 0.000000
29 40 0.000000
30 40 0.000000
31 40 0.000000
32 40 0.000000
33 40 0.000000
34 40 0.000000
35 40 0.000000
36 40 0.000000
37 40 0.000000
38 40 0.000000
39 40 0.000000
40 40 0.000000
41 40 0.000000
42 40 0.000000
43 40 0.000000
44 40 0.000000
45 40 0.000000
46 40 0.000000
47 40 0.000000
48 40 0.000000
0 39 0.000000
1 39 0.000000
2 39 0.000000
3 39 0.000000
4 39 0.000000
5 39 0.000000
6 39 0.000000
7 39 0.000000
8 39 0.000000
9 39 0.000000
10 39 0.000000
11 39 0.000000
12 39 0.000000
13 39 0.000000
14 39 0.000000
15 39 0.000000
16 39 0.000000
17 39 0.000000
18 39 0.000000
19 39 0.000000
20 39 0.000000
21 39 0.000000
22 39 0.000000
23 39 0.000000
24 39 0.000000
25 39 0.000000
26 39 0.000000
27 39 0.000000
28 39 0.000000
29 39 0.000000
30 39 0.000000
31 39 0.000000
32 39 0.000000
33 39 0.000000
34 39 0.000000
35 39 0.000000
36 39 0.000000
37 39 0.000000
38 39 0.000000
39 39 0.000000
40 39 0.000000
41 39 0.000000
42 39 0.000000
43 39 0.000000
44 39 0.000000
45 39 0.000000
46 39 0.000000
47 39 0.000000
48 39 0.000000
0 38 0.000000
1 38 0.000000
2 38 0.000000
3 38 0.000000
4 38 0.000000
5 38 0.000000
6 38 0.000000
7 38 0.000000
8 38 0.000000
9 38 0.000000
10 38 0.000000
11 38 0.000000
12 38 0.000000
13 38 0.000000
14 38 0.000000
15 38 0.000000
16 38 0.000000
17 38 0.000000
18 38 0.000000
19 38 0.000000
20 38 0.000000
21 38 0.000000
22 38 0.000000
23 38 0.000000
24 38 0.000000
25 38 0.000000
26 38 0.000000
27 38 0.000000
28 38 0.000000
29 38 0.000000
30 38 0.000000
31 38 0.000000
32 38 0.000000
33 38 0.000000
34 38 0.000000
35 38 0.000000
36 38 0.000000
37 38 0.000000
38 38 0.000000
39 38 0.000000
40 38 0.000000
41 38 0.000000
42 38 0.000000
43 38 0.000000
44 38 0.000000
45 38 0.000000
46 38 0.000000
47 38 0.000000
48 38 0.000000
0 37 0.000000
1 37 0.000000
2 37 0.000000
3 37 0.000000
4 37 0.000000
5 37 0.000000
6 37 0.000000
7 37 0.000000
8 37 0.000000
9 37 0.000000
10 37 0.000000
11 37 0.000000
12 37 0.000000
13 37 0.000000
14 37 0.000000
15 37 0.000000
16 37 0.000000
17 37 0.000000
18 37 0.000000
19 37 0.000000
20 37 0.000000
21 37 0.000000
22 37 0.000000
23 37 0.000000
24 37 0.000000
25 37 0.000000
26 37 0.000000
27 37 0.000000
28 37 0.000000
29 37 0.000000
30 37 0.000000
31 37 0.000000
32 37 0.000000
33 37 0.000000
34 37 0.000000
35 37 0.000000
36 37 0.000000
37 37 0.000000
38 37 0.000000
39 37 0.000000
40 37 0.000000
41 37 0.000000
42 37 0.000000
43 37 0.000000
44 37 0.000000
45 37 0.000000
46 37 0.000000
47 37 0.000000
48 37 0.000000
0 36 0.000000
1 36 0.000000
2 36 0.000000
3 36 0.000000
4 36 0.000000
5 36 0.000000
6 36 0.000000
7 36 0.000000
8 36 0.000000
9 36 0.000000
10 36 0.000000
11 36 0.000000
12 36 0.000000
13 36 0.000000
14 36 0.000000
15 36 0.000000
16 36 0.000000
17 36 0.000000
18 36 0.000000
19 36 0.000000
20 36 0.000000
21 36 0.000000
22 36 0.000000
23 36 0.000000
24 36 0.000000
25 36 0.000000
26 36 0.000000
27 36 0.000000
28 36 0.000000
29 36 0.000000
30 36 0.000000
31 36 0.000000
32 36 0.000000
33 36 0.000000
34 36 0.000000
35 36 0.000000
36 36 0.000000
37 36 0.000000
38 36 0.000000
39 36 0.000000
40 36 0.000000
41 36 0.000000
42 36 0.000000
43 36 0.000000
44 36 0.000000
45 36 0.000000
46 36 0.000000
47 36 0.000000
48 36 0.000000
0 35 0.000000
1 35 0.000000
2 35 0.000000
3 35 0.000000
4 35 0.000000
5 35 0.000000
6 35 0.000000
7 35 0.000000
8 35 0.000000
9 35 0.000000
10 35 0.000000
11 35 0.000000
12 35 0.000000
13 35 0.000000
14 35 0.000000
15 35 0.000000
16 35 0.000000
17 35 0.000000
18 35 0.000000
19 35 0.000000
20 35 0.000000
21 35 0.000000
22 35 0.000000
23 35 0.000000
24 35 0.000000
25 35 0.000000
26 35 0.000000
27 35 0.000000
28 35 0.000000
29 35 0.000000
30 35 0.000000
31 35 0.000000
32 35 0.000000
33 35 0.000000
34 35 0.000000
35 35 0.000000
36 35 0.000000
37 35 0.000000
38 35 0.000000
39 35 0.000000
40 35 0.000000
41 35 0.000000
42 35 0.000000
43 35 0.000000
44 35 0.000000
45 35 0.000000
46 35 0.000000
47 35 0.000000
48 35 0.000000
0 34 0.000000
1 34 0.000000
2 34 0.000000
3 34 0.000000
4 34 0.000000
5 34 0.000000
6 34 0.000000
7 34 0.000000
8 34 0.000000
9 34 0.000000
10 34 0.000000
11 34 0.000000
12 34 0.000000
13 34 0.000000
14 34 0.000000
15 34 0.000000
16 34 0.000000
17 34 0.000000
18 34 0.000000
19 34 0.000000
20 34 0.000000
21 34 0.000000
22 34 0.000000
23 34 0.000000
24 34 0.000000
25 34 0.000000
26 34 0.000000
27 34 0.000000
28 34 0.000000
29 34 0.000000
30 34 0.000000
31 34 0.000000
32 34 0.000000
33 34 0.000000
34 34 0.000000
35 34 0.000000
36 34 0.000000
37 34 0.000000
38 34 0.000000
39 34 0.000000
40 34 0.000000
41 34 0.000000
42 34 0.000000
43 34 0.000000
44 34 0.000000
45 34 0.000000
46 34 0.000000
47 34 0.000000
48 34 0.000000
0 33 0.000000
1 33 0.000000
2 33 0.000000
3 33 0.000000
4 33 0.000000
5 33 0.000000
6 33 0.000000
7 33 0.000000
8 33 0.000000
9 33 0.000000
10 33 0.000000
11 33 0.000000
12 33 0.000000
13 33 0.000000
14 33 0.000000
15 33 0.000000
16 33 0.000000
17 33 0.000000
18 33 0.000000
19 33 5068.000000
20 33 5059.000000
21 33 5063.000000
22 33 0.000000
23 33 0.000000
24 33 0.000000
25 33 0.000000
26 33 0.000000
27 33 0.000000
28 33 0.000000
29 33 0.000000
30 33 0.000000
31 33 0.000000
32 33 0.000000
33 33 0.000000
34 33 0.000000
35 33 0.000000
36 33 0.000000
37 33 0.000000
38 33 0.000000
39 33 0.000000
40 33 0.000000
41 33 0.000000
42 33 0.000000
43 33 0.000000
44 33 0.000000
45 33 0.000000
46 33 0.000000
47 33 0.000000
48 33 0.000000
0 32 0.000000
1 32 0.000000
2 32 0.000000
3 32 0.000000
4 32 0.000000
5 32 0.000000
6 32 0.000000
7 32 0.000000
8 32 0.000000
9 32 0.000000
10 32 0.000000
11 32 0.000000
12 32 0.000000
13 32 0.000000
14 32 0.000000
15 32 0.000000
16 32 0.000000
17 32 0.000000
18 32 5133.000000
19 32 5122.000000
20 32 5115.445348
21 32 5112.000000
22 32 5110.000000
23 32 0.000000
24 32 0.000000
25 32 0.000000
26 32 0.000000
27 32 0.000000
28 32 0.000000
29 32 0.000000
30 32 0.000000
31 32 0.000000
32 32 0.000000
33 32 0.000000
34 32 0.000000
35 32 0.000000
36 32 0.000000
37 32 0.000000
38 32 0.000000
39 32 0.000000
40 32 0.000000
41 32 0.000000
42 32 0.000000
43 32 0.000000
44 32 0.000000
45 32 0.000000
46 32 0.000000
47 32 0.000000
48 32 0.000000
0 31 0.000000
1 31 0.000000
2 31 0.000000
3 31 0.000000
4 31 0.000000
5 31 0.000000
6 31 0.000000
7 31 0.000000
8 31 0.000000
9 31 0.000000
10 31 0.000000
11 31 0.000000
12 31 0.000000
13 31 0.000000
14 31 0.000000
15 31 0.000000
16 31 5236.000000
17 31 5198.000000
18 31 5181.000000
19 31 5159.280830
20 31 5154.112291
21 31 5147.890288
22 31 5131.000000
23 31 5179.000000
24 31 0.000000
25 31 0.000000
26 31 0.000000
27 31 0.000000
28 31 0.000000
29 31 0.000000
30 31 0.000000
31 31 0.000000
32 31 0.000000
33 31 0.000000
34 31 0.000000
35 31 0.000000
36 31 0.000000
37 31 0.000000
38 31 0.000000
39 31 0.000000
40 31 0.000000
41 31 0.000000
42 31 0.000000
43 31 0.000000
44 31 0.000000
45 31 0.000000
46 31 0.000000
47 31 0.000000
48 31 0.000000
0 30 0.000000
1 30 0.000000
2 30 0.000000
3 30 0.000000
4 30 0.000000
5 30 0.000000
6 30 0.000000
7 30 0.000000
8 30 0.000000
9 30 0.000000
10 30 0.000000
11 30 0.000000
12 30 0.000000
13 30 0.000000
14 30 0.000000
15 30 5275.000000
16 30 5228.000000
17 30 5193.492542
18 30 5177.856915
19 30 5176.737373
20 30 5165.578663
21 30 5177.052978
22 30 5174.002142
23 30 5204.000000
24 30 0.000000
25 30 0.000000
26 30 0.000000
27 30 0.000000
28 30 0.000000
29 30 0.000000
30 30 0.000000
31 30 0.000000
32 30 0.000000
33 30 0.000000
34 30 0.000000
35 30 0.000000
36 30 0.000000
37 30 0.000000
38 30 0.000000
39 30 0.000000
40 30 0.000000
41 30 0.000000
42 30 0.000000
43 30 0.000000
44 30 0.000000
45 30 0.000000
46 30 0.000000
47 30 0.000000
48 30 0.000000
0 29 0.000000
1 29 0.000000
2 29 0.000000
3 29 0.000000
4 29 0.000000
5 29 0.000000
6 29 0.000000
7 29 0.000000
8 29 0.000000
9 29 0.000000
10 29 0.000000
11 29 0.000000
12 29 0.000000
13 29 0.000000
14 29 5317.000000
15 29 5270.000000
16 29 5221.770866
17 29 5155.154926
18 29 5143.271881
19 29 5151.502602
20 29 5156.829231
21 29 5184.978428
22 29 5190.949314
23 29 5223.000000
24 29 0.000000
25 29 0.000000
26 29 0.000000
27 29 0.000000
28 29 0.000000
29 29 0.000000
30 29 0.000000
31 29 0.000000
32 29 0.000000
33 29 0.000000
34 29 0.000000
35 29 0.000000
36 29 0.000000
37 29 0.000000
38 29 0.000000
39 29 0.000000
40 29 0.000000
41 29 0.000000
42 29 0.000000
43 29 0.000000
44 29 0.000000
45 29 0.000000
46 29 0.000000
47 29 0.000000
48 29 0.000000
0 28 0.000000
1 28 0.000000
2 28 0.000000
3 28 0.000000
4 28 0.000000
5 28 0.000000
6 28 0.000000
7 28 0.000000
8 28 0.000000
9 28 0.000000
10 28 0.000000
11 28 0.000000
12 28 5387.000000
13 28 5333.000000
14 28 5291.000000
15 28 5251.846103
16 28 5192.696339
17 28 5131.472359
18 28 5124.490265
19 28 5143.387856
20 28 5163.904411
21 28 5191.512627
22 28 5223.542923
23 28 5249.000000
24 28 0.000000
25 28 0.000000
26 28 0.000000
27 28 0.000000
28 28 0.000000
29 28 0.000000
30 28 0.000000
31 28 0.000000
32 28 0.000000
33 28 0.000000
34 28 0.000000
35 28 0.000000
36 28 0.000000
37 28 0.000000
38 28 0.000000
39 28 0.000000
40 28 0.000000
41 28 0.000000
42 28 0.000000
43 28 0.000000
44 28 0.000000
45 28 0.000000
46 28 0.000000
47 28 0.000000
48 28 0.000000
0 27 0.000000
1 27 0.000000
2 27 0.000000
3 27 0.000000
4 27 0.000000
5 27 0.000000
6 27 0.000000
7 27 0.000000
8 27 0.000000
9 27 0.000000
10 27 0.000000
11 27 5422.000000
12 27 5361.000000
13 27 5327.816807
14 27 5270.389164
15 27 5231.890244
16 27 5191.746521
17 27 5125.393303
18 27 5125.281113
19 27 5143.833595
20 27 5163.312782
21 27 5184.419899
22 27 5232.544125
23 27 5269.000000
24 27 0.000000
25 27 0.000000
26 27 0.000000
27 27 0.000000
28 27 0.000000
29 27 0.000000
30 27 0.000000
31 27 0.000000
32 27 0.000000
33 27 0.000000
34 27 0.000000
35 27 0.000000
36 27 0.000000
37 27 0.000000
38 27 0.000000
39 27 0.000000
40 27 0.000000
41 27 0.000000
42 27 0.000000
43 27 0.000000
44 27 0.000000
45 27 0.000000
46 27 0.000000
47 27 0.000000
48 27 0.000000
0 26 0.000000
1 26 0.000000
2 26 0.000000
3 26 0.000000
4 26 0.000000
5 26 0.000000
6 26 0.000000
7 26 0.000000
8 26 0.000000
9 26 0.000000
10 26 0.000000
11 26 5426.000000
12 26 5366.996456
13 26 5313.909880
14 26 5258.865601
15 26 5214.761902
16 26 5181.463882
17 26 5146.612419
18 26 5150.749680
19 26 5155.281769
20 26 5159.352997
21 26 5174.947922
22 26 5222.719379
23 26 5275.000000
24 26 5294.000000
25 26 0.000000
26 26 0.000000
27 26 0.000000
28 26 0.000000
29 26 0.000000
30 26 0.000000
31 26 0.000000
32 26 0.000000
33 26 0.000000
34 26 0.000000
35 26 0.000000
36 26 0.000000
37 26 0.000000
38 26 0.000000
39 26 0.000000
40 26 0.000000
41 26 0.000000
42 26 0.000000
43 26 0.000000
44 26 0.000000
45 26 0.000000
46 26 0.000000
47 26 0.000000
48 26 0.000000
0 25 0.000000
1 25 0.000000
2 25 0.000000
3 25 0.000000
4 25 0.000000
5 25 0.000000
6 25 0.000000
7 25 0.000000
8 25 0.000000
9 25 0.000000
10 25 0.000000
11 25 5450.000000
12 25 5396.647825
13 25 5360.192126
14 25 5308.717360
15 25 5241.243931
16 25 5204.002380
17 25 5170.137657
18 25 5166.324417
19 25 5169.819786
20 25 5168.763374
21 25 5186.200424
22 25 5211.313995
23 25 5264.769045
24 25 5303.000000
25 25 0.000000
26 25 0.000000
27 25 0.000000
28 25 0.000000
29 25 0.000000
30 25 0.000000
31 25 0.000000
32 25 0.000000
33 25 0.000000
34 25 0.000000
35 25 0.000000
36 25 0.000000
37 25 0.000000
38 25 0.000000
39 25 0.000000
40 25 0.000000
41 25 0.000000
42 25 0.000000
43 25 0.000000
44 25 0.000000
45 25 0.000000
46 25 0.000000
47 25 0.000000
48 25 0.000000
0 24 0.000000
1 24 0.000000
2 24 0.000000
3 24 0.000000
4 24 0.000000
5 24 0.000000
6 24 0.000000
7 24 0.000000
8 24 0.000000
9 24 0.000000
10 24 0.000000
11 24 5508.000000
12 24 5440.000000
13 24 5395.000000
14 24 5339.136372
15 24 5276.606400
16 24 5234.116802
17 24 5200.594994
18 24 5181.300682
19 24 5185.461044
20 24 5172.899559
21 24 5179.101364
22 24 5214.948563
23 24 5287.883081
24 24 5315.000000
25 24 5347.000000
26 24 0.000000
27 24 0.000000
28 24 0.000000
29 24 0.000000
30 24 0.000000
31 24 0.000000
32 24 0.000000
33 24 0.000000
34 24 0.000000
35 24 0.000000
36 24 0.000000
37 24 0.000000
38 24 0.000000
39 24 0.000000
40 24 0.000000
41 24 0.000000
42 24 0.000000
43 24 0.000000
44 24 0.000000
45 24 0.000000
46 24 0.000000
47 24 0.000000
48 24 0.000000
0 23 0.000000
1 23 0.000000
2 23 0.000000
3 23 0.000000
4 23 0.000000
5 23 0.000000
6 23 0.000000
7 23 0.000000
8 23 0.000000
9 23 0.000000
10 23 0.000000
11 23 0.000000
12 23 5484.000000
13 23 5423.494721
14 23 5352.099842
15 23 5307.789925
16 23 5272.928860
17 23 5237.623123
18 23 5210.229713
19 23 5200.420212
20 23 5181.404686
21 23 5192.051239
22 23 5211.579300
23 23 5263.342285
24 23 5308.611584
25 23 5352.000000
26 23 5433.000000
27 23 0.000000
28 23 0.000000
29 23 0.000000
30 23 0.000000
31 23 0.000000
32 23 0.000000
33 23 0.000000
34 23 0.000000
35 23 0.000000
36 23 0.000000
37 23 0.000000
38 23 0.000000
39 23 0.000000
40 23 0.000000
41 23 0.000000
42 23 0.000000
43 23 0.000000
44 23 0.000000
45 23 0.000000
46 23 0.000000
47 23 0.000000
48 23 0.000000
0 22 0.000000
1 22 0.000000
2 22 0.000000
3 22 0.000000
4 22 0.000000
5 22 0.000000
6 22 0.000000
7 22 0.000000
8 22 0.000000
9 22 0.000000
10 22 0.000000
11 22 0.000000
12 22 5486.000000
13 22 5434.339947
14 22 5381.448729
15 22 5341.472324
16 22 5305.297985
17 22 5273.183743
18 22 5246.168236
19 22 5223.841759
20 22 5214.770920
21 22 5218.942314
22 22 5234.450844
23 22 5262.235634
24 22 5305.120903
25 22 5362.042478
26 22 5426.000000
27 22 0.000000
28 22 0.000000
29 22 0.000000
30 22 0.000000
31 22 0.000000
32 22 0.000000
33 22 0.000000
34 22 0.000000
35 22 0.000000
36 22 0.000000
37 22 0.000000
38 22 0.000000
39 22 0.000000
40 22 0.000000
41 22 0.000000
42 22 0.000000
43 22 0.000000
44 22 0.000000
45 22 0.000000
46 22 0.000000
47 22 0.000000
48 22 0.000000
0 21 0.000000
1 21 0.000000
2 21 0.000000
3 21 0.000000
4 21 0.000000
5 21 0.000000
6 21 0.000000
7 21 0.000000
8 21 0.000000
9 21 0.000000
10 21 0.000000
11 21 0.000000
12 21 5513.000000
13 21 5462.000000
14 21 5396.035101
15 21 5350.862881
16 21 5326.458401
17 21 5297.742950
18 21 5275.190331
19 21 5268.802246
20 21 5255.739891
21 21 5251.118576
22 21 5255.969223
23 21 5281.546333
24 21 5334.766518
25 21 5394.949134
26 21 5427.000000
27 21 5467.000000
28 21 5494.000000
29 21 5511.000000
30 21 5537.000000
31 21 5562.000000
32 21 5587.000000
33 21 0.000000
34 21 0.000000
35 21 0.000000
36 21 0.000000
37 21 0.000000
38 21 0.000000
39 21 0.000000
40 21 0.000000
41 21 0.000000
42 21 0.000000
43 21 0.000000
44 21 0.000000
45 21 0.000000
46 21 0.000000
47 21 0.000000
48 21 0.000000
0 20 0.000000
1 20 0.000000
2 20 0.000000
3 20 0.000000
4 20 0.000000
5 20 0.000000
6 20 0.000000
7 20 0.000000
8 20 0.000000
9 20 0.000000
10 20 0.000000
11 20 0.000000
12 20 0.000000
13 20 5505.000000
14 20 5430.256347
15 20 5377.320118
16 20 5353.961781
17 20 5331.385376
18 20 5311.022373
19 20 5304.816025
20 20 5300.491776
21 20 5290.346428
22 20 5288.596436
23 20 5305.283195
24 20 5347.740986
25 20 5382.196096
26 20 5406.073784
27 20 5432.119127
28 20 5454.107306
29 20 5471.213753
30 20 5491.411571
31 20 5512.534198
32 20 5533.000000
33 20 5567.000000
34 20 0.000000
35 20 0.000000
36 20 0.000000
37 20 0.000000
38 20 0.000000
39 20 0.000000
40 20 0.000000
41 20 0.000000
42 20 0.000000
43 20 0.000000
44 20 0.000000
45 20 0.000000
46 20 0.000000
47 20 0.000000
48 20 0.000000
0 19 0.000000
1 19 0.000000
2 19 0.000000
3 19 0.000000
4 19 0.000000
5 19 0.000000
6 19 0.000000
7 19 0.000000
8 19 0.000000
9 19 0.000000
10 19 0.000000
11 19 0.000000
12 19 5624.000000
13 19 5559.000000
14 19 5485.124161
15 19 5422.389597
16 19 5390.532589
17 19 5367.756859
18 19 5350.482811
19 19 5331.585815
20 19 5318.072739
21 19 5310.129341
22 19 5311.839851
23 19 5324.399242
24 19 5351.794750
25 19 5377.850296
26 19 5385.490128
27 19 5403.397114
28 19 5423.379738
29 19 5447.523315
30 19 5459.125452
31 19 5485.897296
32 19 5511.420831
33 19 5535.000000
34 19 5583.000000
35 19 0.000000
36 19 0.000000
37 19 0.000000
38 19 0.000000
39 19 0.000000
40 19 0.000000
41 19 0.000000
42 19 0.000000
43 19 0.000000
44 19 0.000000
45 19 0.000000
46 19 0.000000
47 19 0.000000
48 19 0.000000
0 18 0.000000
1 18 0.000000
2 18 0.000000
3 18 0.000000
4 18 0.000000
5 18 0.000000
6 18 0.000000
7 18 0.000000
8 18 0.000000
9 18 0.000000
10 18 0.000000
11 18 0.000000
12 18 5693.000000
13 18 5612.689976
14 18 5549.795715
15 18 5482.738144
16 18 5430.258974
17 18 5402.609657
18 18 5379.331718
19 18 5353.559650
20 18 5335.657352
21 18 5333.506130
22 18 5339.055248
23 18 5353.673847
24 18 5364.331898
25 18 5376.259235
26 18 5392.215874
27 18 5407.367924
28 18 5414.712704
29 18 5431.171852
30 18 5450.211040
31 18 5477.287880
32 18 5503.465754
33 18 5537.538558
34 18 5577.000000
35 18 5632.000000
36 18 0.000000
37 18 0.000000
38 18 0.000000
39 18 0.000000
40 18 0.000000
41 18 0.000000
42 18 0.000000
43 18 0.000000
44 18 0.000000
45 18 0.000000
46 18 0.000000
47 18 0.000000
48 18 0.000000
0 17 0.000000
1 17 0.000000
2 17 0.000000
3 17 0.000000
4 17 0.000000
5 17 0.000000
6 17 0.000000
7 17 0.000000
8 17 0.000000
9 17 0.000000
10 17 0.000000
11 17 0.000000
12 17 5747.000000
13 17 5661.000000
14 17 5600.197676
15 17 5536.837781
16 17 5472.770603
17 17 5437.633610
18 17 5421.719532
19 17 5405.031076
20 17 5395.566692
21 17 5395.622324
22 17 5399.463414
23 17 5401.751350
24 17 5398.534815
25 17 5400.662243
26 17 5422.184666
27 17 5437.668777
28 17 5444.705833
29 17 5461.113091
30 17 5485.115959
31 17 5504.197874
32 17 5525.987732
33 17 5563.914537
34 17 5605.253781
35 17 5667.000000
36 17 5708.000000
37 17 0.000000
38 17 0.000000
39 17 0.000000
40 17 0.000000
41 17 0.000000
42 17 0.000000
43 17 0.000000
44 17 0.000000
45 17 0.000000
46 17 0.000000
47 17 0.000000
48 17 0.000000
0 16 0.000000
1 16 0.000000
2 16 0.000000
3 16 0.000000
4 16 0.000000
5 16 0.000000
6 16 0.000000
7 16 0.000000
8 16 0.000000
9 16 0.000000
10 16 0.000000
11 16 0.000000
12 16 0.000000
13 16 5699.000000
14 16 5637.000000
15 16 5586.318458
16 16 5539.743711
17 16 5506.430103
18 16 5492.162738
19 16 5491.668921
20 16 5492.957006
21 16 5484.993461
22 16 5474.000000
23 16 5460.016876
24 16 5454.498443
25 16 5442.039949
26 16 5454.668945
27 16 5469.740030
28 16 5495.949615
29 16 5527.832329
30 16 5554.159727
31 16 5564.653749
32 16 5592.656188
33 16 5634.337852
34 16 5683.132699
35 16 5742.128911
36 16 5792.000000
37 16 5760.000000
38 16 0.000000
39 16 0.000000
40 16 0.000000
41 16 0.000000
42 16 0.000000
43 16 0.000000
44 16 0.000000
45 16 0.000000
46 16 0.000000
47 16 0.000000
48 16 0.000000
0 15 0.000000
1 15 0.000000
2 15 0.000000
3 15 0.000000
4 15 0.000000
5 15 0.000000
6 15 0.000000
7 15 0.000000
8 15 0.000000
9 15 0.000000
10 15 0.000000
11 15 0.000000
12 15 0.000000
13 15 0.000000
14 15 5673.000000
15 15 5638.000000
16 15 5604.000000
17 15 5585.880544
18 15 5583.486195
19 15 5593.158875
20 15 5604.376008
21 15 5587.023027
22 15 5568.000000
23 15 5545.894556
24 15 5531.423647
25 15 5534.263657
26 15 5529.661398
27 15 5551.170511
28 15 5577.810822
29 15 5600.384968
30 15 5631.797017
31 15 5652.951592
32 15 5666.564846
33 15 5714.995222
34 15 5762.125431
35 15 5828.374863
36 15 5863.851522
37 15 5842.000000
38 15 0.000000
39 15 0.000000
40 15 0.000000
41 15 0.000000
42 15 0.000000
43 15 0.000000
44 15 0.000000
45 15 0.000000
46 15 0.000000
47 15 0.000000
48 15 0.000000
0 14 0.000000
1 14 0.000000
2 14 0.000000
3 14 0.000000
4 14 0.000000
5 14 0.000000
6 14 0.000000
7 14 0.000000
8 14 0.000000
9 14 0.000000
10 14 0.000000
11 14 0.000000
12 14 0.000000
13 14 0.000000
14 14 0.000000
15 14 0.000000
16 14 5703.000000
17 14 5701.365251
18 14 5691.368093
19 14 5703.485580
20 14 5706.191981
21 14 5683.000000
22 14 5646.000000
23 14 5601.000000
24 14 5586.540141
25 14 5604.214151
26 14 5630.837077
27 14 5649.705955
28 14 5673.112167
29 14 5690.738216
30 14 5732.592779
31 14 5746.000000
32 14 5760.000000
33 14 5805.721128
34 14 5860.479148
35 14 5900.038269
36 14 5927.963586
37 14 5915.000000
38 14 0.000000
39 14 0.000000
40 14 0.000000
41 14 0.000000
42 14 0.000000
43 14 0.000000
44 14 0.000000
45 14 0.000000
46 14 0.000000
47 14 0.000000
48 14 0.000000
0 13 0.000000
1 13 0.000000
2 13 0.000000
3 13 0.000000
4 13 0.000000
5 13 0.000000
6 13 0.000000
7 13 0.000000
8 13 0.000000
9 13 0.000000
10 13 0.000000
11 13 0.000000
12 13 0.000000
13 13 0.000000
14 13 0.000000
15 13 0.000000
16 13 5810.000000
17 13 5806.287829
18 13 5777.939454
19 13 5728.000000
20 13 5679.000000
21 13 5654.000000
22 13 0.000000
23 13 5633.000000
24 13 5643.000000
25 13 5672.000000
26 13 5712.507288
27 13 5738.488471
28 13 5759.167350
29 13 5794.030210
30 13 5828.762643
31 13 5865.000000
32 13 5888.000000
33 13 5922.000000
34 13 5938.961046
35 13 5957.000000
36 13 5980.000000
37 13 5988.000000
38 13 0.000000
39 13 0.000000
40 13 0.000000
41 13 0.000000
42 13 0.000000
43 13 0.000000
44 13 0.000000
45 13 0.000000
46 13 0.000000
47 13 0.000000
48 13 0.000000
0 12 0.000000
1 12 0.000000
2 12 0.000000
3 12 0.000000
4 12 0.000000
5 12 0.000000
6 12 0.000000
7 12 0.000000
8 12 0.000000
9 12 0.000000
10 12 0.000000
11 12 0.000000
12 12 0.000000
13 12 0.000000
14 12 0.000000
15 12 0.000000
16 12 5872.000000
17 12 5856.000000
18 12 5773.000000
19 12 5685.000000
20 12 0.000000
21 12 0.000000
22 12 0.000000
23 12 0.000000
24 12 0.000000
25 12 5682.000000
26 12 5744.857299
27 12 5790.560389
28 12 5832.982171
29 12 5876.356380
30 12 5915.000000
31 12 5942.000000
32 12 0.000000
33 12 5914.000000
34 12 5910.000000
35 12 5947.000000
36 12 0.000000
37 12 0.000000
38 12 0.000000
39 12 0.000000
40 12 0.000000
41 12 0.000000
42 12 0.000000
43 12 0.000000
44 12 0.000000
45 12 0.000000
46 12 0.000000
47 12 0.000000
48 12 0.000000
0 11 0.000000
1 11 0.000000
2 11 0.000000
3 11 0.000000
4 11 0.000000
5 11 0.000000
6 11 0.000000
7 11 0.000000
8 11 0.000000
9 11 0.000000
10 11 0.000000
11 11 0.000000
12 11 0.000000
13 11 0.000000
14 11 0.000000
15 11 0.000000
16 11 0.000000
17 11 0.000000
18 11 0.000000
19 11 0.000000
20 11 0.000000
21 11 0.000000
22 11 0.000000
23 11 0.000000
24 11 0.000000
25 11 5654.000000
26 11 5736.000000
27 11 5807.000000
28 11 5872.000000
29 11 5924.000000
30 11 5941.000000
31 11 0.000000
32 11 0.000000
33 11 0.000000
34 11 0.000000
35 11 0.000000
36 11 0.000000
37 11 0.000000
38 11 0.000000
39 11 0.000000
40 11 0.000000
41 11 0.000000
42 11 0.000000
43 11 0.000000
44 11 0.000000
45 11 0.000000
46 11 0.000000
47 11 0.000000
48 11 0.000000
0 10 0.000000
1 10 0.000000
2 10 0.000000
3 10 0.000000
4 10 0.000000
5 10 0.000000
6 10 0.000000
7 10 0.000000
8 10 0.000000
9 10 0.000000
10 10 0.000000
11 10 0.000000
12 10 0.000000
13 10 0.000000
14 10 0.000000
15 10 0.000000
16 10 0.000000
17 10 0.000000
18 10 0.000000
19 10 0.000000
20 10 0.000000
21 10 0.000000
22 10 0.000000
23 10 0.000000
24 10 0.000000
25 10 0.000000
26 10 0.000000
27 10 0.000000
28 10 0.000000
29 10 0.000000
30 10 0.000000
31 10 0.000000
32 10 0.000000
33 10 0.000000
34 10 0.000000
35 10 0.000000
36 10 0.000000
37 10 0.000000
38 10 0.000000
39 10 0.000000
40 10 0.000000
41 10 0.000000
42 10 0.000000
43 10 0.000000
44 10 0.000000
45 10 0.000000
46 10 0.000000
47 10 0.000000
48 10 0.000000
0 9 0.000000
1 9 0.000000
2 9 0.000000
3 9 0.000000
4 9 0.000000
5 9 0.000000
6 9 0.000000
7 9 0.000000
8 9 0.000000
9 9 0.000000
10 9 0.000000
11 9 0.000000
12 9 0.000000
13 9 0.000000
14 9 0.000000
15 9 0.000000
16 9 0.000000
17 9 0.000000
18 9 0.000000
19 9 0.000000
20 9 0.000000
21 9 0.000000
22 9 0.000000
23 9 0.000000
24 9 0.000000
25 9 0.000000
26 9 0.000000
27 9 0.000000
28 9 0.000000
29 9 0.000000
30 9 0.000000
31 9 0.000000
32 9 0.000000
33 9 0.000000
34 9 0.000000
35 9 0.000000
36 9 0.000000
37 9 0.000000
38 9 0.000000
39 9 0.000000
40 9 0.000000
41 9 0.000000
42 9 0.000000
43 9 0.000000
44 9 0.000000
45 9 0.000000
46 9 0.000000
47 9 0.000000
48 9 0.000000
0 8 0.000000
1 8 0.000000
2 8 0.000000
3 8 0.000000
4 8 0.000000
5 8 0.000000
6 8 0.000000
7 8 0.000000
8 8 0.000000
9 8 0.000000
10 8 0.000000
11 8 0.000000
12 8 0.000000
13 8 0.000000
14 8 0.000000
15 8 0.000000
16 8 0.000000
17 8 0.000000
18 8 0.000000
19 8 0.000000
20 8 0.000000
21 8 0.000000
22 8 0.000000
23 8 0.000000
24 8 0.000000
25 8 0.000000
26 8 0.000000
27 8 0.000000
28 8 0.000000
29 8 0.000000
30 8 0.000000
31 8 0.000000
32 8 0.000000
33 8 0.000000
34 8 0.000000
35 8 0.000000
36 8 0.000000
37 8 0.000000
38 8 0.000000
39 8 0.000000
40 8 0.000000
41 8 0.000000
42 8 0.000000
43 8 0.000000
44 8 0.000000
45 8 0.000000
46 8 0.000000
47 8 0.000000
48 8 0.000000
0 7 0.000000
1 7 0.000000
2 7 0.000000
3 7 0.000000
4 7 0.000000
5 7 0.000000
6 7 0.000000
7 7 0.000000
8 7 0.000000
9 7 0.000000
10 7 0.000000
11 7 0.000000
12 7 0.000000
13 7 0.000000
14 7 0.000000
15 7 0.000000
16 7 0.000000
17 7 0.000000
18 7 0.000000
19 7 0.000000
20 7 0.000000
21 7 0.000000
22 7 0.000000
23 7 0.000000
24 7 0.000000
25 7 0.000000
26 7 0.000000
27 7 0.000000
28 7 0.000000
29 7 0.000000
30 7 0.000000
31 7 0.000000
32 7 0.000000
33 7 0.000000
34 7 0.000000
35 7 0.000000
36 7 0.000000
37 7 0.000000
38 7 0.000000
39 7 0.000000
40 7 0.000000
41 7 0.000000
42 7 0.000000
43 7 0.000000
44 7 0.000000
45 7 0.000000
46 7 0.000000
47 7 0.000000
48 7 0.000000
0 6 0.000000
1 6 0.000000
2 6 0.000000
3 6 0.000000
4 6 0.000000
5 6 0.000000
6 6 0.000000
7 6 0.000000
8 6 0.000000
9 6 0.000000
10 6 0.000000
11 6 0.000000
12 6 0.000000
13 6 0.000000
14 6 0.000000
15 6 0.000000
16 6 0.000000
17 6 0.000000
18 6 0.000000
19 6 0.000000
20 6 0.000000
21 6 0.000000
22 6 0.000000
23 6 0.000000
24 6 0.000000
25 6 0.000000
26 6 0.000000
27 6 0.000000
28 6 0.000000
29 6 0.000000
30 6 0.000000
31 6 0.000000
32 6 0.000000
33 6 0.000000
34 6 0.000000
35 6 0.000000
36 6 0.000000
37 6 0.000000
38 6 0.000000
39 6 0.000000
40 6 0.000000
41 6 0.000000
42 6 0.000000
43 6 0.000000
44 6 0.000000
45 6 0.000000
46 6 0.000000
47 6 0.000000
48 6 0.000000
0 5 0.000000
1 5 0.000000
2 5 0.000000
3 5 0.000000
4 5 0.000000
5 5 0.000000
6 5 0.000000
7 5 0.000000
8 5 0.000000
9 5 0.000000
10 5 0.000000
11 5 0.000000
12 5 0.000000
13 5 0.000000
14 5 0.000000
15 5 0.000000
16 5 0.000000
17 5 0.000000
18 5 0.000000
19 5 0.000000
20 5 0.000000
21 5 0.000000
22 5 0.000000
23 5 0.000000
24 5 0.000000
25 5 0.000000
26 5 0.000000
27 5 0.000000
28 5 0.000000
29 5 0.000000
30 5 0.000000
31 5 0.000000
32 5 0.000000
33 5 0.000000
34 5 0.000000
35 5 0.000000
36 5 0.000000
37 5 0.000000
38 5 0.000000
39 5 0.000000
40 5 0.000000
41 5 0.000000
42 5 0.000000
43 5 0.000000
44 5 0.000000
45 5 0.000000
46 5 0.000000
47 5 0.000000
48 5 0.000000
0 4 0.000000
1 4 0.000000
2 4 0.000000
3 4 0.000000
4 4 0.000000
5 4 0.000000
6 4 0.000000
7 4 0.000000
8 4 0.000000
9 4 0.000000
10 4 0.000000
11 4 0.000000
12 4 0.000000
13 4 0.000000
14 4 0.000000
15 4 0.000000
16 4 0.000000
17 4 0.000000
18 4 0.000000
19 4 0.000000
20 4 0.000000
21 4 0.000000
22 4 0.000000
23 4 0.000000
24 4 0.000000
25 4 0.000000
26 4 0.000000
27 4 0.000000
28 4 0.000000
29 4 0.000000
30 4 0.000000
31 4 0.000000
32 4 0.000000
33 4 0.000000
34 4 0.000000
35 4 0.000000
36 4 0.000000
37 4 0.000000
38 4 0.000000
39 4 0.000000
40 4 0.000000
41 4 0.000000
42 4 0.000000
43 4 0.000000
44 4 0.000000
45 4 0.000000
46 4 0.000000
47 4 0.000000
48 4 0.000000
0 3 0.000000
1 3 0.000000
2 3 0.000000
3 3 0.000000
4 3 0.000000
5 3 0.000000
6 3 0.000000
7 3 0.000000
8 3 0.000000
9 3 0.000000
10 3 0.000000
11 3 0.000000
12 3 0.000000
13 3 0.000000
14 3 0.000000
15 3 0.000000
16 3 0.000000
17 3 0.000000
18 3 0.000000
19 3 0.000000
20 3 0.000000
21 3 0.000000
22 3 0.000000
23 3 0.000000
24 3 0.000000
25 3 0.000000
26 3 0.000000
27 3 0.000000
28 3 0.000000
29 3 0.000000
30 3 0.000000
31 3 0.000000
32 3 0.000000
33 3 0.000000
34 3 0.000000
35 3 0.000000
36 3 0.000000
37 3 0.000000
38 3 0.000000
39 3 0.000000
40 3 0.000000
41 3 0.000000
42 3 0.000000
43 3 0.000000
44 3 0.000000
45 3 0.000000
46 3 0.000000
47 3 0.000000
48 3 0.000000
0 2 0.000000
1 2 0.000000
2 2 0.000000
3 2 0.000000
4 2 0.000000
5 2 0.000000
6 2 0.000000
7 2 0.000000
8 2 0.000000
9 2 0.000000
10 2 0.000000
11 2 0.000000
12 2 0.000000
13 2 0.000000
14 2 0.000000
15 2 0.000000
16 2 0.000000
17 2 0.000000
18 2 0.000000
19 2 0.000000
20 2 0.000000
21 2 0.000000
22 2 0.000000
23 2 0.000000
24 2 0.000000
25 2 0.000000
26 2 0.000000
27 2 0.000000
28 2 0.000000
29 2 0.000000
30 2 0.000000
31 2 0.000000
32 2 0.000000
33 2 0.000000
34 2 0.000000
35 2 0.000000
36 2 0.000000
37 2 0.000000
38 2 0.000000
39 2 0.000000
40 2 0.000000
41 2 0.000000
42 2 0.000000
43 2 0.000000
44 2 0.000000
45 2 0.000000
46 2 0.000000
47 2 0.000000
48 2 0.000000
0 1 0.000000
1 1 0.000000
2 1 0.000000
3 1 0.000000
4 1 0.000000
5 1 0.000000
6 1 0.000000
7 1 0.000000
8 1 0.000000
9 1 0.000000
10 1 0.000000
11 1 0.000000
12 1 0.000000
13 1 0.000000
14 1 0.000000
15 1 0.000000
16 1 0.000000
17 1 0.000000
18 1 0.000000
19 1 0.000000
20 1 0.000000
21 1 0.000000
22 1 0.000000
23 1 0.000000
24 1 0.000000
25 1 0.000000
26 1 0.000000
27 1 0.000000
28 1 0.000000
29 1 0.000000
30 1 0.000000
31 1 0.000000
32 1 0.000000
33 1 0.000000
34 1 0.000000
35 1 0.000000
36 1 0.000000
37 1 0.000000
38 1 0.000000
39 1 0.000000
40 1 0.000000
41 1 0.000000
42 1 0.000000
43 1 0.000000
44 1 0.000000
45 1 0.000000
46 1 0.000000
47 1 0.000000
48 1 0.000000
0 0 0.000000
1 0 0.000000
2 0 0.000000
3 0 0.000000
4 0 0.000000
5 0 0.000000
6 0 0.000000
7 0 0.000000
8 0 0.000000
9 0 0.000000
10 0 0.000000
11 0 0.000000
12 0 0.000000
13 0 0.000000
14 0 0.000000
15 0 0.000000
16 0 0.000000
17 0 0.000000
18 0 0.000000
19 0 0.000000
20 0 0.000000
21 0 0.000000
22 0 0.000000
23 0 0.000000
24 0 0.000000
25 0 0.000000
26 0 0.000000
27 0 0.000000
28 0 0.000000
29 0 0.000000
30 0 0.000000
31 0 0.000000
32 0 0.000000
33 0 0.000000
34 0 0.000000
35 0 0.000000
36 0 0.000000
37 0 0.000000
38 0 0.000000
39 0 0.000000
40 0 0.000000
41 0 0.000000
42 0 0.000000
43 0 0.000000
44 0 0.000000
45 0 0.000000
46 0 0.000000
47 0 0.000000
48 0 0.000000
