0 48 0.000000 0.000000
1 48 0.000000 0.000000
2 48 0.000000 0.000000
3 48 0.000000 0.000000
4 48 0.000000 0.000000
5 48 0.000000 0.000000
6 48 0.000000 0.000000
7 48 0.000000 0.000000
8 48 0.000000 0.000000
9 48 0.000000 0.000000
10 48 0.000000 0.000000
11 48 0.000000 0.000000
12 48 0.000000 0.000000
13 48 0.000000 0.000000
14 48 0.000000 0.000000
15 48 0.000000 0.000000
16 48 0.000000 0.000000
17 48 0.000000 0.000000
18 48 0.000000 0.000000
19 48 0.000000 0.000000
20 48 0.000000 0.000000
21 48 0.000000 0.000000
22 48 0.000000 0.000000
23 48 0.000000 0.000000
24 48 0.000000 0.000000
25 48 0.000000 0.000000
26 48 0.000000 0.000000
27 48 0.000000 0.000000
28 48 0.000000 0.000000
29 48 0.000000 0.000000
30 48 0.000000 0.000000
31 48 0.000000 0.000000
32 48 0.000000 0.000000
33 48 0.000000 0.000000
34 48 0.000000 0.000000
35 48 0.000000 0.000000
36 48 0.000000 0.000000
37 48 0.000000 0.000000
38 48 0.000000 0.000000
39 48 0.000000 0.000000
40 48 0.000000 0.000000
41 48 0.000000 0.000000
42 48 0.000000 0.000000
43 48 0.000000 0.000000
44 48 0.000000 0.000000
45 48 0.000000 0.000000
0 47 0.000000 0.000000
1 47 0.000000 0.000000
2 47 0.000000 0.000000
3 47 0.000000 0.000000
4 47 0.000000 0.000000
5 47 0.000000 0.000000
6 47 0.000000 0.000000
7 47 0.000000 0.000000
8 47 0.000000 0.000000
9 47 0.000000 0.000000
10 47 0.000000 0.000000
11 47 0.000000 0.000000
12 47 0.000000 0.000000
13 47 0.000000 0.000000
14 47 0.000000 0.000000
15 47 0.000000 0.000000
16 47 0.000000 0.000000
17 47 0.000000 0.000000
18 47 0.000000 0.000000
19 47 0.000000 0.000000
20 47 0.000000 0.000000
21 47 0.000000 0.000000
22 47 0.000000 0.000000
23 47 0.000000 0.000000
24 47 0.000000 0.000000
25 47 0.000000 0.000000
26 47 0.000000 0.000000
27 47 0.000000 0.000000
28 47 0.000000 0.000000
29 47 0.000000 0.000000
30 47 0.000000 0.000000
31 47 0.000000 0.000000
32 47 0.000000 0.000000
33 47 0.000000 0.000000
34 47 0.000000 0.000000
35 47 0.000000 0.000000
36 47 0.000000 0.000000
37 47 0.000000 0.000000
38 47 0.000000 0.000000
39 47 0.000000 0.000000
40 47 0.000000 0.000000
41 47 0.000000 0.000000
42 47 0.000000 0.000000
43 47 0.000000 0.000000
44 47 0.000000 0.000000
45 47 0.000000 0.000000
0 46 0.000000 0.000000
1 46 0.000000 0.000000
2 46 0.000000 0.000000
3 46 0.000000 0.000000
4 46 0.000000 0.000000
5 46 0.000000 0.000000
6 46 0.000000 0.000000
7 46 0.000000 0.000000
8 46 0.000000 0.000000
9 46 0.000000 0.000000
10 46 0.000000 0.000000
11 46 0.000000 0.000000
12 46 0.000000 0.000000
13 46 0.000000 0.000000
14 46 0.000000 0.000000
15 46 0.000000 0.000000
16 46 0.000000 0.000000
17 46 0.000000 0.000000
18 46 0.000000 0.000000
19 46 0.000000 0.000000
20 46 0.000000 0.000000
21 46 0.000000 0.000000
22 46 0.000000 0.000000
23 46 0.000000 0.000000
24 46 0.000000 0.000000
25 46 0.000000 0.000000
26 46 0.000000 0.000000
27 46 0.000000 0.000000
28 46 0.000000 0.000000
29 46 0.000000 0.000000
30 46 0.000000 0.000000
31 46 0.000000 0.000000
32 46 0.000000 0.000000
33 46 0.000000 0.000000
34 46 0.000000 0.000000
35 46 0.000000 0.000000
36 46 0.000000 0.000000
37 46 0.000000 0.000000
38 46 0.000000 0.000000
39 46 0.000000 0.000000
40 46 0.000000 0.000000
41 46 0.000000 0.000000
42 46 0.000000 0.000000
43 46 0.000000 0.000000
44 46 0.000000 0.000000
45 46 0.000000 0.000000
0 45 0.000000 0.000000
1 45 0.000000 0.000000
2 45 0.000000 0.000000
3 45 0.000000 0.000000
4 45 0.000000 0.000000
5 45 0.000000 0.000000
6 45 0.000000 0.000000
7 45 0.000000 0.000000
8 45 0.000000 0.000000
9 45 0.000000 0.000000
10 45 0.000000 0.000000
11 45 0.000000 0.000000
12 45 0.000000 0.000000
13 45 0.000000 0.000000
14 45 0.000000 0.000000
15 45 0.000000 0.000000
16 45 0.000000 0.000000
17 45 0.000000 0.000000
18 45 0.000000 0.000000
19 45 0.000000 0.000000
20 45 0.000000 0.000000
21 45 0.000000 0.000000
22 45 0.000000 0.000000
23 45 0.000000 0.000000
24 45 0.000000 0.000000
25 45 0.000000 0.000000
26 45 0.000000 0.000000
27 45 0.000000 0.000000
28 45 0.000000 0.000000
29 45 0.000000 0.000000
30 45 0.000000 0.000000
31 45 0.000000 0.000000
32 45 0.000000 0.000000
33 45 0.000000 0.000000
34 45 0.000000 0.000000
35 45 0.000000 0.000000
36 45 0.000000 0.000000
37 45 0.000000 0.000000
38 45 0.000000 0.000000
39 45 0.000000 0.000000
40 45 0.000000 0.000000
41 45 0.000000 0.000000
42 45 0.000000 0.000000
43 45 0.000000 0.000000
44 45 0.000000 0.000000
45 45 0.000000 0.000000
0 44 0.000000 0.000000
1 44 0.000000 0.000000
2 44 0.000000 0.000000
3 44 0.000000 0.000000
4 44 0.000000 0.000000
5 44 0.000000 0.000000
6 44 0.000000 0.000000
7 44 0.000000 0.000000
8 44 0.000000 0.000000
9 44 0.000000 0.000000
10 44 0.000000 0.000000
11 44 0.000000 0.000000
12 44 0.000000 0.000000
13 44 0.000000 0.000000
14 44 0.000000 0.000000
15 44 0.000000 0.000000
16 44 0.000000 0.000000
17 44 0.000000 0.000000
18 44 0.000000 0.000000
19 44 0.000000 0.000000
20 44 0.000000 0.000000
21 44 0.000000 0.000000
22 44 0.000000 0.000000
23 44 0.000000 0.000000
24 44 0.000000 0.000000
25 44 0.000000 0.000000
26 44 0.000000 0.000000
27 44 0.000000 0.000000
28 44 0.000000 0.000000
29 44 0.000000 0.000000
30 44 0.000000 0.000000
31 44 0.000000 0.000000
32 44 0.000000 0.000000
33 44 0.000000 0.000000
34 44 0.000000 0.000000
35 44 0.000000 0.000000
36 44 0.000000 0.000000
37 44 0.000000 0.000000
38 44 0.000000 0.000000
39 44 0.000000 0.000000
40 44 0.000000 0.000000
41 44 0.000000 0.000000
42 44 0.000000 0.000000
43 44 0.000000 0.000000
44 44 0.000000 0.000000
45 44 0.000000 0.000000
0 43 0.000000 0.000000
1 43 0.000000 0.000000
2 43 0.000000 0.000000
3 43 0.000000 0.000000
4 43 0.000000 0.000000
5 43 0.000000 0.000000
6 43 0.000000 0.000000
7 43 0.000000 0.000000
8 43 0.000000 0.000000
9 43 0.000000 0.000000
10 43 0.000000 0.000000
11 43 0.000000 0.000000
12 43 0.000000 0.000000
13 43 0.000000 0.000000
14 43 0.000000 0.000000
15 43 0.000000 0.000000
16 43 0.000000 0.000000
17 43 0.000000 0.000000
18 43 0.000000 0.000000
19 43 0.000000 0.000000
20 43 0.000000 0.000000
21 43 0.000000 0.000000
22 43 0.000000 0.000000
23 43 0.000000 0.000000
24 43 0.000000 0.000000
25 43 0.000000 0.000000
26 43 0.000000 0.000000
27 43 0.000000 0.000000
28 43 0.000000 0.000000
29 43 0.000000 0.000000
30 43 0.000000 0.000000
31 43 0.000000 0.000000
32 43 0.000000 0.000000
33 43 0.000000 0.000000
34 43 0.000000 0.000000
35 43 0.000000 0.000000
36 43 0.000000 0.000000
37 43 0.000000 0.000000
38 43 0.000000 0.000000
39 43 0.000000 0.000000
40 43 0.000000 0.000000
41 43 0.000000 0.000000
42 43 0.000000 0.000000
43 43 0.000000 0.000000
44 43 0.000000 0.000000
45 43 0.000000 0.000000
0 42 0.000000 0.000000
1 42 0.000000 0.000000
2 42 0.000000 0.000000
3 42 0.000000 0.000000
4 42 0.000000 0.000000
5 42 0.000000 0.000000
6 42 0.000000 0.000000
7 42 0.000000 0.000000
8 42 0.000000 0.000000
9 42 0.000000 0.000000
10 42 0.000000 0.000000
11 42 0.000000 0.000000
12 42 0.000000 0.000000
13 42 0.000000 0.000000
14 42 0.000000 0.000000
15 42 0.000000 0.000000
16 42 0.000000 0.000000
17 42 0.000000 0.000000
18 42 0.000000 0.000000
19 42 0.000000 0.000000
20 42 0.000000 0.000000
21 42 0.000000 0.000000
22 42 0.000000 0.000000
23 42 0.000000 0.000000
24 42 0.000000 0.000000
25 42 0.000000 0.000000
26 42 0.000000 0.000000
27 42 0.000000 0.000000
28 42 0.000000 0.000000
29 42 0.000000 0.000000
30 42 0.000000 0.000000
31 42 0.000000 0.000000
32 42 0.000000 0.000000
33 42 0.000000 0.000000
34 42 0.000000 0.000000
35 42 0.000000 0.000000
36 42 0.000000 0.000000
37 42 0.000000 0.000000
38 42 0.000000 0.000000
39 42 0.000000 0.000000
40 42 0.000000 0.000000
41 42 0.000000 0.000000
42 42 0.000000 0.000000
43 42 0.000000 0.000000
44 42 0.000000 0.000000
45 42 0.000000 0.000000
0 41 0.000000 0.000000
1 41 0.000000 0.000000
2 41 0.000000 0.000000
3 41 0.000000 0.000000
4 41 0.000000 0.000000
5 41 0.000000 0.000000
6 41 0.000000 0.000000
7 41 0.000000 0.000000
8 41 0.000000 0.000000
9 41 0.000000 0.000000
10 41 0.000000 0.000000
11 41 0.000000 0.000000
12 41 0.000000 0.000000
13 41 0.000000 0.000000
14 41 0.000000 0.000000
15 41 0.000000 0.000000
16 41 0.000000 0.000000
17 41 0.000000 0.000000
18 41 0.000000 0.000000
19 41 0.000000 0.000000
20 41 0.000000 0.000000
21 41 0.000000 0.000000
22 41 0.000000 0.000000
23 41 0.000000 0.000000
24 41 0.000000 0.000000
25 41 0.000000 0.000000
26 41 0.000000 0.000000
27 41 0.000000 0.000000
28 41 0.000000 0.000000
29 41 0.000000 0.000000
30 41 0.000000 0.000000
31 41 0.000000 0.000000
32 41 0.000000 0.000000
33 41 0.000000 0.000000
34 41 0.000000 0.000000
35 41 0.000000 0.000000
36 41 0.000000 0.000000
37 41 0.000000 0.000000
38 41 0.000000 0.000000
39 41 0.000000 0.000000
40 41 0.000000 0.000000
41 41 0.000000 0.000000
42 41 0.000000 0.000000
43 41 0.000000 0.000000
44 41 0.000000 0.000000
45 41 0.000000 0.000000
0 40 0.000000 0.000000
1 40 0.000000 0.000000
2 40 0.000000 0.000000
3 40 0.000000 0.000000
4 40 0.000000 0.000000
5 40 0.000000 0.000000
6 40 0.000000 0.000000
7 40 0.000000 0.000000
8 40 0.000000 0.000000
9 40 0.000000 0.000000
10 40 0.000000 0.000000
11 40 0.000000 0.000000
12 40 0.000000 0.000000
13 40 0.000000 0.000000
14 40 0.000000 0.000000
15 40 0.000000 0.000000
16 40 0.000000 0.000000
17 40 0.000000 0.000000
18 40 0.000000 0.000000
19 40 0.000000 0.000000
20 40 0.000000 0.000000
21 40 0.000000 0.000000
22 40 0.000000 0.000000
23 40 0.000000 0.000000
24 40 0.000000 0.000000
25 40 0.000000 0.000000
26 40 0.000000 0.000000
27 40 0.000000 0.000000
28 40 0.000000 0.000000
29 40 0.000000 0.000000
30 40 0.000000 0.000000
31 40 0.000000 0.000000
32 40 0.000000 0.000000
33 40 0.000000 0.000000
34 40 0.000000 0.000000
35 40 0.000000 0.000000
36 40 0.000000 0.000000
37 40 0.000000 0.000000
38 40 0.000000 0.000000
39 40 0.000000 0.000000
40 40 0.000000 0.000000
41 40 0.000000 0.000000
42 40 0.000000 0.000000
43 40 0.000000 0.000000
44 40 0.000000 0.000000
45 40 0.000000 0.000000
0 39 0.000000 0.000000
1 39 0.000000 0.000000
2 39 0.000000 0.000000
3 39 0.000000 0.000000
4 39 0.000000 0.000000
5 39 0.000000 0.000000
6 39 0.000000 0.000000
7 39 0.000000 0.000000
8 39 0.000000 0.000000
9 39 0.000000 0.000000
10 39 0.000000 0.000000
11 39 0.000000 0.000000
12 39 0.000000 0.000000
13 39 0.000000 0.000000
14 39 0.000000 0.000000
15 39 0.000000 0.000000
16 39 0.000000 0.000000
17 39 0.000000 0.000000
18 39 0.000000 0.000000
19 39 0.000000 0.000000
20 39 0.000000 0.000000
21 39 0.000000 0.000000
22 39 0.000000 0.000000
23 39 0.000000 0.000000
24 39 0.000000 0.000000
25 39 0.000000 0.000000
26 39 0.000000 0.000000
27 39 0.000000 0.000000
28 39 0.000000 0.000000
29 39 0.000000 0.000000
30 39 0.000000 0.000000
31 39 0.000000 0.000000
32 39 0.000000 0.000000
33 39 0.000000 0.000000
34 39 0.000000 0.000000
35 39 0.000000 0.000000
36 39 0.000000 0.000000
37 39 0.000000 0.000000
38 39 0.000000 0.000000
39 39 0.000000 0.000000
40 39 0.000000 0.000000
41 39 0.000000 0.000000
42 39 0.000000 0.000000
43 39 0.000000 0.000000
44 39 0.000000 0.000000
45 39 0.000000 0.000000
0 38 0.000000 0.000000
1 38 0.000000 0.000000
2 38 0.000000 0.000000
3 38 0.000000 0.000000
4 38 0.000000 0.000000
5 38 0.000000 0.000000
6 38 0.000000 0.000000
7 38 0.000000 0.000000
8 38 0.000000 0.000000
9 38 0.000000 0.000000
10 38 0.000000 0.000000
11 38 0.000000 0.000000
12 38 0.000000 0.000000
13 38 0.000000 0.000000
14 38 0.000000 0.000000
15 38 0.000000 0.000000
16 38 0.000000 0.000000
17 38 0.000000 0.000000
18 38 0.000000 0.000000
19 38 0.000000 0.000000
20 38 0.000000 0.000000
21 38 0.000000 0.000000
22 38 0.000000 0.000000
23 38 0.000000 0.000000
24 38 0.000000 0.000000
25 38 0.000000 0.000000
26 38 0.000000 0.000000
27 38 0.000000 0.000000
28 38 0.000000 0.000000
29 38 0.000000 0.000000
30 38 0.000000 0.000000
31 38 0.000000 0.000000
32 38 0.000000 0.000000
33 38 0.000000 0.000000
34 38 0.000000 0.000000
35 38 0.000000 0.000000
36 38 0.000000 0.000000
37 38 0.000000 0.000000
38 38 0.000000 0.000000
39 38 0.000000 0.000000
40 38 0.000000 0.000000
41 38 0.000000 0.000000
42 38 0.000000 0.000000
43 38 0.000000 0.000000
44 38 0.000000 0.000000
45 38 0.000000 0.000000
0 37 0.000000 0.000000
1 37 0.000000 0.000000
2 37 0.000000 0.000000
3 37 0.000000 0.000000
4 37 0.000000 0.000000
5 37 0.000000 0.000000
6 37 0.000000 0.000000
7 37 0.000000 0.000000
8 37 0.000000 0.000000
9 37 0.000000 0.000000
10 37 0.000000 0.000000
11 37 0.000000 0.000000
12 37 0.000000 0.000000
13 37 0.000000 0.000000
14 37 0.000000 0.000000
15 37 0.000000 0.000000
16 37 0.000000 0.000000
17 37 0.000000 0.000000
18 37 0.000000 0.000000
19 37 0.000000 0.000000
20 37 0.000000 0.000000
21 37 0.000000 0.000000
22 37 0.000000 0.000000
23 37 0.000000 0.000000
24 37 0.000000 0.000000
25 37 0.000000 0.000000
26 37 0.000000 0.000000
27 37 0.000000 0.000000
28 37 0.000000 -2.900934
29 37 51.792628 -2.739898
30 37 88.520888 -2.678466
31 37 96.829339 -2.695147
32 37 93.210790 -2.738982
33 37 0.000000 0.000000
34 37 0.000000 0.000000
35 37 0.000000 0.000000
36 37 0.000000 0.000000
37 37 0.000000 0.000000
38 37 0.000000 0.000000
39 37 0.000000 0.000000
40 37 0.000000 0.000000
41 37 0.000000 0.000000
42 37 0.000000 0.000000
43 37 0.000000 0.000000
44 37 0.000000 0.000000
45 37 0.000000 0.000000
0 36 0.000000 0.000000
1 36 0.000000 0.000000
2 36 0.000000 0.000000
3 36 0.000000 0.000000
4 36 0.000000 0.000000
5 36 0.000000 0.000000
6 36 0.000000 0.000000
7 36 0.000000 0.000000
8 36 0.000000 0.000000
9 36 0.000000 0.000000
10 36 0.000000 0.000000
11 36 0.000000 0.000000
12 36 0.000000 0.000000
13 36 0.000000 0.000000
14 36 0.000000 0.000000
15 36 0.000000 0.000000
16 36 0.000000 0.000000
17 36 0.000000 0.000000
18 36 0.000000 0.000000
19 36 0.000000 0.000000
20 36 0.000000 0.000000
21 36 0.000000 0.000000
22 36 0.000000 0.000000
23 36 0.000000 0.000000
24 36 0.000000 0.000000
25 36 0.000000 0.000000
26 36 0.000000 0.000000
27 36 0.000000 0.000000
28 36 24.404879 -2.735051
29 36 71.993293 -2.599518
30 36 101.956827 -2.582033
31 36 104.091802 -2.618858
32 36 94.079096 -2.675794
33 36 0.000000 0.000000
34 36 0.000000 0.000000
35 36 0.000000 0.000000
36 36 0.000000 0.000000
37 36 0.000000 0.000000
38 36 0.000000 0.000000
39 36 0.000000 0.000000
40 36 0.000000 0.000000
41 36 0.000000 0.000000
42 36 0.000000 0.000000
43 36 0.000000 0.000000
44 36 0.000000 0.000000
45 36 0.000000 0.000000
0 35 0.000000 0.000000
1 35 0.000000 0.000000
2 35 0.000000 0.000000
3 35 0.000000 0.000000
4 35 0.000000 0.000000
5 35 0.000000 0.000000
6 35 0.000000 0.000000
7 35 0.000000 0.000000
8 35 0.000000 0.000000
9 35 0.000000 0.000000
10 35 0.000000 0.000000
11 35 0.000000 0.000000
12 35 0.000000 0.000000
13 35 0.000000 0.000000
14 35 0.000000 0.000000
15 35 0.000000 0.000000
16 35 0.000000 0.000000
17 35 0.000000 0.000000
18 35 0.000000 0.000000
19 35 0.000000 0.000000
20 35 0.000000 0.000000
21 35 0.000000 0.000000
22 35 0.000000 0.000000
23 35 0.000000 0.000000
24 35 0.000000 0.000000
25 35 0.000000 0.000000
26 35 0.000000 0.000000
27 35 0.000000 0.000000
28 35 53.560373 -2.502143
29 35 91.618333 -2.460058
30 35 113.008919 -2.474592
31 35 102.913915 -2.527395
32 35 80.063474 -2.602041
33 35 0.000000 0.000000
34 35 0.000000 0.000000
35 35 0.000000 0.000000
36 35 0.000000 0.000000
37 35 0.000000 0.000000
38 35 0.000000 0.000000
39 35 0.000000 0.000000
40 35 0.000000 0.000000
41 35 0.000000 0.000000
42 35 0.000000 0.000000
43 35 0.000000 0.000000
44 35 0.000000 0.000000
45 35 0.000000 0.000000
0 34 0.000000 0.000000
1 34 0.000000 0.000000
2 34 0.000000 0.000000
3 34 0.000000 0.000000
4 34 0.000000 0.000000
5 34 0.000000 0.000000
6 34 0.000000 0.000000
7 34 0.000000 0.000000
8 34 0.000000 0.000000
9 34 0.000000 0.000000
10 34 0.000000 0.000000
11 34 0.000000 0.000000
12 34 0.000000 0.000000
13 34 0.000000 0.000000
14 34 0.000000 0.000000
15 34 0.000000 0.000000
16 34 0.000000 0.000000
17 34 0.000000 0.000000
18 34 0.000000 0.000000
19 34 0.000000 0.000000
20 34 0.000000 0.000000
21 34 0.000000 0.000000
22 34 0.000000 0.000000
23 34 0.000000 0.000000
24 34 0.000000 0.000000
25 34 0.000000 0.000000
26 34 0.000000 0.000000
27 34 0.000000 -2.523666
28 34 67.061312 -2.355635
29 34 111.339889 -2.336879
30 34 121.688884 -2.366695
31 34 92.212934 -2.425104
32 34 39.964181 -2.528135
33 34 0.000000 0.000000
34 34 0.000000 0.000000
35 34 0.000000 0.000000
36 34 0.000000 0.000000
37 34 0.000000 0.000000
38 34 0.000000 0.000000
39 34 0.000000 0.000000
40 34 0.000000 0.000000
41 34 0.000000 0.000000
42 34 0.000000 0.000000
43 34 0.000000 0.000000
44 34 0.000000 0.000000
45 34 0.000000 0.000000
0 33 0.000000 0.000000
1 33 0.000000 0.000000
2 33 0.000000 0.000000
3 33 0.000000 0.000000
4 33 0.000000 0.000000
5 33 0.000000 0.000000
6 33 0.000000 0.000000
7 33 0.000000 0.000000
8 33 0.000000 0.000000
9 33 0.000000 0.000000
10 33 0.000000 0.000000
11 33 0.000000 0.000000
12 33 0.000000 0.000000
13 33 0.000000 0.000000
14 33 0.000000 0.000000
15 33 0.000000 0.000000
16 33 0.000000 0.000000
17 33 0.000000 0.000000
18 33 0.000000 0.000000
19 33 0.000000 0.000000
20 33 0.000000 0.000000
21 33 0.000000 0.000000
22 33 0.000000 0.000000
23 33 0.000000 0.000000
24 33 0.000000 0.000000
25 33 0.000000 0.000000
26 33 0.000000 0.000000
27 33 33.459551 -2.266030
28 33 87.009538 -2.214049
29 33 129.886536 -2.226741
30 33 131.309733 -2.264169
31 33 86.846517 -2.314300
32 33 9.430783 -2.426362
33 33 0.000000 -2.182628
34 33 0.000000 0.000000
35 33 0.000000 0.000000
36 33 0.000000 0.000000
37 33 0.000000 0.000000
38 33 0.000000 0.000000
39 33 0.000000 0.000000
40 33 0.000000 0.000000
41 33 0.000000 0.000000
42 33 0.000000 0.000000
43 33 0.000000 0.000000
44 33 0.000000 0.000000
45 33 0.000000 0.000000
0 32 0.000000 0.000000
1 32 0.000000 0.000000
2 32 0.000000 0.000000
3 32 0.000000 0.000000
4 32 0.000000 0.000000
5 32 0.000000 0.000000
6 32 0.000000 0.000000
7 32 0.000000 0.000000
8 32 0.000000 0.000000
9 32 0.000000 0.000000
10 32 0.000000 0.000000
11 32 0.000000 0.000000
12 32 0.000000 0.000000
13 32 0.000000 0.000000
14 32 0.000000 0.000000
15 32 0.000000 0.000000
16 32 0.000000 0.000000
17 32 0.000000 0.000000
18 32 0.000000 0.000000
19 32 0.000000 0.000000
20 32 0.000000 0.000000
21 32 0.000000 0.000000
22 32 0.000000 0.000000
23 32 0.000000 0.000000
24 32 0.000000 0.000000
25 32 0.000000 0.000000
26 32 0.000000 -2.117526
27 32 53.295935 -2.053855
28 32 100.955204 -2.082996
29 32 136.927133 -2.124559
30 32 131.831146 -2.170174
31 32 83.111766 -2.217038
32 32 0.000000 -2.340048
33 32 0.000000 -2.073669
34 32 0.000000 0.000000
35 32 0.000000 0.000000
36 32 0.000000 0.000000
37 32 0.000000 0.000000
38 32 0.000000 0.000000
39 32 0.000000 0.000000
40 32 0.000000 0.000000
41 32 0.000000 0.000000
42 32 0.000000 0.000000
43 32 0.000000 0.000000
44 32 0.000000 0.000000
45 32 0.000000 0.000000
0 31 0.000000 0.000000
1 31 0.000000 0.000000
2 31 0.000000 0.000000
3 31 0.000000 0.000000
4 31 0.000000 0.000000
5 31 0.000000 0.000000
6 31 0.000000 0.000000
7 31 0.000000 0.000000
8 31 0.000000 0.000000
9 31 0.000000 0.000000
10 31 0.000000 0.000000
11 31 0.000000 0.000000
12 31 0.000000 0.000000
13 31 0.000000 0.000000
14 31 0.000000 0.000000
15 31 0.000000 0.000000
16 31 0.000000 0.000000
17 31 0.000000 0.000000
18 31 0.000000 0.000000
19 31 0.000000 0.000000
20 31 0.000000 0.000000
21 31 0.000000 0.000000
22 31 0.000000 0.000000
23 31 0.000000 0.000000
24 31 0.000000 0.000000
25 31 0.000000 -1.793312
26 31 46.541577 -1.767227
27 31 72.581062 -1.854713
28 31 103.885129 -1.942251
29 31 125.014555 -2.015033
30 31 111.695402 -2.073950
31 31 66.367373 -2.130220
32 31 0.000000 -2.231596
33 31 0.000000 -2.020709
34 31 0.000000 0.000000
35 31 0.000000 0.000000
36 31 0.000000 0.000000
37 31 0.000000 0.000000
38 31 0.000000 0.000000
39 31 0.000000 0.000000
40 31 0.000000 0.000000
41 31 0.000000 0.000000
42 31 0.000000 0.000000
43 31 0.000000 0.000000
44 31 0.000000 0.000000
45 31 0.000000 0.000000
0 30 0.000000 0.000000
1 30 0.000000 0.000000
2 30 0.000000 0.000000
3 30 0.000000 0.000000
4 30 0.000000 0.000000
5 30 0.000000 0.000000
6 30 0.000000 0.000000
7 30 0.000000 0.000000
8 30 0.000000 0.000000
9 30 0.000000 0.000000
10 30 0.000000 0.000000
11 30 0.000000 0.000000
12 30 0.000000 0.000000
13 30 0.000000 0.000000
14 30 0.000000 0.000000
15 30 0.000000 0.000000
16 30 0.000000 0.000000
17 30 0.000000 0.000000
18 30 0.000000 0.000000
19 30 0.000000 0.000000
20 30 0.000000 0.000000
21 30 0.000000 0.000000
22 30 0.000000 0.000000
23 30 0.000000 0.000000
24 30 0.000000 -1.354800
25 30 40.301174 -1.472017
26 30 74.823850 -1.575456
27 30 92.962207 -1.688293
28 30 106.364449 -1.792972
29 30 106.223101 -1.884072
30 30 83.593343 -1.956684
31 30 41.116543 -2.046638
32 30 0.000000 -2.082019
33 30 0.000000 -1.925128
34 30 0.000000 0.000000
35 30 0.000000 0.000000
36 30 0.000000 0.000000
37 30 0.000000 0.000000
38 30 0.000000 0.000000
39 30 0.000000 0.000000
40 30 0.000000 0.000000
41 30 0.000000 0.000000
42 30 0.000000 0.000000
43 30 0.000000 0.000000
44 30 0.000000 0.000000
45 30 0.000000 0.000000
0 29 0.000000 0.000000
1 29 0.000000 0.000000
2 29 0.000000 0.000000
3 29 0.000000 0.000000
4 29 0.000000 0.000000
5 29 0.000000 0.000000
6 29 0.000000 0.000000
7 29 0.000000 0.000000
8 29 0.000000 0.000000
9 29 0.000000 0.000000
10 29 0.000000 0.000000
11 29 0.000000 0.000000
12 29 0.000000 0.000000
13 29 31.674618 1.000000
14 29 30.743729 1.000000
15 29 31.490851 1.000000
16 29 31.630870 1.000000
17 29 38.436144 1.000000
18 29 46.562981 0.818287
19 29 43.929229 0.571354
20 29 39.297298 0.253482
21 29 41.064100 -0.085877
22 29 42.699657 -0.392037
23 29 43.204501 -0.697948
24 29 42.845050 -1.039983
25 29 64.789916 -1.270445
26 29 91.488567 -1.423603
27 29 104.553326 -1.545782
28 29 106.802768 -1.648035
29 29 94.953857 -1.731099
30 29 69.783272 -1.801734
31 29 27.073356 -1.928260
32 29 0.000000 -1.913168
33 29 0.000000 -1.770419
34 29 0.000000 0.000000
35 29 0.000000 0.000000
36 29 0.000000 0.000000
37 29 0.000000 0.000000
38 29 0.000000 0.000000
39 29 0.000000 0.000000
40 29 0.000000 0.000000
41 29 0.000000 0.000000
42 29 0.000000 0.000000
43 29 0.000000 0.000000
44 29 0.000000 0.000000
45 29 0.000000 0.000000
0 28 0.000000 0.000000
1 28 0.000000 0.000000
2 28 0.000000 0.000000
3 28 0.000000 0.000000
4 28 0.000000 0.000000
5 28 0.000000 0.000000
6 28 0.000000 0.000000
7 28 0.000000 0.000000
8 28 0.000000 0.000000
9 28 0.000000 0.000000
10 28 0.000000 0.000000
11 28 0.000000 0.000000
12 28 32.884567 1.000000
13 28 38.339407 1.000000
14 28 42.377587 1.000000
15 28 43.244657 1.000000
16 28 43.055700 1.000000
17 28 52.321740 0.999449
18 28 58.093414 0.777720
19 28 53.221712 0.537199
20 28 49.655561 0.231522
21 28 54.199431 -0.073734
22 28 58.485577 -0.349224
23 28 60.909228 -0.624575
24 28 68.382211 -0.881547
25 28 80.438252 -1.095229
26 28 91.312103 -1.270427
27 28 96.972751 -1.406257
28 28 95.444667 -1.502459
29 28 85.277344 -1.567771
30 28 64.553253 -1.630839
31 28 24.231246 -1.767767
32 28 0.000000 -1.744891
33 28 0.000000 -1.596156
34 28 0.000000 0.000000
35 28 0.000000 0.000000
36 28 0.000000 0.000000
37 28 0.000000 0.000000
38 28 0.000000 0.000000
39 28 0.000000 0.000000
40 28 0.000000 0.000000
41 28 0.000000 0.000000
42 28 0.000000 0.000000
43 28 0.000000 0.000000
44 28 0.000000 0.000000
45 28 0.000000 0.000000
0 27 0.000000 0.000000
1 27 0.000000 0.000000
2 27 0.000000 0.000000
3 27 0.000000 0.000000
4 27 0.000000 0.000000
5 27 0.000000 0.000000
6 27 0.000000 0.000000
7 27 0.000000 0.000000
8 27 0.000000 0.000000
9 27 0.000000 0.000000
10 27 0.000000 0.000000
11 27 28.602119 1.000000
12 27 24.247549 1.000000
13 27 55.036595 1.000000
14 27 70.798306 1.000000
15 27 68.115350 1.000000
16 27 64.978102 1.000000
17 27 69.804332 0.980048
18 27 71.873233 0.763880
19 27 65.958358 0.524172
20 27 64.551257 0.236266
21 27 70.549292 -0.038161
22 27 73.893512 -0.293059
23 27 79.095585 -0.535668
24 27 85.960238 -0.744892
25 27 85.993316 -0.930882
26 27 81.694974 -1.103561
27 27 79.857036 -1.242722
28 27 82.211504 -1.321941
29 27 78.001556 -1.371643
30 27 60.477101 -1.431245
31 27 22.900257 -1.566115
32 27 0.000000 -1.545081
33 27 0.000000 -1.397338
34 27 0.000000 0.000000
35 27 0.000000 0.000000
36 27 0.000000 0.000000
37 27 0.000000 0.000000
38 27 0.000000 0.000000
39 27 0.000000 0.000000
40 27 0.000000 0.000000
41 27 0.000000 0.000000
42 27 0.000000 0.000000
43 27 0.000000 0.000000
44 27 0.000000 0.000000
45 27 0.000000 0.000000
0 26 0.000000 0.000000
1 26 0.000000 0.000000
2 26 0.000000 0.000000
3 26 0.000000 0.000000
4 26 0.000000 0.000000
5 26 0.000000 0.000000
6 26 0.000000 0.000000
7 26 0.000000 0.000000
8 26 0.000000 0.000000
9 26 0.000000 0.000000
10 26 0.000000 0.000000
11 26 33.936597 1.000000
12 26 35.411331 1.000000
13 26 70.759028 1.000000
14 26 77.395693 1.000000
15 26 71.784564 1.000000
16 26 69.117386 1.000000
17 26 74.725956 0.973756
18 26 77.894426 0.763635
19 26 73.574196 0.534811
20 26 72.416495 0.271364
21 26 76.907389 0.015714
22 26 79.408910 -0.222717
23 26 84.367081 -0.442133
24 26 89.358812 -0.627751
25 26 86.238949 -0.786652
26 26 79.175835 -0.926403
27 26 77.442647 -1.036275
28 26 82.967881 -1.107008
29 26 81.405330 -1.159151
30 26 63.540962 -1.214413
31 26 29.088415 -1.311812
32 26 0.000000 -1.350061
33 26 0.000000 -1.235244
34 26 0.000000 0.000000
35 26 0.000000 0.000000
36 26 0.000000 0.000000
37 26 0.000000 0.000000
38 26 0.000000 0.000000
39 26 0.000000 0.000000
40 26 0.000000 0.000000
41 26 0.000000 0.000000
42 26 0.000000 0.000000
43 26 0.000000 0.000000
44 26 0.000000 0.000000
45 26 0.000000 0.000000
0 25 0.000000 0.000000
1 25 0.000000 0.000000
2 25 0.000000 0.000000
3 25 0.000000 0.000000
4 25 0.000000 0.000000
5 25 0.000000 0.000000
6 25 0.000000 0.000000
7 25 0.000000 0.000000
8 25 0.000000 0.000000
9 25 0.000000 0.000000
10 25 0.000000 0.000000
11 25 38.339791 1.000000
12 25 56.160720 1.000000
13 25 75.409058 1.000000
14 25 75.168976 1.000000
15 25 69.417217 1.000000
16 25 69.627183 1.000000
17 25 77.717105 0.985757
18 25 80.889253 0.784529
19 25 77.009061 0.569144
20 25 74.270382 0.326704
21 25 75.792780 0.080398
22 25 79.290307 -0.148825
23 25 84.777424 -0.350709
24 25 88.868033 -0.520552
25 25 89.350799 -0.659403
26 25 88.250786 -0.770703
27 25 89.109829 -0.857072
28 25 93.731646 -0.923987
29 25 90.373692 -0.980852
30 25 69.692808 -1.030772
31 25 34.527302 -1.092405
32 25 0.000000 -1.174117
33 25 0.000000 0.000000
34 25 0.000000 0.000000
35 25 0.000000 0.000000
36 25 0.000000 0.000000
37 25 0.000000 0.000000
38 25 0.000000 0.000000
39 25 0.000000 0.000000
40 25 0.000000 0.000000
41 25 0.000000 0.000000
42 25 0.000000 0.000000
43 25 0.000000 0.000000
44 25 0.000000 0.000000
45 25 0.000000 0.000000
0 24 0.000000 0.000000
1 24 0.000000 0.000000
2 24 0.000000 0.000000
3 24 0.000000 0.000000
4 24 0.000000 0.000000
5 24 0.000000 0.000000
6 24 0.000000 0.000000
7 24 0.000000 0.000000
8 24 0.000000 0.000000
9 24 0.000000 0.000000
10 24 35.020224 1.000000
11 24 35.008449 1.000000
12 24 64.038427 1.000000
13 24 73.809260 1.000000
14 24 70.311603 1.000000
15 24 64.820175 1.000000
16 24 66.866689 1.000000
17 24 76.481732 1.000000
18 24 79.544879 0.822295
19 24 76.802352 0.615066
20 24 74.663469 0.387885
21 24 74.699833 0.150916
22 24 79.434283 -0.073369
23 24 85.915955 -0.264954
24 24 89.463673 -0.424875
25 24 93.617521 -0.553799
26 24 98.448948 -0.650984
27 24 103.129952 -0.722271
28 24 105.785001 -0.781197
29 24 95.428564 -0.835735
30 24 69.557577 -0.876010
31 24 41.173809 -0.891605
32 24 0.000000 -1.025552
33 24 0.000000 0.000000
34 24 0.000000 0.000000
35 24 0.000000 0.000000
36 24 0.000000 0.000000
37 24 0.000000 0.000000
38 24 0.000000 0.000000
39 24 0.000000 0.000000
40 24 0.000000 0.000000
41 24 0.000000 0.000000
42 24 0.000000 0.000000
43 24 0.000000 0.000000
44 24 0.000000 0.000000
45 24 0.000000 0.000000
0 23 0.000000 0.000000
1 23 0.000000 0.000000
2 23 0.000000 0.000000
3 23 0.000000 0.000000
4 23 0.000000 0.000000
5 23 0.000000 0.000000
6 23 0.000000 0.000000
7 23 0.000000 0.000000
8 23 0.000000 0.000000
9 23 0.000000 0.000000
10 23 32.742657 1.000000
11 23 29.627154 1.000000
12 23 59.335835 1.000000
13 23 66.405138 1.000000
14 23 61.680195 1.000000
15 23 56.986824 1.000000
16 23 60.779306 1.000000
17 23 71.241414 1.000000
18 23 75.782843 0.879219
19 23 75.583865 0.676071
20 23 74.663979 0.459680
21 23 72.852517 0.232509
22 23 74.947827 0.006392
23 23 80.909071 -0.188982
24 23 86.878493 -0.343991
25 23 94.499032 -0.461152
26 23 101.722469 -0.544904
27 23 108.414108 -0.604918
28 23 107.852057 -0.656602
29 23 88.862120 -0.703356
30 23 59.221406 -0.719872
31 23 42.754444 -0.629414
32 23 0.000000 0.000000
33 23 0.000000 0.000000
34 23 0.000000 0.000000
35 23 0.000000 0.000000
36 23 0.000000 0.000000
37 23 0.000000 0.000000
38 23 0.000000 0.000000
39 23 0.000000 0.000000
40 23 0.000000 0.000000
41 23 0.000000 0.000000
42 23 0.000000 0.000000
43 23 0.000000 0.000000
44 23 0.000000 0.000000
45 23 0.000000 0.000000
0 22 0.000000 0.000000
1 22 0.000000 0.000000
2 22 0.000000 0.000000
3 22 0.000000 0.000000
4 22 0.000000 0.000000
5 22 0.000000 0.000000
6 22 0.000000 0.000000
7 22 0.000000 0.000000
8 22 0.000000 0.000000
9 22 0.000000 0.000000
10 22 29.940048 1.000000
11 22 37.059058 1.000000
12 22 41.326744 1.000000
13 22 42.619563 1.000000
14 22 41.639960 1.000000
15 22 42.610311 1.000000
16 22 54.895425 1.000000
17 22 64.849578 1.000000
18 22 69.105771 0.974159
19 22 70.279626 0.763972
20 22 70.011954 0.545845
21 22 67.025132 0.322051
22 22 65.496870 0.089614
23 22 71.610771 -0.116748
24 22 83.199891 -0.263458
25 22 93.816185 -0.364116
26 22 100.920946 -0.433411
27 22 106.052825 -0.483623
28 22 99.935694 -0.527292
29 22 74.268333 -0.559158
30 22 45.703140 -0.523719
31 22 40.481628 -0.287731
32 22 45.005034 0.050678
33 22 53.189951 0.266343
34 22 69.270798 0.363330
35 22 0.000000 0.000000
36 22 0.000000 0.000000
37 22 0.000000 0.000000
38 22 0.000000 0.000000
39 22 0.000000 0.000000
40 22 0.000000 0.000000
41 22 0.000000 0.000000
42 22 0.000000 0.000000
43 22 0.000000 0.000000
44 22 0.000000 0.000000
45 22 0.000000 0.000000
0 21 0.000000 0.000000
1 21 0.000000 0.000000
2 21 0.000000 0.000000
3 21 0.000000 0.000000
4 21 0.000000 0.000000
5 21 0.000000 0.000000
6 21 0.000000 0.000000
7 21 0.000000 0.000000
8 21 0.000000 0.000000
9 21 0.000000 0.000000
10 21 0.000000 0.000000
11 21 30.074674 1.000000
12 21 25.861375 1.000000
13 21 28.793868 1.000000
14 21 31.736745 1.000000
15 21 35.305553 1.000000
16 21 49.628732 1.000000
17 21 55.033840 1.000000
18 21 55.096127 1.000000
19 21 54.352682 0.896419
20 21 56.108292 0.648636
21 21 57.548641 0.412894
22 21 57.869576 0.175806
23 21 66.410279 -0.032837
24 21 82.240908 -0.168638
25 21 93.708517 -0.257405
26 21 100.057127 -0.313866
27 21 101.493813 -0.352046
28 21 88.513078 -0.379752
29 21 58.404353 -0.383968
30 21 32.294525 -0.287378
31 21 32.203066 -0.014447
32 21 42.155743 0.234024
33 21 59.255324 0.369705
34 21 73.482342 0.421153
35 21 0.000000 0.000000
36 21 0.000000 0.000000
37 21 0.000000 0.000000
38 21 0.000000 0.000000
39 21 0.000000 0.000000
40 21 0.000000 0.000000
41 21 0.000000 0.000000
42 21 0.000000 0.000000
43 21 0.000000 0.000000
44 21 0.000000 0.000000
45 21 0.000000 0.000000
0 20 0.000000 0.000000
1 20 0.000000 0.000000
2 20 0.000000 0.000000
3 20 0.000000 0.000000
4 20 0.000000 0.000000
5 20 0.000000 0.000000
6 20 0.000000 0.000000
7 20 0.000000 0.000000
8 20 0.000000 0.000000
9 20 0.000000 0.000000
10 20 0.000000 0.000000
11 20 29.864174 1.000000
12 20 31.767946 1.000000
13 20 32.118847 1.000000
14 20 31.695564 1.000000
15 20 34.055010 1.000000
16 20 41.368594 1.000000
17 20 45.082092 1.000000
18 20 43.659057 1.000000
19 20 40.418534 1.000000
20 20 42.266403 0.820046
21 20 48.821078 0.539817
22 20 52.978237 0.287202
23 20 62.797966 0.073642
24 20 80.511211 -0.063745
25 20 92.782526 -0.146757
26 20 96.080608 -0.186775
27 20 90.466386 -0.203282
28 20 72.515251 -0.197097
29 20 46.039747 -0.135717
30 20 37.754295 0.079480
31 20 40.487578 0.309047
32 20 49.909635 0.446383
33 20 64.699555 0.491106
34 20 76.766499 0.490994
35 20 0.000000 0.000000
36 20 0.000000 0.000000
37 20 0.000000 0.000000
38 20 0.000000 0.000000
39 20 0.000000 0.000000
40 20 0.000000 0.000000
41 20 0.000000 0.000000
42 20 0.000000 0.000000
43 20 0.000000 0.000000
44 20 0.000000 0.000000
45 20 0.000000 0.000000
0 19 0.000000 0.000000
1 19 0.000000 0.000000
2 19 0.000000 0.000000
3 19 0.000000 0.000000
4 19 0.000000 0.000000
5 19 0.000000 0.000000
6 19 0.000000 0.000000
7 19 0.000000 0.000000
8 19 0.000000 0.000000
9 19 0.000000 0.000000
10 19 0.000000 0.000000
11 19 33.261659 1.000000
12 19 32.972371 1.000000
13 19 32.142502 1.000000
14 19 32.598576 1.000000
15 19 31.001593 1.000000
16 19 37.208558 1.000000
17 19 40.259857 1.000000
18 19 40.693140 1.000000
19 19 37.483110 1.000000
20 19 36.988144 1.000000
21 19 42.467499 0.718346
22 19 49.268514 0.432318
23 19 57.778132 0.209736
24 19 71.400437 0.052818
25 19 83.363166 -0.032332
26 19 86.305792 -0.046507
27 19 78.377604 -0.020725
28 19 63.487254 0.045096
29 19 46.485252 0.174628
30 19 41.978435 0.370888
31 19 50.047371 0.536974
32 19 61.033244 0.612877
33 19 67.819096 0.592305
34 19 0.000000 0.000000
35 19 0.000000 0.000000
36 19 0.000000 0.000000
37 19 0.000000 0.000000
38 19 0.000000 0.000000
39 19 0.000000 0.000000
40 19 0.000000 0.000000
41 19 0.000000 0.000000
42 19 0.000000 0.000000
43 19 0.000000 0.000000
44 19 0.000000 0.000000
45 19 0.000000 0.000000
0 18 0.000000 0.000000
1 18 0.000000 0.000000
2 18 0.000000 0.000000
3 18 0.000000 0.000000
4 18 0.000000 0.000000
5 18 0.000000 0.000000
6 18 0.000000 0.000000
7 18 0.000000 0.000000
8 18 0.000000 0.000000
9 18 0.000000 0.000000
10 18 0.000000 0.000000
11 18 0.000000 0.000000
12 18 0.000000 0.000000
13 18 0.000000 0.000000
14 18 30.032517 1.000000
15 18 32.015331 1.000000
16 18 33.931501 1.000000
17 18 29.938368 1.000000
18 18 30.886323 1.000000
19 18 28.675317 1.000000
20 18 27.608588 1.000000
21 18 31.135758 0.951743
22 18 39.847165 0.622946
23 18 47.514104 0.391779
24 18 49.908354 0.202053
25 18 57.875451 0.100990
26 18 70.209919 0.117578
27 18 72.348982 0.185240
28 18 66.915693 0.290338
29 18 58.133142 0.431284
30 18 55.513909 0.580071
31 18 62.336526 0.693839
32 18 69.523600 0.746927
33 18 0.000000 0.000000
34 18 0.000000 0.000000
35 18 0.000000 0.000000
36 18 0.000000 0.000000
37 18 0.000000 0.000000
38 18 0.000000 0.000000
39 18 0.000000 0.000000
40 18 0.000000 0.000000
41 18 0.000000 0.000000
42 18 0.000000 0.000000
43 18 0.000000 0.000000
44 18 0.000000 0.000000
45 18 0.000000 0.000000
0 17 0.000000 0.000000
1 17 0.000000 0.000000
2 17 0.000000 0.000000
3 17 0.000000 0.000000
4 17 0.000000 0.000000
5 17 0.000000 0.000000
6 17 0.000000 0.000000
7 17 0.000000 0.000000
8 17 0.000000 0.000000
9 17 0.000000 0.000000
10 17 0.000000 0.000000
11 17 0.000000 0.000000
12 17 0.000000 0.000000
13 17 0.000000 0.000000
14 17 32.123965 1.000000
15 17 32.794084 1.000000
16 17 26.357016 1.000000
17 17 25.116908 1.000000
18 17 27.503545 1.000000
19 17 23.962558 1.000000
20 17 28.193747 1.000000
21 17 33.925027 1.000000
22 17 37.847165 0.916919
23 17 40.832296 0.664775
24 17 36.018250 0.478109
25 17 34.978569 0.336057
26 17 51.083970 0.331301
27 17 63.259601 0.400715
28 17 69.869301 0.503898
29 17 72.155069 0.619870
30 17 70.260257 0.724213
31 17 69.127691 0.811573
32 17 68.989109 0.861822
33 17 0.000000 0.000000
34 17 0.000000 0.000000
35 17 0.000000 0.000000
36 17 0.000000 0.000000
37 17 0.000000 0.000000
38 17 0.000000 0.000000
39 17 0.000000 0.000000
40 17 0.000000 0.000000
41 17 0.000000 0.000000
42 17 0.000000 0.000000
43 17 0.000000 0.000000
44 17 0.000000 0.000000
45 17 0.000000 0.000000
0 16 0.000000 0.000000
1 16 0.000000 0.000000
2 16 0.000000 0.000000
3 16 0.000000 0.000000
4 16 0.000000 0.000000
5 16 0.000000 0.000000
6 16 0.000000 0.000000
7 16 0.000000 0.000000
8 16 0.000000 0.000000
9 16 0.000000 0.000000
10 16 0.000000 0.000000
11 16 0.000000 0.000000
12 16 0.000000 0.000000
13 16 0.000000 0.000000
14 16 0.000000 0.000000
15 16 30.366066 1.000000
16 16 29.697805 1.000000
17 16 28.452370 1.000000
18 16 29.960200 1.000000
19 16 0.000000 0.000000
20 16 0.000000 0.000000
21 16 33.019715 1.000000
22 16 37.801476 1.000000
23 16 42.314884 0.874470
24 16 38.891581 0.740397
25 16 39.265453 0.634652
26 16 47.972070 0.619275
27 16 54.446955 0.651508
28 16 66.005425 0.712755
29 16 76.518648 0.786507
30 16 74.056388 0.860116
31 16 62.870502 0.935599
32 16 55.821120 0.993478
33 16 0.000000 0.000000
34 16 0.000000 0.000000
35 16 0.000000 0.000000
36 16 0.000000 0.000000
37 16 0.000000 0.000000
38 16 0.000000 0.000000
39 16 0.000000 0.000000
40 16 0.000000 0.000000
41 16 0.000000 0.000000
42 16 0.000000 0.000000
43 16 0.000000 0.000000
44 16 0.000000 0.000000
45 16 0.000000 0.000000
0 15 0.000000 0.000000
1 15 0.000000 0.000000
2 15 0.000000 0.000000
3 15 0.000000 0.000000
4 15 0.000000 0.000000
5 15 0.000000 0.000000
6 15 0.000000 0.000000
7 15 0.000000 0.000000
8 15 0.000000 0.000000
9 15 0.000000 0.000000
10 15 0.000000 0.000000
11 15 0.000000 0.000000
12 15 0.000000 0.000000
13 15 0.000000 0.000000
14 15 0.000000 0.000000
15 15 0.000000 0.000000
16 15 0.000000 0.000000
17 15 0.000000 0.000000
18 15 0.000000 0.000000
19 15 0.000000 0.000000
20 15 0.000000 0.000000
21 15 0.000000 0.000000
22 15 0.000000 0.000000
23 15 0.000000 0.000000
24 15 0.000000 0.000000
25 15 0.000000 0.000000
26 15 48.667777 0.838013
27 15 54.518084 0.911384
28 15 62.113048 0.933109
29 15 68.394908 0.960836
30 15 59.513243 1.000000
31 15 42.466767 1.000000
32 15 32.040314 1.000000
33 15 0.000000 0.000000
34 15 0.000000 0.000000
35 15 0.000000 0.000000
36 15 0.000000 0.000000
37 15 0.000000 0.000000
38 15 0.000000 0.000000
39 15 0.000000 0.000000
40 15 0.000000 0.000000
41 15 0.000000 0.000000
42 15 0.000000 0.000000
43 15 0.000000 0.000000
44 15 0.000000 0.000000
45 15 0.000000 0.000000
0 14 0.000000 0.000000
1 14 0.000000 0.000000
2 14 0.000000 0.000000
3 14 0.000000 0.000000
4 14 0.000000 0.000000
5 14 0.000000 0.000000
6 14 0.000000 0.000000
7 14 0.000000 0.000000
8 14 0.000000 0.000000
9 14 0.000000 0.000000
10 14 0.000000 0.000000
11 14 0.000000 0.000000
12 14 0.000000 0.000000
13 14 0.000000 0.000000
14 14 0.000000 0.000000
15 14 0.000000 0.000000
16 14 0.000000 0.000000
17 14 0.000000 0.000000
18 14 0.000000 0.000000
19 14 0.000000 0.000000
20 14 0.000000 0.000000
21 14 0.000000 0.000000
22 14 0.000000 0.000000
23 14 0.000000 0.000000
24 14 0.000000 0.000000
25 14 0.000000 0.000000
26 14 0.000000 0.000000
27 14 51.502343 1.000000
28 14 55.102431 1.000000
29 14 50.930429 1.000000
30 14 36.864627 1.000000
31 14 34.816970 1.000000
32 14 30.700479 1.000000
33 14 0.000000 0.000000
34 14 0.000000 0.000000
35 14 0.000000 0.000000
36 14 0.000000 0.000000
37 14 0.000000 0.000000
38 14 0.000000 0.000000
39 14 0.000000 0.000000
40 14 0.000000 0.000000
41 14 0.000000 0.000000
42 14 0.000000 0.000000
43 14 0.000000 0.000000
44 14 0.000000 0.000000
45 14 0.000000 0.000000
0 13 0.000000 0.000000
1 13 0.000000 0.000000
2 13 0.000000 0.000000
3 13 0.000000 0.000000
4 13 0.000000 0.000000
5 13 0.000000 0.000000
6 13 0.000000 0.000000
7 13 0.000000 0.000000
8 13 0.000000 0.000000
9 13 0.000000 0.000000
10 13 0.000000 0.000000
11 13 0.000000 0.000000
12 13 0.000000 0.000000
13 13 0.000000 0.000000
14 13 0.000000 0.000000
15 13 0.000000 0.000000
16 13 0.000000 0.000000
17 13 0.000000 0.000000
18 13 0.000000 0.000000
19 13 0.000000 0.000000
20 13 0.000000 0.000000
21 13 0.000000 0.000000
22 13 0.000000 0.000000
23 13 0.000000 0.000000
24 13 0.000000 0.000000
25 13 0.000000 0.000000
26 13 0.000000 0.000000
27 13 44.136224 1.000000
28 13 42.241037 1.000000
29 13 32.560173 1.000000
30 13 30.469689 1.000000
31 13 28.843474 1.000000
32 13 0.000000 0.000000
33 13 0.000000 0.000000
34 13 0.000000 0.000000
35 13 0.000000 0.000000
36 13 0.000000 0.000000
37 13 0.000000 0.000000
38 13 0.000000 0.000000
39 13 0.000000 0.000000
40 13 0.000000 0.000000
41 13 0.000000 0.000000
42 13 0.000000 0.000000
43 13 0.000000 0.000000
44 13 0.000000 0.000000
45 13 0.000000 0.000000
0 12 0.000000 0.000000
1 12 0.000000 0.000000
2 12 0.000000 0.000000
3 12 0.000000 0.000000
4 12 0.000000 0.000000
5 12 0.000000 0.000000
6 12 0.000000 0.000000
7 12 0.000000 0.000000
8 12 0.000000 0.000000
9 12 0.000000 0.000000
10 12 0.000000 0.000000
11 12 0.000000 0.000000
12 12 0.000000 0.000000
13 12 0.000000 0.000000
14 12 0.000000 0.000000
15 12 0.000000 0.000000
16 12 0.000000 0.000000
17 12 0.000000 0.000000
18 12 0.000000 0.000000
19 12 0.000000 0.000000
20 12 0.000000 0.000000
21 12 0.000000 0.000000
22 12 0.000000 0.000000
23 12 0.000000 0.000000
24 12 0.000000 0.000000
25 12 0.000000 0.000000
26 12 0.000000 0.000000
27 12 42.326466 1.000000
28 12 34.830564 1.000000
29 12 28.652201 1.000000
30 12 26.561281 1.000000
31 12 27.179698 1.000000
32 12 0.000000 0.000000
33 12 0.000000 0.000000
34 12 0.000000 0.000000
35 12 0.000000 0.000000
36 12 0.000000 0.000000
37 12 0.000000 0.000000
38 12 0.000000 0.000000
39 12 0.000000 0.000000
40 12 0.000000 0.000000
41 12 0.000000 0.000000
42 12 0.000000 0.000000
43 12 0.000000 0.000000
44 12 0.000000 0.000000
45 12 0.000000 0.000000
0 11 0.000000 0.000000
1 11 0.000000 0.000000
2 11 0.000000 0.000000
3 11 0.000000 0.000000
4 11 0.000000 0.000000
5 11 0.000000 0.000000
6 11 0.000000 0.000000
7 11 0.000000 0.000000
8 11 0.000000 0.000000
9 11 0.000000 0.000000
10 11 0.000000 0.000000
11 11 0.000000 0.000000
12 11 0.000000 0.000000
13 11 0.000000 0.000000
14 11 0.000000 0.000000
15 11 0.000000 0.000000
16 11 0.000000 0.000000
17 11 0.000000 0.000000
18 11 0.000000 0.000000
19 11 0.000000 0.000000
20 11 0.000000 0.000000
21 11 0.000000 0.000000
22 11 0.000000 0.000000
23 11 0.000000 0.000000
24 11 0.000000 0.000000
25 11 0.000000 0.000000
26 11 0.000000 0.000000
27 11 0.000000 0.000000
28 11 34.221145 1.000000
29 11 28.863384 1.000000
30 11 28.970533 1.000000
31 11 28.753518 1.000000
32 11 0.000000 0.000000
33 11 0.000000 0.000000
34 11 0.000000 0.000000
35 11 0.000000 0.000000
36 11 0.000000 0.000000
37 11 0.000000 0.000000
38 11 0.000000 0.000000
39 11 0.000000 0.000000
40 11 0.000000 0.000000
41 11 0.000000 0.000000
42 11 0.000000 0.000000
43 11 0.000000 0.000000
44 11 0.000000 0.000000
45 11 0.000000 0.000000
0 10 0.000000 0.000000
1 10 0.000000 0.000000
2 10 0.000000 0.000000
3 10 0.000000 0.000000
4 10 0.000000 0.000000
5 10 0.000000 0.000000
6 10 0.000000 0.000000
7 10 0.000000 0.000000
8 10 0.000000 0.000000
9 10 0.000000 0.000000
10 10 0.000000 0.000000
11 10 0.000000 0.000000
12 10 0.000000 0.000000
13 10 0.000000 0.000000
14 10 0.000000 0.000000
15 10 0.000000 0.000000
16 10 0.000000 0.000000
17 10 0.000000 0.000000
18 10 0.000000 0.000000
19 10 0.000000 0.000000
20 10 0.000000 0.000000
21 10 0.000000 0.000000
22 10 0.000000 0.000000
23 10 0.000000 0.000000
24 10 0.000000 0.000000
25 10 0.000000 0.000000
26 10 0.000000 0.000000
27 10 0.000000 0.000000
28 10 0.000000 0.000000
29 10 0.000000 0.000000
30 10 0.000000 0.000000
31 10 0.000000 0.000000
32 10 0.000000 0.000000
33 10 0.000000 0.000000
34 10 0.000000 0.000000
35 10 0.000000 0.000000
36 10 0.000000 0.000000
37 10 0.000000 0.000000
38 10 0.000000 0.000000
39 10 0.000000 0.000000
40 10 0.000000 0.000000
41 10 0.000000 0.000000
42 10 0.000000 0.000000
43 10 0.000000 0.000000
44 10 0.000000 0.000000
45 10 0.000000 0.000000
0 9 0.000000 0.000000
1 9 0.000000 0.000000
2 9 0.000000 0.000000
3 9 0.000000 0.000000
4 9 0.000000 0.000000
5 9 0.000000 0.000000
6 9 0.000000 0.000000
7 9 0.000000 0.000000
8 9 0.000000 0.000000
9 9 0.000000 0.000000
10 9 0.000000 0.000000
11 9 0.000000 0.000000
12 9 0.000000 0.000000
13 9 0.000000 0.000000
14 9 0.000000 0.000000
15 9 0.000000 0.000000
16 9 0.000000 0.000000
17 9 0.000000 0.000000
18 9 0.000000 0.000000
19 9 0.000000 0.000000
20 9 0.000000 0.000000
21 9 0.000000 0.000000
22 9 0.000000 0.000000
23 9 0.000000 0.000000
24 9 0.000000 0.000000
25 9 0.000000 0.000000
26 9 0.000000 0.000000
27 9 0.000000 0.000000
28 9 0.000000 0.000000
29 9 0.000000 0.000000
30 9 0.000000 0.000000
31 9 0.000000 0.000000
32 9 0.000000 0.000000
33 9 0.000000 0.000000
34 9 0.000000 0.000000
35 9 0.000000 0.000000
36 9 0.000000 0.000000
37 9 0.000000 0.000000
38 9 0.000000 0.000000
39 9 0.000000 0.000000
40 9 0.000000 0.000000
41 9 0.000000 0.000000
42 9 0.000000 0.000000
43 9 0.000000 0.000000
44 9 0.000000 0.000000
45 9 0.000000 0.000000
0 8 0.000000 0.000000
1 8 0.000000 0.000000
2 8 0.000000 0.000000
3 8 0.000000 0.000000
4 8 0.000000 0.000000
5 8 0.000000 0.000000
6 8 0.000000 0.000000
7 8 0.000000 0.000000
8 8 0.000000 0.000000
9 8 0.000000 0.000000
10 8 0.000000 0.000000
11 8 0.000000 0.000000
12 8 0.000000 0.000000
13 8 0.000000 0.000000
14 8 0.000000 0.000000
15 8 0.000000 0.000000
16 8 0.000000 0.000000
17 8 0.000000 0.000000
18 8 0.000000 0.000000
19 8 0.000000 0.000000
20 8 0.000000 0.000000
21 8 0.000000 0.000000
22 8 0.000000 0.000000
23 8 0.000000 0.000000
24 8 0.000000 0.000000
25 8 0.000000 0.000000
26 8 0.000000 0.000000
27 8 0.000000 0.000000
28 8 0.000000 0.000000
29 8 0.000000 0.000000
30 8 0.000000 0.000000
31 8 0.000000 0.000000
32 8 0.000000 0.000000
33 8 0.000000 0.000000
34 8 0.000000 0.000000
35 8 0.000000 0.000000
36 8 0.000000 0.000000
37 8 0.000000 0.000000
38 8 0.000000 0.000000
39 8 0.000000 0.000000
40 8 0.000000 0.000000
41 8 0.000000 0.000000
42 8 0.000000 0.000000
43 8 0.000000 0.000000
44 8 0.000000 0.000000
45 8 0.000000 0.000000
0 7 0.000000 0.000000
1 7 0.000000 0.000000
2 7 0.000000 0.000000
3 7 0.000000 0.000000
4 7 0.000000 0.000000
5 7 0.000000 0.000000
6 7 0.000000 0.000000
7 7 0.000000 0.000000
8 7 0.000000 0.000000
9 7 0.000000 0.000000
10 7 0.000000 0.000000
11 7 0.000000 0.000000
12 7 0.000000 0.000000
13 7 0.000000 0.000000
14 7 0.000000 0.000000
15 7 0.000000 0.000000
16 7 0.000000 0.000000
17 7 0.000000 0.000000
18 7 0.000000 0.000000
19 7 0.000000 0.000000
20 7 0.000000 0.000000
21 7 0.000000 0.000000
22 7 0.000000 0.000000
23 7 0.000000 0.000000
24 7 0.000000 0.000000
25 7 0.000000 0.000000
26 7 0.000000 0.000000
27 7 0.000000 0.000000
28 7 0.000000 0.000000
29 7 0.000000 0.000000
30 7 0.000000 0.000000
31 7 0.000000 0.000000
32 7 0.000000 0.000000
33 7 0.000000 0.000000
34 7 0.000000 0.000000
35 7 0.000000 0.000000
36 7 0.000000 0.000000
37 7 0.000000 0.000000
38 7 0.000000 0.000000
39 7 0.000000 0.000000
40 7 0.000000 0.000000
41 7 0.000000 0.000000
42 7 0.000000 0.000000
43 7 0.000000 0.000000
44 7 0.000000 0.000000
45 7 0.000000 0.000000
0 6 0.000000 0.000000
1 6 0.000000 0.000000
2 6 0.000000 0.000000
3 6 0.000000 0.000000
4 6 0.000000 0.000000
5 6 0.000000 0.000000
6 6 0.000000 0.000000
7 6 0.000000 0.000000
8 6 0.000000 0.000000
9 6 0.000000 0.000000
10 6 0.000000 0.000000
11 6 0.000000 0.000000
12 6 0.000000 0.000000
13 6 0.000000 0.000000
14 6 0.000000 0.000000
15 6 0.000000 0.000000
16 6 0.000000 0.000000
17 6 0.000000 0.000000
18 6 0.000000 0.000000
19 6 0.000000 0.000000
20 6 0.000000 0.000000
21 6 0.000000 0.000000
22 6 0.000000 0.000000
23 6 0.000000 0.000000
24 6 0.000000 0.000000
25 6 0.000000 0.000000
26 6 0.000000 0.000000
27 6 0.000000 0.000000
28 6 0.000000 0.000000
29 6 0.000000 0.000000
30 6 0.000000 0.000000
31 6 0.000000 0.000000
32 6 0.000000 0.000000
33 6 0.000000 0.000000
34 6 0.000000 0.000000
35 6 0.000000 0.000000
36 6 0.000000 0.000000
37 6 0.000000 0.000000
38 6 0.000000 0.000000
39 6 0.000000 0.000000
40 6 0.000000 0.000000
41 6 0.000000 0.000000
42 6 0.000000 0.000000
43 6 0.000000 0.000000
44 6 0.000000 0.000000
45 6 0.000000 0.000000
0 5 0.000000 0.000000
1 5 0.000000 0.000000
2 5 0.000000 0.000000
3 5 0.000000 0.000000
4 5 0.000000 0.000000
5 5 0.000000 0.000000
6 5 0.000000 0.000000
7 5 0.000000 0.000000
8 5 0.000000 0.000000
9 5 0.000000 0.000000
10 5 0.000000 0.000000
11 5 0.000000 0.000000
12 5 0.000000 0.000000
13 5 0.000000 0.000000
14 5 0.000000 0.000000
15 5 0.000000 0.000000
16 5 0.000000 0.000000
17 5 0.000000 0.000000
18 5 0.000000 0.000000
19 5 0.000000 0.000000
20 5 0.000000 0.000000
21 5 0.000000 0.000000
22 5 0.000000 0.000000
23 5 0.000000 0.000000
24 5 0.000000 0.000000
25 5 0.000000 0.000000
26 5 0.000000 0.000000
27 5 0.000000 0.000000
28 5 0.000000 0.000000
29 5 0.000000 0.000000
30 5 0.000000 0.000000
31 5 0.000000 0.000000
32 5 0.000000 0.000000
33 5 0.000000 0.000000
34 5 0.000000 0.000000
35 5 0.000000 0.000000
36 5 0.000000 0.000000
37 5 0.000000 0.000000
38 5 0.000000 0.000000
39 5 0.000000 0.000000
40 5 0.000000 0.000000
41 5 0.000000 0.000000
42 5 0.000000 0.000000
43 5 0.000000 0.000000
44 5 0.000000 0.000000
45 5 0.000000 0.000000
0 4 0.000000 0.000000
1 4 0.000000 0.000000
2 4 0.000000 0.000000
3 4 0.000000 0.000000
4 4 0.000000 0.000000
5 4 0.000000 0.000000
6 4 0.000000 0.000000
7 4 0.000000 0.000000
8 4 0.000000 0.000000
9 4 0.000000 0.000000
10 4 0.000000 0.000000
11 4 0.000000 0.000000
12 4 0.000000 0.000000
13 4 0.000000 0.000000
14 4 0.000000 0.000000
15 4 0.000000 0.000000
16 4 0.000000 0.000000
17 4 0.000000 0.000000
18 4 0.000000 0.000000
19 4 0.000000 0.000000
20 4 0.000000 0.000000
21 4 0.000000 0.000000
22 4 0.000000 0.000000
23 4 0.000000 0.000000
24 4 0.000000 0.000000
25 4 0.000000 0.000000
26 4 0.000000 0.000000
27 4 0.000000 0.000000
28 4 0.000000 0.000000
29 4 0.000000 0.000000
30 4 0.000000 0.000000
31 4 0.000000 0.000000
32 4 0.000000 0.000000
33 4 0.000000 0.000000
34 4 0.000000 0.000000
35 4 0.000000 0.000000
36 4 0.000000 0.000000
37 4 0.000000 0.000000
38 4 0.000000 0.000000
39 4 0.000000 0.000000
40 4 0.000000 0.000000
41 4 0.000000 0.000000
42 4 0.000000 0.000000
43 4 0.000000 0.000000
44 4 0.000000 0.000000
45 4 0.000000 0.000000
0 3 0.000000 0.000000
1 3 0.000000 0.000000
2 3 0.000000 0.000000
3 3 0.000000 0.000000
4 3 0.000000 0.000000
5 3 0.000000 0.000000
6 3 0.000000 0.000000
7 3 0.000000 0.000000
8 3 0.000000 0.000000
9 3 0.000000 0.000000
10 3 0.000000 0.000000
11 3 0.000000 0.000000
12 3 0.000000 0.000000
13 3 0.000000 0.000000
14 3 0.000000 0.000000
15 3 0.000000 0.000000
16 3 0.000000 0.000000
17 3 0.000000 0.000000
18 3 0.000000 0.000000
19 3 0.000000 0.000000
20 3 0.000000 0.000000
21 3 0.000000 0.000000
22 3 0.000000 0.000000
23 3 0.000000 0.000000
24 3 0.000000 0.000000
25 3 0.000000 0.000000
26 3 0.000000 0.000000
27 3 0.000000 0.000000
28 3 0.000000 0.000000
29 3 0.000000 0.000000
30 3 0.000000 0.000000
31 3 0.000000 0.000000
32 3 0.000000 0.000000
33 3 0.000000 0.000000
34 3 0.000000 0.000000
35 3 0.000000 0.000000
36 3 0.000000 0.000000
37 3 0.000000 0.000000
38 3 0.000000 0.000000
39 3 0.000000 0.000000
40 3 0.000000 0.000000
41 3 0.000000 0.000000
42 3 0.000000 0.000000
43 3 0.000000 0.000000
44 3 0.000000 0.000000
45 3 0.000000 0.000000
0 2 0.000000 0.000000
1 2 0.000000 0.000000
2 2 0.000000 0.000000
3 2 0.000000 0.000000
4 2 0.000000 0.000000
5 2 0.000000 0.000000
6 2 0.000000 0.000000
7 2 0.000000 0.000000
8 2 0.000000 0.000000
9 2 0.000000 0.000000
10 2 0.000000 0.000000
11 2 0.000000 0.000000
12 2 0.000000 0.000000
13 2 0.000000 0.000000
14 2 0.000000 0.000000
15 2 0.000000 0.000000
16 2 0.000000 0.000000
17 2 0.000000 0.000000
18 2 0.000000 0.000000
19 2 0.000000 0.000000
20 2 0.000000 0.000000
21 2 0.000000 0.000000
22 2 0.000000 0.000000
23 2 0.000000 0.000000
24 2 0.000000 0.000000
25 2 0.000000 0.000000
26 2 0.000000 0.000000
27 2 0.000000 0.000000
28 2 0.000000 0.000000
29 2 0.000000 0.000000
30 2 0.000000 0.000000
31 2 0.000000 0.000000
32 2 0.000000 0.000000
33 2 0.000000 0.000000
34 2 0.000000 0.000000
35 2 0.000000 0.000000
36 2 0.000000 0.000000
37 2 0.000000 0.000000
38 2 0.000000 0.000000
39 2 0.000000 0.000000
40 2 0.000000 0.000000
41 2 0.000000 0.000000
42 2 0.000000 0.000000
43 2 0.000000 0.000000
44 2 0.000000 0.000000
45 2 0.000000 0.000000
0 1 0.000000 0.000000
1 1 0.000000 0.000000
2 1 0.000000 0.000000
3 1 0.000000 0.000000
4 1 0.000000 0.000000
5 1 0.000000 0.000000
6 1 0.000000 0.000000
7 1 0.000000 0.000000
8 1 0.000000 0.000000
9 1 0.000000 0.000000
10 1 0.000000 0.000000
11 1 0.000000 0.000000
12 1 0.000000 0.000000
13 1 0.000000 0.000000
14 1 0.000000 0.000000
15 1 0.000000 0.000000
16 1 0.000000 0.000000
17 1 0.000000 0.000000
18 1 0.000000 0.000000
19 1 0.000000 0.000000
20 1 0.000000 0.000000
21 1 0.000000 0.000000
22 1 0.000000 0.000000
23 1 0.000000 0.000000
24 1 0.000000 0.000000
25 1 0.000000 0.000000
26 1 0.000000 0.000000
27 1 0.000000 0.000000
28 1 0.000000 0.000000
29 1 0.000000 0.000000
30 1 0.000000 0.000000
31 1 0.000000 0.000000
32 1 0.000000 0.000000
33 1 0.000000 0.000000
34 1 0.000000 0.000000
35 1 0.000000 0.000000
36 1 0.000000 0.000000
37 1 0.000000 0.000000
38 1 0.000000 0.000000
39 1 0.000000 0.000000
40 1 0.000000 0.000000
41 1 0.000000 0.000000
42 1 0.000000 0.000000
43 1 0.000000 0.000000
44 1 0.000000 0.000000
45 1 0.000000 0.000000
0 0 0.000000 0.000000
1 0 0.000000 0.000000
2 0 0.000000 0.000000
3 0 0.000000 0.000000
4 0 0.000000 0.000000
5 0 0.000000 0.000000
6 0 0.000000 0.000000
7 0 0.000000 0.000000
8 0 0.000000 0.000000
9 0 0.000000 0.000000
10 0 0.000000 0.000000
11 0 0.000000 0.000000
12 0 0.000000 0.000000
13 0 0.000000 0.000000
14 0 0.000000 0.000000
15 0 0.000000 0.000000
16 0 0.000000 0.000000
17 0 0.000000 0.000000
18 0 0.000000 0.000000
19 0 0.000000 0.000000
20 0 0.000000 0.000000
21 0 0.000000 0.000000
22 0 0.000000 0.000000
23 0 0.000000 0.000000
24 0 0.000000 0.000000
25 0 0.000000 0.000000
26 0 0.000000 0.000000
27 0 0.000000 0.000000
28 0 0.000000 0.000000
29 0 0.000000 0.000000
30 0 0.000000 0.000000
31 0 0.000000 0.000000
32 0 0.000000 0.000000
33 0 0.000000 0.000000
34 0 0.000000 0.000000
35 0 0.000000 0.000000
36 0 0.000000 0.000000
37 0 0.000000 0.000000
38 0 0.000000 0.000000
39 0 0.000000 0.000000
40 0 0.000000 0.000000
41 0 0.000000 0.000000
42 0 0.000000 0.000000
43 0 0.000000 0.000000
44 0 0.000000 0.000000
45 0 0.000000 0.000000
