0 57 0.000000 0.000000
1 57 0.000000 0.000000
2 57 0.000000 0.000000
3 57 0.000000 0.000000
4 57 0.000000 0.000000
5 57 0.000000 0.000000
6 57 0.000000 0.000000
7 57 0.000000 0.000000
8 57 0.000000 0.000000
9 57 0.000000 0.000000
10 57 0.000000 0.000000
11 57 0.000000 0.000000
12 57 0.000000 0.000000
13 57 0.000000 0.000000
14 57 0.000000 0.000000
15 57 0.000000 0.000000
16 57 0.000000 0.000000
17 57 0.000000 0.000000
18 57 0.000000 0.000000
19 57 0.000000 0.000000
20 57 0.000000 0.000000
21 57 0.000000 0.000000
22 57 0.000000 0.000000
23 57 0.000000 0.000000
24 57 0.000000 0.000000
25 57 0.000000 0.000000
26 57 0.000000 0.000000
27 57 0.000000 0.000000
28 57 0.000000 0.000000
29 57 0.000000 0.000000
30 57 0.000000 0.000000
31 57 0.000000 0.000000
32 57 0.000000 0.000000
33 57 0.000000 0.000000
34 57 0.000000 0.000000
35 57 0.000000 0.000000
36 57 0.000000 0.000000
37 57 0.000000 0.000000
38 57 0.000000 0.000000
39 57 0.000000 0.000000
40 57 0.000000 0.000000
41 57 0.000000 0.000000
42 57 0.000000 0.000000
43 57 0.000000 0.000000
44 57 0.000000 0.000000
45 57 0.000000 0.000000
0 56 0.000000 0.000000
1 56 0.000000 0.000000
2 56 0.000000 0.000000
3 56 0.000000 0.000000
4 56 0.000000 0.000000
5 56 0.000000 0.000000
6 56 0.000000 0.000000
7 56 0.000000 0.000000
8 56 0.000000 0.000000
9 56 0.000000 0.000000
10 56 0.000000 0.000000
11 56 0.000000 0.000000
12 56 0.000000 0.000000
13 56 0.000000 0.000000
14 56 0.000000 0.000000
15 56 0.000000 0.000000
16 56 0.000000 0.000000
17 56 0.000000 0.000000
18 56 0.000000 0.000000
19 56 0.000000 0.000000
20 56 0.000000 0.000000
21 56 0.000000 0.000000
22 56 0.000000 0.000000
23 56 0.000000 0.000000
24 56 0.000000 0.000000
25 56 0.000000 0.000000
26 56 0.000000 0.000000
27 56 0.000000 0.000000
28 56 0.000000 0.000000
29 56 0.000000 0.000000
30 56 0.000000 0.000000
31 56 0.000000 0.000000
32 56 0.000000 0.000000
33 56 0.000000 0.000000
34 56 0.000000 0.000000
35 56 0.000000 0.000000
36 56 0.000000 0.000000
37 56 0.000000 0.000000
38 56 0.000000 0.000000
39 56 0.000000 0.000000
40 56 0.000000 0.000000
41 56 0.000000 0.000000
42 56 0.000000 0.000000
43 56 0.000000 0.000000
44 56 0.000000 0.000000
45 56 0.000000 0.000000
0 55 0.000000 0.000000
1 55 0.000000 0.000000
2 55 0.000000 0.000000
3 55 0.000000 0.000000
4 55 0.000000 0.000000
5 55 0.000000 0.000000
6 55 0.000000 0.000000
7 55 0.000000 0.000000
8 55 0.000000 0.000000
9 55 0.000000 0.000000
10 55 0.000000 0.000000
11 55 0.000000 0.000000
12 55 0.000000 0.000000
13 55 0.000000 0.000000
14 55 0.000000 0.000000
15 55 0.000000 0.000000
16 55 0.000000 0.000000
17 55 0.000000 0.000000
18 55 0.000000 0.000000
19 55 0.000000 0.000000
20 55 0.000000 0.000000
21 55 0.000000 0.000000
22 55 0.000000 0.000000
23 55 0.000000 0.000000
24 55 0.000000 0.000000
25 55 0.000000 0.000000
26 55 0.000000 0.000000
27 55 0.000000 0.000000
28 55 0.000000 0.000000
29 55 0.000000 0.000000
30 55 0.000000 0.000000
31 55 0.000000 0.000000
32 55 0.000000 0.000000
33 55 0.000000 0.000000
34 55 0.000000 0.000000
35 55 0.000000 0.000000
36 55 0.000000 0.000000
37 55 0.000000 0.000000
38 55 0.000000 0.000000
39 55 0.000000 0.000000
40 55 0.000000 0.000000
41 55 0.000000 0.000000
42 55 0.000000 0.000000
43 55 0.000000 0.000000
44 55 0.000000 0.000000
45 55 0.000000 0.000000
0 54 0.000000 0.000000
1 54 0.000000 0.000000
2 54 0.000000 0.000000
3 54 0.000000 0.000000
4 54 0.000000 0.000000
5 54 0.000000 0.000000
6 54 0.000000 0.000000
7 54 0.000000 0.000000
8 54 0.000000 0.000000
9 54 0.000000 0.000000
10 54 0.000000 0.000000
11 54 0.000000 0.000000
12 54 0.000000 0.000000
13 54 0.000000 0.000000
14 54 0.000000 0.000000
15 54 0.000000 0.000000
16 54 0.000000 0.000000
17 54 0.000000 0.000000
18 54 0.000000 0.000000
19 54 0.000000 0.000000
20 54 0.000000 0.000000
21 54 0.000000 0.000000
22 54 0.000000 0.000000
23 54 0.000000 0.000000
24 54 0.000000 0.000000
25 54 0.000000 0.000000
26 54 0.000000 0.000000
27 54 0.000000 0.000000
28 54 0.000000 0.000000
29 54 0.000000 0.000000
30 54 0.000000 0.000000
31 54 0.000000 0.000000
32 54 0.000000 0.000000
33 54 0.000000 0.000000
34 54 0.000000 0.000000
35 54 0.000000 0.000000
36 54 0.000000 0.000000
37 54 0.000000 0.000000
38 54 0.000000 0.000000
39 54 0.000000 0.000000
40 54 0.000000 0.000000
41 54 0.000000 0.000000
42 54 0.000000 0.000000
43 54 0.000000 0.000000
44 54 0.000000 0.000000
45 54 0.000000 0.000000
0 53 0.000000 0.000000
1 53 0.000000 0.000000
2 53 0.000000 0.000000
3 53 0.000000 0.000000
4 53 0.000000 0.000000
5 53 0.000000 0.000000
6 53 0.000000 0.000000
7 53 0.000000 0.000000
8 53 0.000000 0.000000
9 53 0.000000 0.000000
10 53 0.000000 0.000000
11 53 0.000000 0.000000
12 53 0.000000 0.000000
13 53 0.000000 0.000000
14 53 0.000000 0.000000
15 53 0.000000 0.000000
16 53 0.000000 0.000000
17 53 0.000000 0.000000
18 53 0.000000 0.000000
19 53 0.000000 0.000000
20 53 0.000000 0.000000
21 53 0.000000 0.000000
22 53 0.000000 0.000000
23 53 0.000000 0.000000
24 53 0.000000 0.000000
25 53 0.000000 0.000000
26 53 0.000000 0.000000
27 53 0.000000 0.000000
28 53 0.000000 0.000000
29 53 0.000000 0.000000
30 53 0.000000 0.000000
31 53 0.000000 0.000000
32 53 0.000000 0.000000
33 53 0.000000 0.000000
34 53 0.000000 0.000000
35 53 0.000000 0.000000
36 53 0.000000 0.000000
37 53 0.000000 0.000000
38 53 0.000000 0.000000
39 53 0.000000 0.000000
40 53 0.000000 0.000000
41 53 0.000000 0.000000
42 53 0.000000 0.000000
43 53 0.000000 0.000000
44 53 0.000000 0.000000
45 53 0.000000 0.000000
0 52 0.000000 0.000000
1 52 0.000000 0.000000
2 52 0.000000 0.000000
3 52 0.000000 0.000000
4 52 0.000000 0.000000
5 52 0.000000 0.000000
6 52 0.000000 0.000000
7 52 0.000000 0.000000
8 52 0.000000 0.000000
9 52 0.000000 0.000000
10 52 0.000000 0.000000
11 52 0.000000 0.000000
12 52 0.000000 0.000000
13 52 0.000000 0.000000
14 52 0.000000 0.000000
15 52 0.000000 0.000000
16 52 0.000000 0.000000
17 52 0.000000 0.000000
18 52 0.000000 0.000000
19 52 0.000000 0.000000
20 52 0.000000 0.000000
21 52 0.000000 0.000000
22 52 0.000000 0.000000
23 52 0.000000 0.000000
24 52 0.000000 0.000000
25 52 0.000000 0.000000
26 52 0.000000 0.000000
27 52 0.000000 0.000000
28 52 0.000000 0.000000
29 52 0.000000 0.000000
30 52 0.000000 0.000000
31 52 0.000000 0.000000
32 52 0.000000 0.000000
33 52 0.000000 0.000000
34 52 0.000000 0.000000
35 52 0.000000 0.000000
36 52 0.000000 0.000000
37 52 0.000000 0.000000
38 52 0.000000 0.000000
39 52 0.000000 0.000000
40 52 0.000000 0.000000
41 52 0.000000 0.000000
42 52 0.000000 0.000000
43 52 0.000000 0.000000
44 52 0.000000 0.000000
45 52 0.000000 0.000000
0 51 0.000000 0.000000
1 51 0.000000 0.000000
2 51 0.000000 0.000000
3 51 0.000000 0.000000
4 51 0.000000 0.000000
5 51 0.000000 0.000000
6 51 0.000000 0.000000
7 51 0.000000 0.000000
8 51 0.000000 0.000000
9 51 0.000000 0.000000
10 51 0.000000 0.000000
11 51 0.000000 0.000000
12 51 0.000000 0.000000
13 51 0.000000 0.000000
14 51 0.000000 0.000000
15 51 0.000000 0.000000
16 51 0.000000 0.000000
17 51 0.000000 0.000000
18 51 0.000000 0.000000
19 51 0.000000 0.000000
20 51 0.000000 0.000000
21 51 0.000000 0.000000
22 51 0.000000 0.000000
23 51 0.000000 0.000000
24 51 0.000000 0.000000
25 51 0.000000 0.000000
26 51 0.000000 0.000000
27 51 0.000000 0.000000
28 51 0.000000 0.000000
29 51 0.000000 0.000000
30 51 0.000000 0.000000
31 51 0.000000 0.000000
32 51 0.000000 0.000000
33 51 0.000000 0.000000
34 51 0.000000 0.000000
35 51 0.000000 0.000000
36 51 0.000000 0.000000
37 51 0.000000 0.000000
38 51 0.000000 0.000000
39 51 0.000000 0.000000
40 51 0.000000 0.000000
41 51 0.000000 0.000000
42 51 0.000000 0.000000
43 51 0.000000 0.000000
44 51 0.000000 0.000000
45 51 0.000000 0.000000
0 50 0.000000 0.000000
1 50 0.000000 0.000000
2 50 0.000000 0.000000
3 50 0.000000 0.000000
4 50 0.000000 0.000000
5 50 0.000000 0.000000
6 50 0.000000 0.000000
7 50 0.000000 0.000000
8 50 0.000000 0.000000
9 50 0.000000 0.000000
10 50 0.000000 0.000000
11 50 0.000000 0.000000
12 50 0.000000 0.000000
13 50 0.000000 0.000000
14 50 0.000000 0.000000
15 50 0.000000 0.000000
16 50 0.000000 0.000000
17 50 0.000000 0.000000
18 50 0.000000 0.000000
19 50 0.000000 0.000000
20 50 0.000000 0.000000
21 50 0.000000 0.000000
22 50 0.000000 0.000000
23 50 0.000000 0.000000
24 50 0.000000 0.000000
25 50 0.000000 0.000000
26 50 0.000000 0.000000
27 50 0.000000 0.000000
28 50 0.000000 0.000000
29 50 0.000000 0.000000
30 50 0.000000 0.000000
31 50 0.000000 0.000000
32 50 0.000000 0.000000
33 50 0.000000 0.000000
34 50 0.000000 0.000000
35 50 0.000000 0.000000
36 50 0.000000 0.000000
37 50 0.000000 0.000000
38 50 0.000000 0.000000
39 50 0.000000 0.000000
40 50 0.000000 0.000000
41 50 0.000000 0.000000
42 50 0.000000 0.000000
43 50 0.000000 0.000000
44 50 0.000000 0.000000
45 50 0.000000 0.000000
0 49 0.000000 0.000000
1 49 0.000000 0.000000
2 49 0.000000 0.000000
3 49 0.000000 0.000000
4 49 0.000000 0.000000
5 49 0.000000 0.000000
6 49 0.000000 0.000000
7 49 0.000000 0.000000
8 49 0.000000 0.000000
9 49 0.000000 0.000000
10 49 0.000000 0.000000
11 49 0.000000 0.000000
12 49 0.000000 0.000000
13 49 0.000000 0.000000
14 49 0.000000 0.000000
15 49 0.000000 0.000000
16 49 0.000000 0.000000
17 49 0.000000 0.000000
18 49 0.000000 0.000000
19 49 0.000000 0.000000
20 49 0.000000 0.000000
21 49 0.000000 0.000000
22 49 0.000000 0.000000
23 49 0.000000 0.000000
24 49 0.000000 0.000000
25 49 0.000000 0.000000
26 49 0.000000 0.000000
27 49 0.000000 0.000000
28 49 0.000000 0.000000
29 49 0.000000 0.000000
30 49 0.000000 0.000000
31 49 0.000000 0.000000
32 49 0.000000 0.000000
33 49 0.000000 0.000000
34 49 0.000000 0.000000
35 49 0.000000 0.000000
36 49 0.000000 0.000000
37 49 0.000000 0.000000
38 49 0.000000 0.000000
39 49 0.000000 0.000000
40 49 0.000000 0.000000
41 49 0.000000 0.000000
42 49 0.000000 0.000000
43 49 0.000000 0.000000
44 49 0.000000 0.000000
45 49 0.000000 0.000000
0 48 0.000000 0.000000
1 48 0.000000 0.000000
2 48 0.000000 0.000000
3 48 0.000000 0.000000
4 48 0.000000 0.000000
5 48 0.000000 0.000000
6 48 0.000000 0.000000
7 48 0.000000 0.000000
8 48 0.000000 0.000000
9 48 0.000000 0.000000
10 48 0.000000 0.000000
11 48 0.000000 0.000000
12 48 0.000000 0.000000
13 48 0.000000 0.000000
14 48 0.000000 0.000000
15 48 0.000000 0.000000
16 48 0.000000 0.000000
17 48 0.000000 0.000000
18 48 0.000000 0.000000
19 48 0.000000 0.000000
20 48 0.000000 0.000000
21 48 0.000000 0.000000
22 48 0.000000 0.000000
23 48 0.000000 0.000000
24 48 0.000000 0.000000
25 48 0.000000 0.000000
26 48 0.000000 0.000000
27 48 0.000000 0.000000
28 48 0.000000 0.000000
29 48 0.000000 0.000000
30 48 0.000000 0.000000
31 48 0.000000 0.000000
32 48 0.000000 0.000000
33 48 0.000000 0.000000
34 48 0.000000 0.000000
35 48 0.000000 0.000000
36 48 0.000000 0.000000
37 48 0.000000 0.000000
38 48 0.000000 0.000000
39 48 0.000000 0.000000
40 48 0.000000 0.000000
41 48 0.000000 0.000000
42 48 0.000000 0.000000
43 48 0.000000 0.000000
44 48 0.000000 0.000000
45 48 0.000000 0.000000
0 47 0.000000 0.000000
1 47 0.000000 0.000000
2 47 0.000000 0.000000
3 47 0.000000 0.000000
4 47 0.000000 0.000000
5 47 0.000000 0.000000
6 47 0.000000 0.000000
7 47 0.000000 0.000000
8 47 0.000000 0.000000
9 47 0.000000 0.000000
10 47 0.000000 0.000000
11 47 0.000000 0.000000
12 47 0.000000 0.000000
13 47 0.000000 0.000000
14 47 0.000000 0.000000
15 47 0.000000 0.000000
16 47 0.000000 0.000000
17 47 0.000000 0.000000
18 47 0.000000 0.000000
19 47 0.000000 0.000000
20 47 0.000000 0.000000
21 47 0.000000 0.000000
22 47 0.000000 0.000000
23 47 0.000000 0.000000
24 47 0.000000 0.000000
25 47 0.000000 -1.241045
26 47 0.000000 -1.280157
27 47 0.000000 -1.322985
28 47 0.000000 -1.355938
29 47 0.000000 0.000000
30 47 0.000000 0.000000
31 47 0.000000 0.000000
32 47 0.000000 0.000000
33 47 0.000000 0.000000
34 47 0.000000 0.000000
35 47 0.000000 0.000000
36 47 0.000000 0.000000
37 47 0.000000 0.000000
38 47 0.000000 0.000000
39 47 0.000000 0.000000
40 47 0.000000 0.000000
41 47 0.000000 0.000000
42 47 0.000000 0.000000
43 47 0.000000 0.000000
44 47 0.000000 0.000000
45 47 0.000000 0.000000
0 46 0.000000 0.000000
1 46 0.000000 0.000000
2 46 0.000000 0.000000
3 46 0.000000 0.000000
4 46 0.000000 0.000000
5 46 0.000000 0.000000
6 46 0.000000 0.000000
7 46 0.000000 0.000000
8 46 0.000000 0.000000
9 46 0.000000 0.000000
10 46 0.000000 0.000000
11 46 0.000000 0.000000
12 46 0.000000 0.000000
13 46 0.000000 0.000000
14 46 0.000000 0.000000
15 46 0.000000 0.000000
16 46 0.000000 0.000000
17 46 0.000000 0.000000
18 46 0.000000 0.000000
19 46 0.000000 0.000000
20 46 0.000000 0.000000
21 46 0.000000 0.000000
22 46 0.000000 -1.097370
23 46 11.476430 -1.136678
24 46 42.052461 -1.081838
25 46 45.812916 -1.105610
26 46 43.509819 -1.157285
27 46 35.994779 -1.239448
28 46 17.895129 -1.375469
29 46 0.000000 -1.540321
30 46 0.000000 -1.612787
31 46 0.000000 -1.652114
32 46 0.000000 -1.698858
33 46 0.000000 0.000000
34 46 0.000000 0.000000
35 46 0.000000 0.000000
36 46 0.000000 0.000000
37 46 0.000000 0.000000
38 46 0.000000 0.000000
39 46 0.000000 0.000000
40 46 0.000000 0.000000
41 46 0.000000 0.000000
42 46 0.000000 0.000000
43 46 0.000000 0.000000
44 46 0.000000 0.000000
45 46 0.000000 0.000000
0 45 0.000000 0.000000
1 45 0.000000 0.000000
2 45 0.000000 0.000000
3 45 0.000000 0.000000
4 45 0.000000 0.000000
5 45 0.000000 0.000000
6 45 0.000000 0.000000
7 45 0.000000 0.000000
8 45 0.000000 0.000000
9 45 0.000000 0.000000
10 45 0.000000 0.000000
11 45 0.000000 0.000000
12 45 0.000000 0.000000
13 45 0.000000 0.000000
14 45 0.000000 0.000000
15 45 0.000000 0.000000
16 45 0.000000 0.000000
17 45 0.000000 0.000000
18 45 0.000000 0.000000
19 45 0.000000 0.000000
20 45 0.000000 0.000000
21 45 0.000000 -1.083601
22 45 39.826336 -0.965053
23 45 65.727253 -0.961559
24 45 85.899603 -0.980352
25 45 91.970015 -1.020870
26 45 89.472162 -1.076347
27 45 81.376531 -1.148296
28 45 69.422090 -1.239409
29 45 58.779562 -1.345143
30 45 52.144686 -1.452109
31 45 42.730665 -1.573579
32 45 22.397560 -1.749122
33 45 0.000000 -1.945810
34 45 0.000000 0.000000
35 45 0.000000 0.000000
36 45 0.000000 0.000000
37 45 0.000000 0.000000
38 45 0.000000 0.000000
39 45 0.000000 0.000000
40 45 0.000000 0.000000
41 45 0.000000 0.000000
42 45 0.000000 0.000000
43 45 0.000000 0.000000
44 45 0.000000 0.000000
45 45 0.000000 0.000000
0 44 0.000000 0.000000
1 44 0.000000 0.000000
2 44 0.000000 0.000000
3 44 0.000000 0.000000
4 44 0.000000 0.000000
5 44 0.000000 0.000000
6 44 0.000000 0.000000
7 44 0.000000 0.000000
8 44 0.000000 0.000000
9 44 0.000000 0.000000
10 44 0.000000 0.000000
11 44 0.000000 0.000000
12 44 0.000000 0.000000
13 44 0.000000 0.000000
14 44 0.000000 0.000000
15 44 0.000000 0.000000
16 44 0.000000 0.000000
17 44 0.000000 0.000000
18 44 0.000000 0.000000
19 44 0.000000 0.000000
20 44 22.725343 -0.941447
21 44 55.118178 -0.876174
22 44 85.551233 -0.863299
23 44 110.298716 -0.887535
24 44 123.527318 -0.926188
25 44 126.760890 -0.975846
26 44 123.197945 -1.035328
27 44 113.414737 -1.106300
28 44 101.582513 -1.191756
29 44 92.906251 -1.292178
30 44 88.770283 -1.402066
31 44 83.740467 -1.518988
32 44 70.654134 -1.652019
33 44 49.693277 -1.817616
34 44 1.147905 -2.120618
35 44 0.000000 0.000000
36 44 0.000000 0.000000
37 44 0.000000 0.000000
38 44 0.000000 0.000000
39 44 0.000000 0.000000
40 44 0.000000 0.000000
41 44 0.000000 0.000000
42 44 0.000000 0.000000
43 44 0.000000 0.000000
44 44 0.000000 0.000000
45 44 0.000000 0.000000
0 43 0.000000 0.000000
1 43 0.000000 0.000000
2 43 0.000000 0.000000
3 43 0.000000 0.000000
4 43 0.000000 0.000000
5 43 0.000000 0.000000
6 43 0.000000 0.000000
7 43 0.000000 0.000000
8 43 0.000000 0.000000
9 43 0.000000 0.000000
10 43 0.000000 0.000000
11 43 0.000000 0.000000
12 43 0.000000 0.000000
13 43 0.000000 0.000000
14 43 0.000000 0.000000
15 43 0.000000 0.000000
16 43 0.000000 0.000000
17 43 0.000000 0.000000
18 43 0.000000 0.000000
19 43 16.865579 -0.911254
20 43 62.523921 -0.804973
21 43 97.357368 -0.787255
22 43 125.866477 -0.802532
23 43 140.367026 -0.837152
24 43 143.143524 -0.883235
25 43 142.445560 -0.939795
26 43 139.214275 -1.005562
27 43 131.815954 -1.080669
28 43 122.561541 -1.166918
29 43 114.255923 -1.264822
30 43 107.535207 -1.371751
31 43 97.960988 -1.486406
32 43 83.050975 -1.614956
33 43 65.897102 -1.767356
34 43 40.400915 -1.951058
35 43 0.000000 0.000000
36 43 0.000000 0.000000
37 43 0.000000 0.000000
38 43 0.000000 0.000000
39 43 0.000000 0.000000
40 43 0.000000 0.000000
41 43 0.000000 0.000000
42 43 0.000000 0.000000
43 43 0.000000 0.000000
44 43 0.000000 0.000000
45 43 0.000000 0.000000
0 42 0.000000 0.000000
1 42 0.000000 0.000000
2 42 0.000000 0.000000
3 42 0.000000 0.000000
4 42 0.000000 0.000000
5 42 0.000000 0.000000
6 42 0.000000 0.000000
7 42 0.000000 0.000000
8 42 0.000000 0.000000
9 42 0.000000 0.000000
10 42 0.000000 0.000000
11 42 0.000000 0.000000
12 42 0.000000 0.000000
13 42 0.000000 0.000000
14 42 0.000000 0.000000
15 42 0.000000 0.000000
16 42 0.000000 0.000000
17 42 0.000000 0.000000
18 42 0.000000 -0.892739
19 42 51.597897 -0.761350
20 42 97.473515 -0.725040
21 42 133.146384 -0.727514
22 42 150.731585 -0.751171
23 42 152.424709 -0.788822
24 42 147.380918 -0.838650
25 42 143.048977 -0.901181
26 42 138.757195 -0.974198
27 42 133.141491 -1.055337
28 42 124.366073 -1.144113
29 42 112.456281 -1.242214
30 42 99.272225 -1.352231
31 42 84.212530 -1.476704
32 42 67.367818 -1.622525
33 42 46.615067 -1.810595
34 42 0.000000 -2.122858
35 42 0.000000 0.000000
36 42 0.000000 0.000000
37 42 0.000000 0.000000
38 42 0.000000 0.000000
39 42 0.000000 0.000000
40 42 0.000000 0.000000
41 42 0.000000 0.000000
42 42 0.000000 0.000000
43 42 0.000000 0.000000
44 42 0.000000 0.000000
45 42 0.000000 0.000000
0 41 0.000000 0.000000
1 41 0.000000 0.000000
2 41 0.000000 0.000000
3 41 0.000000 0.000000
4 41 0.000000 0.000000
5 41 0.000000 0.000000
6 41 0.000000 0.000000
7 41 0.000000 0.000000
8 41 0.000000 0.000000
9 41 0.000000 0.000000
10 41 0.000000 0.000000
11 41 0.000000 0.000000
12 41 0.000000 0.000000
13 41 0.000000 0.000000
14 41 0.000000 0.000000
15 41 0.000000 0.000000
16 41 0.000000 0.000000
17 41 0.000000 0.000000
18 41 33.426578 -0.740140
19 41 77.817884 -0.674514
20 41 125.041602 -0.662945
21 41 154.739752 -0.673460
22 41 160.943829 -0.698281
23 41 153.722020 -0.734945
24 41 142.803755 -0.785244
25 41 131.508268 -0.851876
26 41 121.640800 -0.933830
27 41 115.082856 -1.026476
28 41 105.643861 -1.124566
29 41 90.188335 -1.229880
30 41 72.441375 -1.353043
31 41 54.953630 -1.503355
32 41 36.215935 -1.683116
33 41 0.000000 -1.959848
34 41 0.000000 0.000000
35 41 0.000000 0.000000
36 41 0.000000 0.000000
37 41 0.000000 0.000000
38 41 0.000000 0.000000
39 41 0.000000 0.000000
40 41 0.000000 0.000000
41 41 0.000000 0.000000
42 41 0.000000 0.000000
43 41 0.000000 0.000000
44 41 0.000000 0.000000
45 41 0.000000 0.000000
0 40 0.000000 0.000000
1 40 0.000000 0.000000
2 40 0.000000 0.000000
3 40 0.000000 0.000000
4 40 0.000000 0.000000
5 40 0.000000 0.000000
6 40 0.000000 0.000000
7 40 0.000000 0.000000
8 40 0.000000 0.000000
9 40 0.000000 0.000000
10 40 0.000000 0.000000
11 40 0.000000 0.000000
12 40 0.000000 0.000000
13 40 0.000000 0.000000
14 40 0.000000 0.000000
15 40 0.000000 0.000000
16 40 0.000000 0.000000
17 40 0.000000 -0.808597
18 40 55.637877 -0.647868
19 40 101.360078 -0.608601
20 40 145.121522 -0.606583
21 40 167.830149 -0.619342
22 40 167.114745 -0.641528
23 40 155.256565 -0.673625
24 40 137.188325 -0.719433
25 40 113.760909 -0.785023
26 40 93.160169 -0.877124
27 40 82.750234 -0.994297
28 40 74.611886 -1.120167
29 40 64.311765 -1.243055
30 40 46.424681 -1.394956
31 40 10.265593 -1.650988
32 40 0.000000 -1.785771
33 40 0.000000 0.000000
34 40 0.000000 0.000000
35 40 0.000000 0.000000
36 40 0.000000 0.000000
37 40 0.000000 0.000000
38 40 0.000000 0.000000
39 40 0.000000 0.000000
40 40 0.000000 0.000000
41 40 0.000000 0.000000
42 40 0.000000 0.000000
43 40 0.000000 0.000000
44 40 0.000000 0.000000
45 40 0.000000 0.000000
0 39 0.000000 0.000000
1 39 0.000000 0.000000
2 39 0.000000 0.000000
3 39 0.000000 0.000000
4 39 0.000000 0.000000
5 39 0.000000 0.000000
6 39 0.000000 0.000000
7 39 0.000000 0.000000
8 39 0.000000 0.000000
9 39 0.000000 0.000000
10 39 0.000000 0.000000
11 39 0.000000 0.000000
12 39 0.000000 0.000000
13 39 0.000000 0.000000
14 39 0.000000 0.000000
15 39 0.000000 0.000000
16 39 0.000000 0.000000
17 39 34.151466 -0.647049
18 39 74.561899 -0.568632
19 39 120.956237 -0.548972
20 39 161.247617 -0.552570
21 39 179.119109 -0.565264
22 39 176.479021 -0.583491
23 39 161.995233 -0.609309
24 39 137.184426 -0.645894
25 39 103.194371 -0.700146
26 39 69.739451 -0.790299
27 39 47.368549 -0.946644
28 39 30.427439 -1.156960
29 39 0.000000 0.000000
30 39 0.000000 0.000000
31 39 0.000000 0.000000
32 39 0.000000 0.000000
33 39 0.000000 0.000000
34 39 0.000000 0.000000
35 39 0.000000 0.000000
36 39 0.000000 0.000000
37 39 0.000000 0.000000
38 39 0.000000 0.000000
39 39 0.000000 0.000000
40 39 0.000000 0.000000
41 39 0.000000 0.000000
42 39 0.000000 0.000000
43 39 0.000000 0.000000
44 39 0.000000 0.000000
45 39 0.000000 0.000000
0 38 0.000000 0.000000
1 38 0.000000 0.000000
2 38 0.000000 0.000000
3 38 0.000000 0.000000
4 38 0.000000 0.000000
5 38 0.000000 0.000000
6 38 0.000000 0.000000
7 38 0.000000 0.000000
8 38 0.000000 0.000000
9 38 0.000000 0.000000
10 38 0.000000 0.000000
11 38 0.000000 0.000000
12 38 0.000000 0.000000
13 38 0.000000 0.000000
14 38 0.000000 0.000000
15 38 0.000000 0.000000
16 38 0.000000 0.000000
17 38 54.767571 -0.535522
18 38 92.732587 -0.500101
19 38 139.186584 -0.493557
20 38 174.822742 -0.500855
21 38 189.337112 -0.512920
22 38 187.056428 -0.527790
23 38 170.309024 -0.547383
24 38 141.569339 -0.573254
25 38 102.017678 -0.610651
26 38 55.536156 -0.679915
27 38 5.810335 -0.878960
28 38 0.000000 0.000000
29 38 0.000000 0.000000
30 38 0.000000 0.000000
31 38 0.000000 0.000000
32 38 0.000000 0.000000
33 38 0.000000 0.000000
34 38 0.000000 0.000000
35 38 0.000000 0.000000
36 38 0.000000 0.000000
37 38 0.000000 0.000000
38 38 0.000000 0.000000
39 38 0.000000 0.000000
40 38 0.000000 0.000000
41 38 0.000000 0.000000
42 38 0.000000 0.000000
43 38 0.000000 0.000000
44 38 0.000000 0.000000
45 38 0.000000 0.000000
0 37 0.000000 0.000000
1 37 0.000000 0.000000
2 37 0.000000 0.000000
3 37 0.000000 0.000000
4 37 0.000000 0.000000
5 37 0.000000 0.000000
6 37 0.000000 0.000000
7 37 0.000000 0.000000
8 37 0.000000 0.000000
9 37 0.000000 0.000000
10 37 0.000000 0.000000
11 37 0.000000 0.000000
12 37 0.000000 0.000000
13 37 0.000000 0.000000
14 37 0.000000 0.000000
15 37 0.000000 0.000000
16 37 15.554541 -0.594574
17 37 64.071288 -0.470911
18 37 110.554250 -0.442434
19 37 156.334806 -0.441773
20 37 184.274504 -0.450518
21 37 193.455816 -0.461288
22 37 189.406682 -0.473269
23 37 171.594320 -0.487426
24 37 143.485607 -0.503881
25 37 103.301404 -0.525585
26 37 49.924953 -0.563603
27 37 0.000000 -0.660180
28 37 0.000000 0.000000
29 37 0.000000 0.000000
30 37 0.000000 0.000000
31 37 0.000000 0.000000
32 37 0.000000 0.000000
33 37 0.000000 0.000000
34 37 0.000000 0.000000
35 37 0.000000 0.000000
36 37 0.000000 0.000000
37 37 0.000000 0.000000
38 37 0.000000 0.000000
39 37 0.000000 0.000000
40 37 0.000000 0.000000
41 37 0.000000 0.000000
42 37 0.000000 0.000000
43 37 0.000000 0.000000
44 37 0.000000 0.000000
45 37 0.000000 0.000000
0 36 0.000000 0.000000
1 36 0.000000 0.000000
2 36 0.000000 0.000000
3 36 0.000000 0.000000
4 36 0.000000 0.000000
5 36 0.000000 0.000000
6 36 0.000000 0.000000
7 36 0.000000 0.000000
8 36 0.000000 0.000000
9 36 0.000000 0.000000
10 36 0.000000 0.000000
11 36 0.000000 0.000000
12 36 0.000000 0.000000
13 36 0.000000 0.000000
14 36 0.000000 0.000000
15 36 0.000000 0.000000
16 36 45.657397 -0.447581
17 36 81.241697 -0.401179
18 36 130.287614 -0.389241
19 36 172.721400 -0.392760
20 36 192.327520 -0.400938
21 36 196.340957 -0.408856
22 36 188.974104 -0.417071
23 36 170.397886 -0.426221
24 36 145.259413 -0.435384
25 36 107.944102 -0.445256
26 36 55.572096 -0.461110
27 36 0.000000 -0.524601
28 36 0.000000 0.000000
29 36 0.000000 0.000000
30 36 0.000000 0.000000
31 36 0.000000 0.000000
32 36 0.000000 0.000000
33 36 0.000000 0.000000
34 36 0.000000 0.000000
35 36 0.000000 0.000000
36 36 0.000000 0.000000
37 36 0.000000 0.000000
38 36 0.000000 0.000000
39 36 0.000000 0.000000
40 36 0.000000 0.000000
41 36 0.000000 0.000000
42 36 0.000000 0.000000
43 36 0.000000 0.000000
44 36 0.000000 0.000000
45 36 0.000000 0.000000
0 35 0.000000 0.000000
1 35 0.000000 0.000000
2 35 0.000000 0.000000
3 35 0.000000 0.000000
4 35 0.000000 0.000000
5 35 0.000000 0.000000
6 35 0.000000 0.000000
7 35 0.000000 0.000000
8 35 0.000000 0.000000
9 35 0.000000 0.000000
10 35 0.000000 0.000000
11 35 0.000000 0.000000
12 35 0.000000 0.000000
13 35 0.000000 0.000000
14 35 0.000000 0.000000
15 35 27.406122 -0.477185
16 35 64.520570 -0.377401
17 35 103.079797 -0.346418
18 35 152.580890 -0.342794
19 35 188.755948 -0.347890
20 35 202.082815 -0.353967
21 35 206.508598 -0.358432
22 35 199.704856 -0.362637
23 35 180.025096 -0.367446
24 35 155.812622 -0.371958
25 35 121.254070 -0.376087
26 35 71.160833 -0.387584
27 35 0.000000 -0.476176
28 35 0.000000 -0.254003
29 35 0.000000 0.000000
30 35 0.000000 0.000000
31 35 0.000000 0.000000
32 35 0.000000 0.000000
33 35 0.000000 0.000000
34 35 0.000000 0.000000
35 35 0.000000 0.000000
36 35 0.000000 0.000000
37 35 0.000000 0.000000
38 35 0.000000 0.000000
39 35 0.000000 0.000000
40 35 0.000000 0.000000
41 35 0.000000 0.000000
42 35 0.000000 0.000000
43 35 0.000000 0.000000
44 35 0.000000 0.000000
45 35 0.000000 0.000000
0 34 0.000000 0.000000
1 34 0.000000 0.000000
2 34 0.000000 0.000000
3 34 0.000000 0.000000
4 34 0.000000 0.000000
5 34 0.000000 0.000000
6 34 0.000000 0.000000
7 34 0.000000 0.000000
8 34 0.000000 0.000000
9 34 0.000000 0.000000
10 34 0.000000 0.000000
11 34 0.000000 0.000000
12 34 0.000000 0.000000
13 34 0.000000 0.000000
14 34 0.000000 -0.530606
15 34 47.504564 -0.378455
16 34 83.612320 -0.318722
17 34 123.834457 -0.300099
18 34 167.622892 -0.300576
19 34 194.552488 -0.305638
20 34 205.966460 -0.309628
21 34 215.902004 -0.312217
22 34 213.841510 -0.314350
23 34 194.092269 -0.316241
24 34 169.144921 -0.317715
25 34 136.180930 -0.319016
26 34 89.997693 -0.325257
27 34 28.295176 -0.364110
28 34 0.000000 -0.293426
29 34 0.000000 0.000000
30 34 0.000000 0.000000
31 34 0.000000 0.000000
32 34 0.000000 0.000000
33 34 0.000000 0.000000
34 34 0.000000 0.000000
35 34 0.000000 0.000000
36 34 0.000000 0.000000
37 34 0.000000 0.000000
38 34 0.000000 0.000000
39 34 0.000000 0.000000
40 34 0.000000 0.000000
41 34 0.000000 0.000000
42 34 0.000000 0.000000
43 34 0.000000 0.000000
44 34 0.000000 0.000000
45 34 0.000000 0.000000
0 33 0.000000 0.000000
1 33 0.000000 0.000000
2 33 0.000000 0.000000
3 33 0.000000 0.000000
4 33 0.000000 0.000000
5 33 0.000000 0.000000
6 33 0.000000 0.000000
7 33 0.000000 0.000000
8 33 0.000000 0.000000
9 33 0.000000 0.000000
10 33 0.000000 0.000000
11 33 0.000000 0.000000
12 33 0.000000 0.000000
13 33 0.000000 0.000000
14 33 23.009229 -0.420247
15 33 61.303212 -0.309135
16 33 98.665510 -0.267747
17 33 137.491354 -0.256280
18 33 171.280053 -0.258478
19 33 191.284063 -0.262635
20 33 204.158370 -0.265223
21 33 216.415917 -0.267628
22 33 216.764389 -0.269440
23 33 199.778698 -0.269643
24 33 176.273792 -0.268807
25 33 144.284644 -0.267913
26 33 101.171508 -0.270017
27 33 49.909975 -0.288641
28 33 0.000000 -0.357276
29 33 0.000000 0.000000
30 33 0.000000 0.000000
31 33 0.000000 0.000000
32 33 0.000000 0.000000
33 33 0.000000 0.000000
34 33 0.000000 0.000000
35 33 0.000000 0.000000
36 33 0.000000 0.000000
37 33 0.000000 0.000000
38 33 0.000000 0.000000
39 33 0.000000 0.000000
40 33 0.000000 0.000000
41 33 0.000000 0.000000
42 33 0.000000 0.000000
43 33 0.000000 0.000000
44 33 0.000000 0.000000
45 33 0.000000 0.000000
0 32 0.000000 0.000000
1 32 0.000000 0.000000
2 32 0.000000 0.000000
3 32 0.000000 0.000000
4 32 0.000000 0.000000
5 32 0.000000 0.000000
6 32 0.000000 0.000000
7 32 0.000000 0.000000
8 32 0.000000 0.000000
9 32 0.000000 0.000000
10 32 0.000000 0.000000
11 32 0.000000 0.000000
12 32 0.000000 0.000000
13 32 0.000000 -0.546834
14 32 40.596998 -0.332881
15 32 69.068890 -0.248979
16 32 105.725604 -0.218207
17 32 143.864331 -0.211938
18 32 171.139181 -0.214923
19 32 189.057046 -0.218047
20 32 203.891331 -0.219779
21 32 212.975578 -0.222067
22 32 210.822670 -0.223928
23 32 197.974674 -0.223475
24 32 178.391172 -0.221168
25 32 147.036824 -0.217828
26 32 104.457106 -0.214288
27 32 59.670574 -0.214391
28 32 23.902149 -0.239885
29 32 0.000000 0.000000
30 32 0.000000 0.000000
31 32 0.000000 0.000000
32 32 0.000000 0.000000
33 32 0.000000 0.000000
34 32 0.000000 0.000000
35 32 0.000000 0.000000
36 32 0.000000 0.000000
37 32 0.000000 0.000000
38 32 0.000000 0.000000
39 32 0.000000 0.000000
40 32 0.000000 0.000000
41 32 0.000000 0.000000
42 32 0.000000 0.000000
43 32 0.000000 0.000000
44 32 0.000000 0.000000
45 32 0.000000 0.000000
0 31 0.000000 0.000000
1 31 0.000000 0.000000
2 31 0.000000 0.000000
3 31 0.000000 0.000000
4 31 0.000000 0.000000
5 31 0.000000 0.000000
6 31 0.000000 0.000000
7 31 0.000000 0.000000
8 31 0.000000 0.000000
9 31 0.000000 0.000000
10 31 0.000000 0.000000
11 31 0.000000 0.000000
12 31 0.000000 0.000000
13 31 35.990925 -0.338568
14 31 51.174965 -0.241358
15 31 73.552758 -0.182615
16 31 108.827617 -0.165067
17 31 144.121232 -0.165154
18 31 167.270421 -0.169549
19 31 185.385942 -0.172400
20 31 203.103399 -0.173763
21 31 211.115733 -0.175361
22 31 206.398536 -0.176751
23 31 194.983761 -0.176319
24 31 177.375194 -0.173185
25 31 145.407718 -0.166378
26 31 102.772567 -0.153517
27 31 64.842511 -0.127900
28 31 46.053804 -0.090001
29 31 0.000000 0.000000
30 31 0.000000 0.000000
31 31 0.000000 0.000000
32 31 0.000000 0.000000
33 31 0.000000 0.000000
34 31 0.000000 0.000000
35 31 0.000000 0.000000
36 31 0.000000 0.000000
37 31 0.000000 0.000000
38 31 0.000000 0.000000
39 31 0.000000 0.000000
40 31 0.000000 0.000000
41 31 0.000000 0.000000
42 31 0.000000 0.000000
43 31 0.000000 0.000000
44 31 0.000000 0.000000
45 31 0.000000 0.000000
0 30 0.000000 0.000000
1 30 0.000000 0.000000
2 30 0.000000 0.000000
3 30 0.000000 0.000000
4 30 0.000000 0.000000
5 30 0.000000 0.000000
6 30 0.000000 0.000000
7 30 0.000000 0.000000
8 30 0.000000 0.000000
9 30 0.000000 0.000000
10 30 0.000000 0.000000
11 30 0.000000 0.000000
12 30 0.000000 0.000000
13 30 45.604193 -0.208214
14 30 58.216382 -0.147008
15 30 81.166461 -0.112108
16 30 113.095981 -0.108046
17 30 141.367496 -0.114580
18 30 161.019414 -0.121090
19 30 180.245441 -0.124636
20 30 200.518132 -0.126587
21 30 210.538942 -0.128169
22 30 205.886570 -0.129236
23 30 192.880044 -0.128757
24 30 173.566753 -0.124398
25 30 140.642718 -0.112329
26 30 100.341736 -0.086576
27 30 70.800656 -0.036586
28 30 55.568916 0.024311
29 30 0.000000 0.000000
30 30 0.000000 0.000000
31 30 0.000000 0.000000
32 30 0.000000 0.000000
33 30 0.000000 0.000000
34 30 0.000000 0.000000
35 30 0.000000 0.000000
36 30 0.000000 0.000000
37 30 0.000000 0.000000
38 30 0.000000 0.000000
39 30 0.000000 0.000000
40 30 0.000000 0.000000
41 30 0.000000 0.000000
42 30 0.000000 0.000000
43 30 0.000000 0.000000
44 30 0.000000 0.000000
45 30 0.000000 0.000000
0 29 0.000000 0.000000
1 29 0.000000 0.000000
2 29 0.000000 0.000000
3 29 0.000000 0.000000
4 29 0.000000 0.000000
5 29 0.000000 0.000000
6 29 0.000000 0.000000
7 29 0.000000 0.000000
8 29 0.000000 0.000000
9 29 0.000000 0.000000
10 29 0.000000 0.000000
11 29 0.000000 0.000000
12 29 0.000000 0.000000
13 29 46.812307 -0.096427
14 29 65.029581 -0.060223
15 29 91.824237 -0.044992
16 29 119.057228 -0.050131
17 29 140.342381 -0.061185
18 29 158.091271 -0.070046
19 29 179.490497 -0.075278
20 29 201.174803 -0.078657
21 29 211.292163 -0.080998
22 29 205.585996 -0.082097
23 29 189.202745 -0.081067
24 29 166.354757 -0.074427
25 29 134.286555 -0.055475
26 29 100.805931 -0.015720
27 29 79.875487 0.051189
28 29 65.307179 0.131479
29 29 51.683537 0.226674
30 29 0.000000 0.000000
31 29 0.000000 0.000000
32 29 0.000000 0.000000
33 29 0.000000 0.000000
34 29 0.000000 0.000000
35 29 0.000000 0.000000
36 29 0.000000 0.000000
37 29 0.000000 0.000000
38 29 0.000000 0.000000
39 29 0.000000 0.000000
40 29 0.000000 0.000000
41 29 0.000000 0.000000
42 29 0.000000 0.000000
43 29 0.000000 0.000000
44 29 0.000000 0.000000
45 29 0.000000 0.000000
0 28 0.000000 0.000000
1 28 0.000000 0.000000
2 28 0.000000 0.000000
3 28 0.000000 0.000000
4 28 0.000000 0.000000
5 28 0.000000 0.000000
6 28 0.000000 0.000000
7 28 0.000000 0.000000
8 28 0.000000 0.000000
9 28 0.000000 0.000000
10 28 0.000000 0.000000
11 28 0.000000 0.000000
12 28 0.000000 0.000000
13 28 46.287574 0.013653
14 28 68.823202 0.018944
15 28 100.241292 0.018625
16 28 124.063189 0.007456
17 28 140.532642 -0.006780
18 28 157.805519 -0.018542
19 28 181.731044 -0.026580
20 28 204.299410 -0.031843
21 28 213.299689 -0.034834
22 28 205.260908 -0.035481
23 28 184.249080 -0.032883
24 28 157.282597 -0.022724
25 28 127.624117 0.003618
26 28 102.367156 0.054784
27 28 88.383537 0.129985
28 28 76.200168 0.216153
29 28 59.105816 0.314924
30 28 45.698469 0.444786
31 28 0.000000 0.000000
32 28 0.000000 0.000000
33 28 0.000000 0.000000
34 28 0.000000 0.000000
35 28 0.000000 0.000000
36 28 0.000000 0.000000
37 28 0.000000 0.000000
38 28 0.000000 0.000000
39 28 0.000000 0.000000
40 28 0.000000 0.000000
41 28 0.000000 0.000000
42 28 0.000000 0.000000
43 28 0.000000 0.000000
44 28 0.000000 0.000000
45 28 0.000000 0.000000
0 27 0.000000 0.000000
1 27 0.000000 0.000000
2 27 0.000000 0.000000
3 27 0.000000 0.000000
4 27 0.000000 0.000000
5 27 0.000000 0.000000
6 27 0.000000 0.000000
7 27 0.000000 0.000000
8 27 0.000000 0.000000
9 27 0.000000 0.000000
10 27 0.000000 0.000000
11 27 0.000000 0.000000
12 27 0.000000 0.000000
13 27 46.495505 0.119363
14 27 70.414501 0.093804
15 27 105.936850 0.080748
16 27 128.186710 0.064808
17 27 142.045859 0.047933
18 27 158.345272 0.032930
19 27 181.201921 0.021493
20 27 202.143340 0.014072
21 27 210.664342 0.010423
22 27 202.944986 0.010503
23 27 180.274231 0.015524
24 27 151.287966 0.030136
25 27 123.373713 0.063194
26 27 102.917259 0.122657
27 27 93.259417 0.204064
28 27 85.532765 0.294008
29 27 72.082024 0.392882
30 27 57.223265 0.510363
31 27 47.818626 0.649316
32 27 0.000000 0.000000
33 27 0.000000 0.000000
34 27 0.000000 0.000000
35 27 0.000000 0.000000
36 27 0.000000 0.000000
37 27 0.000000 0.000000
38 27 0.000000 0.000000
39 27 0.000000 0.000000
40 27 0.000000 0.000000
41 27 0.000000 0.000000
42 27 0.000000 0.000000
43 27 0.000000 0.000000
44 27 0.000000 0.000000
45 27 0.000000 0.000000
0 26 0.000000 0.000000
1 26 0.000000 0.000000
2 26 0.000000 0.000000
3 26 0.000000 0.000000
4 26 0.000000 0.000000
5 26 0.000000 0.000000
6 26 0.000000 0.000000
7 26 0.000000 0.000000
8 26 0.000000 0.000000
9 26 0.000000 0.000000
10 26 0.000000 0.000000
11 26 0.000000 0.000000
12 26 0.000000 0.000000
13 26 48.210505 0.213801
14 26 72.233942 0.166604
15 26 109.253101 0.142636
16 26 131.181721 0.121621
17 26 144.889899 0.101948
18 26 159.604446 0.084354
19 26 178.078695 0.070447
20 26 194.897522 0.061261
21 26 202.444301 0.056678
22 26 196.900168 0.056764
23 26 177.922859 0.063348
24 26 151.470236 0.081201
25 26 124.062053 0.118955
26 26 104.826909 0.184160
27 26 97.199757 0.270722
28 26 92.466954 0.364632
29 26 85.858318 0.462189
30 26 75.154358 0.563243
31 26 58.270626 0.676184
32 26 50.309076 0.816116
33 26 0.000000 0.000000
34 26 0.000000 0.000000
35 26 0.000000 0.000000
36 26 0.000000 0.000000
37 26 0.000000 0.000000
38 26 0.000000 0.000000
39 26 0.000000 0.000000
40 26 0.000000 0.000000
41 26 0.000000 0.000000
42 26 0.000000 0.000000
43 26 0.000000 0.000000
44 26 0.000000 0.000000
45 26 0.000000 0.000000
0 25 0.000000 0.000000
1 25 0.000000 0.000000
2 25 0.000000 0.000000
3 25 0.000000 0.000000
4 25 0.000000 0.000000
5 25 0.000000 0.000000
6 25 0.000000 0.000000
7 25 0.000000 0.000000
8 25 0.000000 0.000000
9 25 0.000000 0.000000
10 25 0.000000 0.000000
11 25 0.000000 0.000000
12 25 0.000000 0.000000
13 25 53.974311 0.295533
14 25 77.173608 0.239934
15 25 111.517465 0.205682
16 25 131.713358 0.178883
17 25 145.126425 0.155770
18 25 159.263157 0.135876
19 25 175.681205 0.120431
20 25 190.222785 0.110150
21 25 196.603473 0.104536
22 25 191.743663 0.103624
23 25 176.793603 0.109532
24 25 154.275031 0.127227
25 25 127.367591 0.166264
26 25 107.241122 0.234447
27 25 98.420060 0.326613
28 25 93.978311 0.428626
29 25 91.529611 0.529570
30 25 87.579731 0.622626
31 25 70.991152 0.711858
32 25 59.447219 0.817448
33 25 0.000000 0.000000
34 25 0.000000 0.000000
35 25 0.000000 0.000000
36 25 0.000000 0.000000
37 25 0.000000 0.000000
38 25 0.000000 0.000000
39 25 0.000000 0.000000
40 25 0.000000 0.000000
41 25 0.000000 0.000000
42 25 0.000000 0.000000
43 25 0.000000 0.000000
44 25 0.000000 0.000000
45 25 0.000000 0.000000
0 24 0.000000 0.000000
1 24 0.000000 0.000000
2 24 0.000000 0.000000
3 24 0.000000 0.000000
4 24 0.000000 0.000000
5 24 0.000000 0.000000
6 24 0.000000 0.000000
7 24 0.000000 0.000000
8 24 0.000000 0.000000
9 24 0.000000 0.000000
10 24 0.000000 0.000000
11 24 0.000000 0.000000
12 24 0.000000 0.000000
13 24 63.127545 0.369882
14 24 87.050164 0.310565
15 24 115.676500 0.268493
16 24 132.400945 0.236952
17 24 144.725344 0.210463
18 24 158.378747 0.188001
19 24 174.119834 0.170685
20 24 188.547543 0.159018
21 24 194.266358 0.152241
22 24 187.931330 0.150106
23 24 173.327582 0.154027
24 24 151.751864 0.168472
25 24 124.282167 0.204800
26 24 100.491093 0.274281
27 24 87.924029 0.378214
28 24 86.239264 0.498098
29 24 90.680513 0.605823
30 24 92.634420 0.695104
31 24 81.788625 0.772642
32 24 71.754709 0.848223
33 24 0.000000 0.000000
34 24 0.000000 0.000000
35 24 0.000000 0.000000
36 24 0.000000 0.000000
37 24 0.000000 0.000000
38 24 0.000000 0.000000
39 24 0.000000 0.000000
40 24 0.000000 0.000000
41 24 0.000000 0.000000
42 24 0.000000 0.000000
43 24 0.000000 0.000000
44 24 0.000000 0.000000
45 24 0.000000 0.000000
0 23 0.000000 0.000000
1 23 0.000000 0.000000
2 23 0.000000 0.000000
3 23 0.000000 0.000000
4 23 0.000000 0.000000
5 23 0.000000 0.000000
6 23 0.000000 0.000000
7 23 0.000000 0.000000
8 23 0.000000 0.000000
9 23 0.000000 0.000000
10 23 0.000000 0.000000
11 23 0.000000 0.000000
12 23 61.949782 0.547031
13 23 72.962816 0.445811
14 23 97.175333 0.375027
15 23 121.015357 0.327844
16 23 136.072561 0.293312
17 23 147.595566 0.264335
18 23 159.696080 0.239723
19 23 173.573180 0.220532
20 23 186.463704 0.207157
21 23 190.691153 0.199185
22 23 182.997394 0.196302
23 23 167.226810 0.198695
24 23 143.657835 0.209218
25 23 113.286127 0.239167
26 23 83.427869 0.308092
27 23 66.829836 0.434145
28 23 71.687975 0.584778
29 23 85.844114 0.694859
30 23 95.837083 0.777545
31 23 90.075744 0.845863
32 23 80.681733 0.902594
33 23 0.000000 0.000000
34 23 0.000000 0.000000
35 23 0.000000 0.000000
36 23 0.000000 0.000000
37 23 0.000000 0.000000
38 23 0.000000 0.000000
39 23 0.000000 0.000000
40 23 0.000000 0.000000
41 23 0.000000 0.000000
42 23 0.000000 0.000000
43 23 0.000000 0.000000
44 23 0.000000 0.000000
45 23 0.000000 0.000000
0 22 0.000000 0.000000
1 22 0.000000 0.000000
2 22 0.000000 0.000000
3 22 0.000000 0.000000
4 22 0.000000 0.000000
5 22 0.000000 0.000000
6 22 0.000000 0.000000
7 22 0.000000 0.000000
8 22 0.000000 0.000000
9 22 0.000000 0.000000
10 22 52.418381 0.872619
11 22 57.811388 0.736830
12 22 69.569746 0.601473
13 22 83.605546 0.501752
14 22 105.611219 0.430396
15 22 126.760633 0.381928
16 22 141.372943 0.345917
17 22 151.477284 0.315527
18 22 161.765542 0.289641
19 22 173.670764 0.269277
20 22 183.409155 0.254794
21 22 185.416385 0.246060
22 22 178.075130 0.242778
23 22 161.952992 0.244546
24 22 136.372555 0.253147
25 22 103.490213 0.277186
26 22 73.439519 0.341443
27 22 48.454775 0.486607
28 22 52.242935 0.692710
29 22 71.336386 0.800331
30 22 91.844855 0.870098
31 22 94.296107 0.928727
32 22 85.490452 0.972245
33 22 0.000000 0.000000
34 22 0.000000 0.000000
35 22 0.000000 0.000000
36 22 0.000000 0.000000
37 22 0.000000 0.000000
38 22 0.000000 0.000000
39 22 0.000000 0.000000
40 22 0.000000 0.000000
41 22 0.000000 0.000000
42 22 0.000000 0.000000
43 22 0.000000 0.000000
44 22 0.000000 0.000000
45 22 0.000000 0.000000
0 21 0.000000 0.000000
1 21 0.000000 0.000000
2 21 0.000000 0.000000
3 21 0.000000 0.000000
4 21 0.000000 0.000000
5 21 0.000000 0.000000
6 21 0.000000 0.000000
7 21 0.000000 0.000000
8 21 0.000000 0.000000
9 21 0.000000 0.000000
10 21 56.879991 0.871412
11 21 62.045525 0.744662
12 21 79.761337 0.628820
13 21 97.133539 0.543481
14 21 115.055154 0.478133
15 21 133.414725 0.430749
16 21 146.653076 0.394632
17 21 154.641873 0.364016
18 21 162.907429 0.337662
19 21 172.683025 0.316707
20 21 179.987853 0.301817
21 21 180.569057 0.292789
22 21 173.444814 0.289163
23 21 157.295606 0.290789
24 21 131.324159 0.299002
25 21 96.053292 0.317578
26 21 68.561225 0.360504
27 21 0.000000 0.000000
28 21 44.170507 0.870906
29 21 56.403578 0.940711
30 21 79.560153 0.978169
31 21 92.074899 1.000000
32 21 86.071703 1.000000
33 21 0.000000 0.000000
34 21 0.000000 0.000000
35 21 0.000000 0.000000
36 21 0.000000 0.000000
37 21 0.000000 0.000000
38 21 0.000000 0.000000
39 21 0.000000 0.000000
40 21 0.000000 0.000000
41 21 0.000000 0.000000
42 21 0.000000 0.000000
43 21 0.000000 0.000000
44 21 0.000000 0.000000
45 21 0.000000 0.000000
0 20 0.000000 0.000000
1 20 0.000000 0.000000
2 20 0.000000 0.000000
3 20 0.000000 0.000000
4 20 0.000000 0.000000
5 20 0.000000 0.000000
6 20 0.000000 0.000000
7 20 0.000000 0.000000
8 20 0.000000 0.000000
9 20 0.000000 0.000000
10 20 60.382579 0.886004
11 20 65.062805 0.767731
12 20 84.539763 0.660047
13 20 102.791881 0.581808
14 20 118.563054 0.521257
15 20 135.286767 0.475844
16 20 148.063117 0.440535
17 20 155.278965 0.410560
18 20 161.549564 0.384519
19 20 168.649587 0.363552
20 20 173.688721 0.348638
21 20 172.757269 0.339618
22 20 165.008285 0.335944
23 20 148.940924 0.337981
24 20 122.695383 0.347996
25 20 85.731388 0.371906
26 20 61.884226 0.424438
27 20 0.000000 0.000000
28 20 0.000000 0.000000
29 20 48.836282 1.000000
30 20 68.637160 1.000000
31 20 87.367329 1.000000
32 20 85.299330 1.000000
33 20 0.000000 0.000000
34 20 0.000000 0.000000
35 20 0.000000 0.000000
36 20 0.000000 0.000000
37 20 0.000000 0.000000
38 20 0.000000 0.000000
39 20 0.000000 0.000000
40 20 0.000000 0.000000
41 20 0.000000 0.000000
42 20 0.000000 0.000000
43 20 0.000000 0.000000
44 20 0.000000 0.000000
45 20 0.000000 0.000000
0 19 0.000000 0.000000
1 19 0.000000 0.000000
2 19 0.000000 0.000000
3 19 0.000000 0.000000
4 19 0.000000 0.000000
5 19 0.000000 0.000000
6 19 0.000000 0.000000
7 19 0.000000 0.000000
8 19 0.000000 0.000000
9 19 0.000000 0.000000
10 19 61.041935 0.928153
11 19 61.024099 0.818226
12 19 76.129651 0.704076
13 19 94.739417 0.625293
14 19 110.880017 0.567703
15 19 127.244411 0.523544
16 19 140.834932 0.487842
17 19 149.898625 0.457517
18 19 156.474203 0.431707
19 19 161.758815 0.411277
20 19 164.326167 0.396963
21 19 161.939118 0.388524
22 19 153.324665 0.385276
23 19 136.042462 0.388380
24 19 108.451003 0.402134
25 19 70.964505 0.435821
26 19 50.001849 0.512934
27 19 0.000000 0.000000
28 19 0.000000 0.000000
29 19 48.284027 1.000000
30 19 66.983135 1.000000
31 19 82.986645 1.000000
32 19 84.422492 1.000000
33 19 0.000000 0.000000
34 19 0.000000 0.000000
35 19 0.000000 0.000000
36 19 0.000000 0.000000
37 19 0.000000 0.000000
38 19 0.000000 0.000000
39 19 0.000000 0.000000
40 19 0.000000 0.000000
41 19 0.000000 0.000000
42 19 0.000000 0.000000
43 19 0.000000 0.000000
44 19 0.000000 0.000000
45 19 0.000000 0.000000
0 18 0.000000 0.000000
1 18 0.000000 0.000000
2 18 0.000000 0.000000
3 18 0.000000 0.000000
4 18 0.000000 0.000000
5 18 0.000000 0.000000
6 18 0.000000 0.000000
7 18 0.000000 0.000000
8 18 0.000000 0.000000
9 18 0.000000 0.000000
10 18 61.014806 0.970388
11 18 59.858987 0.871443
12 18 70.056516 0.761501
13 18 85.335558 0.682721
14 18 102.341087 0.626718
15 18 117.322541 0.580916
16 18 129.478167 0.541549
17 18 139.058693 0.508052
18 18 146.941045 0.480868
19 18 152.539048 0.460749
20 18 154.789553 0.447515
21 18 152.155136 0.440165
22 18 141.447846 0.438146
23 18 121.155728 0.444130
24 18 93.046981 0.465583
25 18 56.752171 0.518357
26 18 41.644435 0.641444
27 18 0.000000 0.000000
28 18 0.000000 0.000000
29 18 0.000000 0.000000
30 18 70.432939 1.000000
31 18 82.368194 1.000000
32 18 85.841550 1.000000
33 18 0.000000 0.000000
34 18 0.000000 0.000000
35 18 0.000000 0.000000
36 18 0.000000 0.000000
37 18 0.000000 0.000000
38 18 0.000000 0.000000
39 18 0.000000 0.000000
40 18 0.000000 0.000000
41 18 0.000000 0.000000
42 18 0.000000 0.000000
43 18 0.000000 0.000000
44 18 0.000000 0.000000
45 18 0.000000 0.000000
0 17 0.000000 0.000000
1 17 0.000000 0.000000
2 17 0.000000 0.000000
3 17 0.000000 0.000000
4 17 0.000000 0.000000
5 17 0.000000 0.000000
6 17 0.000000 0.000000
7 17 0.000000 0.000000
8 17 0.000000 0.000000
9 17 0.000000 0.000000
10 17 0.000000 0.000000
11 17 0.000000 0.000000
12 17 70.076730 0.815596
13 17 82.237559 0.751426
14 17 99.347250 0.695917
15 17 110.741465 0.647275
16 17 117.477508 0.603487
17 17 122.679564 0.565432
18 17 128.439354 0.535338
19 17 134.258221 0.514586
20 17 137.403029 0.502037
21 17 134.455334 0.495896
22 17 121.828645 0.496372
23 17 100.203488 0.507811
24 17 72.350022 0.542884
25 17 45.356644 0.626439
26 17 39.055982 0.774336
27 17 0.000000 0.000000
28 17 0.000000 0.000000
29 17 0.000000 0.000000
30 17 0.000000 0.000000
31 17 0.000000 0.000000
32 17 0.000000 0.000000
33 17 0.000000 0.000000
34 17 0.000000 0.000000
35 17 0.000000 0.000000
36 17 0.000000 0.000000
37 17 0.000000 0.000000
38 17 0.000000 0.000000
39 17 0.000000 0.000000
40 17 0.000000 0.000000
41 17 0.000000 0.000000
42 17 0.000000 0.000000
43 17 0.000000 0.000000
44 17 0.000000 0.000000
45 17 0.000000 0.000000
0 16 0.000000 0.000000
1 16 0.000000 0.000000
2 16 0.000000 0.000000
3 16 0.000000 0.000000
4 16 0.000000 0.000000
5 16 0.000000 0.000000
6 16 0.000000 0.000000
7 16 0.000000 0.000000
8 16 0.000000 0.000000
9 16 0.000000 0.000000
10 16 0.000000 0.000000
11 16 0.000000 0.000000
12 16 73.169989 0.891516
13 16 80.240192 0.833813
14 16 91.589481 0.774498
15 16 98.001560 0.722446
16 16 101.166340 0.675580
17 16 102.463943 0.635215
18 16 103.488471 0.604009
19 16 106.528391 0.582589
20 16 109.096517 0.570026
21 16 105.275029 0.565625
22 16 91.182242 0.571249
23 16 67.432376 0.594227
24 16 48.221567 0.661466
25 16 40.010606 0.757779
26 16 0.000000 0.000000
27 16 0.000000 0.000000
28 16 0.000000 0.000000
29 16 0.000000 0.000000
30 16 0.000000 0.000000
31 16 0.000000 0.000000
32 16 0.000000 0.000000
33 16 0.000000 0.000000
34 16 0.000000 0.000000
35 16 0.000000 0.000000
36 16 0.000000 0.000000
37 16 0.000000 0.000000
38 16 0.000000 0.000000
39 16 0.000000 0.000000
40 16 0.000000 0.000000
41 16 0.000000 0.000000
42 16 0.000000 0.000000
43 16 0.000000 0.000000
44 16 0.000000 0.000000
45 16 0.000000 0.000000
0 15 0.000000 0.000000
1 15 0.000000 0.000000
2 15 0.000000 0.000000
3 15 0.000000 0.000000
4 15 0.000000 0.000000
5 15 0.000000 0.000000
6 15 0.000000 0.000000
7 15 0.000000 0.000000
8 15 0.000000 0.000000
9 15 0.000000 0.000000
10 15 0.000000 0.000000
11 15 0.000000 0.000000
12 15 80.662377 0.969977
13 15 79.571628 0.928651
14 15 77.651896 0.875905
15 15 75.111083 0.823522
16 15 75.473250 0.770963
17 15 78.791345 0.727795
18 15 81.226615 0.700153
19 15 81.800305 0.681910
20 15 80.606489 0.670341
21 15 73.965252 0.671119
22 15 58.556395 0.694988
23 15 38.416520 0.767633
24 15 36.701734 0.899045
25 15 0.000000 0.000000
26 15 0.000000 0.000000
27 15 0.000000 0.000000
28 15 0.000000 0.000000
29 15 0.000000 0.000000
30 15 0.000000 0.000000
31 15 0.000000 0.000000
32 15 0.000000 0.000000
33 15 0.000000 0.000000
34 15 0.000000 0.000000
35 15 0.000000 0.000000
36 15 0.000000 0.000000
37 15 0.000000 0.000000
38 15 0.000000 0.000000
39 15 0.000000 0.000000
40 15 0.000000 0.000000
41 15 0.000000 0.000000
42 15 0.000000 0.000000
43 15 0.000000 0.000000
44 15 0.000000 0.000000
45 15 0.000000 0.000000
0 14 0.000000 0.000000
1 14 0.000000 0.000000
2 14 0.000000 0.000000
3 14 0.000000 0.000000
4 14 0.000000 0.000000
5 14 0.000000 0.000000
6 14 0.000000 0.000000
7 14 0.000000 0.000000
8 14 0.000000 0.000000
9 14 0.000000 0.000000
10 14 0.000000 0.000000
11 14 0.000000 0.000000
12 14 96.701001 1.000000
13 14 95.065748 1.000000
14 14 84.493678 0.995612
15 14 69.298108 0.976588
16 14 56.891246 0.931462
17 14 54.439069 0.872080
18 14 60.688948 0.839435
19 14 63.407114 0.827744
20 14 58.535644 0.829874
21 14 49.726992 0.856943
22 14 43.419542 0.934090
23 14 43.073389 1.000000
24 14 38.524083 1.000000
25 14 0.000000 0.000000
26 14 0.000000 0.000000
27 14 0.000000 0.000000
28 14 0.000000 0.000000
29 14 0.000000 0.000000
30 14 0.000000 0.000000
31 14 0.000000 0.000000
32 14 0.000000 0.000000
33 14 0.000000 0.000000
34 14 0.000000 0.000000
35 14 0.000000 0.000000
36 14 0.000000 0.000000
37 14 0.000000 0.000000
38 14 0.000000 0.000000
39 14 0.000000 0.000000
40 14 0.000000 0.000000
41 14 0.000000 0.000000
42 14 0.000000 0.000000
43 14 0.000000 0.000000
44 14 0.000000 0.000000
45 14 0.000000 0.000000
0 13 0.000000 0.000000
1 13 0.000000 0.000000
2 13 0.000000 0.000000
3 13 0.000000 0.000000
4 13 0.000000 0.000000
5 13 0.000000 0.000000
6 13 0.000000 0.000000
7 13 0.000000 0.000000
8 13 0.000000 0.000000
9 13 0.000000 0.000000
10 13 0.000000 0.000000
11 13 0.000000 0.000000
12 13 0.000000 0.000000
13 13 119.304583 1.000000
14 13 108.169890 1.000000
15 13 92.417362 1.000000
16 13 68.693754 1.000000
17 13 50.918437 1.000000
18 13 47.375338 1.000000
19 13 49.435260 1.000000
20 13 49.439367 1.000000
21 13 49.292171 1.000000
22 13 50.107597 1.000000
23 13 48.771724 1.000000
24 13 0.000000 0.000000
25 13 0.000000 0.000000
26 13 0.000000 0.000000
27 13 0.000000 0.000000
28 13 0.000000 0.000000
29 13 0.000000 0.000000
30 13 0.000000 0.000000
31 13 0.000000 0.000000
32 13 0.000000 0.000000
33 13 0.000000 0.000000
34 13 0.000000 0.000000
35 13 0.000000 0.000000
36 13 0.000000 0.000000
37 13 0.000000 0.000000
38 13 0.000000 0.000000
39 13 0.000000 0.000000
40 13 0.000000 0.000000
41 13 0.000000 0.000000
42 13 0.000000 0.000000
43 13 0.000000 0.000000
44 13 0.000000 0.000000
45 13 0.000000 0.000000
0 12 0.000000 0.000000
1 12 0.000000 0.000000
2 12 0.000000 0.000000
3 12 0.000000 0.000000
4 12 0.000000 0.000000
5 12 0.000000 0.000000
6 12 0.000000 0.000000
7 12 0.000000 0.000000
8 12 0.000000 0.000000
9 12 0.000000 0.000000
10 12 0.000000 0.000000
11 12 0.000000 0.000000
12 12 0.000000 0.000000
13 12 0.000000 0.000000
14 12 0.000000 0.000000
15 12 126.297219 1.000000
16 12 99.101686 1.000000
17 12 66.242623 1.000000
18 12 51.469477 1.000000
19 12 48.741900 1.000000
20 12 53.739082 1.000000
21 12 62.506407 1.000000
22 12 64.590195 1.000000
23 12 0.000000 0.000000
24 12 0.000000 0.000000
25 12 0.000000 0.000000
26 12 0.000000 0.000000
27 12 0.000000 0.000000
28 12 0.000000 0.000000
29 12 0.000000 0.000000
30 12 0.000000 0.000000
31 12 0.000000 0.000000
32 12 0.000000 0.000000
33 12 0.000000 0.000000
34 12 0.000000 0.000000
35 12 0.000000 0.000000
36 12 0.000000 0.000000
37 12 0.000000 0.000000
38 12 0.000000 0.000000
39 12 0.000000 0.000000
40 12 0.000000 0.000000
41 12 0.000000 0.000000
42 12 0.000000 0.000000
43 12 0.000000 0.000000
44 12 0.000000 0.000000
45 12 0.000000 0.000000
0 11 0.000000 0.000000
1 11 0.000000 0.000000
2 11 0.000000 0.000000
3 11 0.000000 0.000000
4 11 0.000000 0.000000
5 11 0.000000 0.000000
6 11 0.000000 0.000000
7 11 0.000000 0.000000
8 11 0.000000 0.000000
9 11 0.000000 0.000000
10 11 0.000000 0.000000
11 11 0.000000 0.000000
12 11 0.000000 0.000000
13 11 0.000000 0.000000
14 11 0.000000 0.000000
15 11 0.000000 0.000000
16 11 130.756424 1.000000
17 11 86.465642 1.000000
18 11 58.818443 1.000000
19 11 54.803672 1.000000
20 11 63.547284 1.000000
21 11 78.280346 1.000000
22 11 0.000000 0.000000
23 11 0.000000 0.000000
24 11 0.000000 0.000000
25 11 0.000000 0.000000
26 11 0.000000 0.000000
27 11 0.000000 0.000000
28 11 0.000000 0.000000
29 11 0.000000 0.000000
30 11 0.000000 0.000000
31 11 0.000000 0.000000
32 11 0.000000 0.000000
33 11 0.000000 0.000000
34 11 0.000000 0.000000
35 11 0.000000 0.000000
36 11 0.000000 0.000000
37 11 0.000000 0.000000
38 11 0.000000 0.000000
39 11 0.000000 0.000000
40 11 0.000000 0.000000
41 11 0.000000 0.000000
42 11 0.000000 0.000000
43 11 0.000000 0.000000
44 11 0.000000 0.000000
45 11 0.000000 0.000000
0 10 0.000000 0.000000
1 10 0.000000 0.000000
2 10 0.000000 0.000000
3 10 0.000000 0.000000
4 10 0.000000 0.000000
5 10 0.000000 0.000000
6 10 0.000000 0.000000
7 10 0.000000 0.000000
8 10 0.000000 0.000000
9 10 0.000000 0.000000
10 10 0.000000 0.000000
11 10 0.000000 0.000000
12 10 0.000000 0.000000
13 10 0.000000 0.000000
14 10 0.000000 0.000000
15 10 0.000000 0.000000
16 10 0.000000 0.000000
17 10 0.000000 0.000000
18 10 0.000000 0.000000
19 10 0.000000 0.000000
20 10 0.000000 0.000000
21 10 0.000000 0.000000
22 10 0.000000 0.000000
23 10 0.000000 0.000000
24 10 0.000000 0.000000
25 10 0.000000 0.000000
26 10 0.000000 0.000000
27 10 0.000000 0.000000
28 10 0.000000 0.000000
29 10 0.000000 0.000000
30 10 0.000000 0.000000
31 10 0.000000 0.000000
32 10 0.000000 0.000000
33 10 0.000000 0.000000
34 10 0.000000 0.000000
35 10 0.000000 0.000000
36 10 0.000000 0.000000
37 10 0.000000 0.000000
38 10 0.000000 0.000000
39 10 0.000000 0.000000
40 10 0.000000 0.000000
41 10 0.000000 0.000000
42 10 0.000000 0.000000
43 10 0.000000 0.000000
44 10 0.000000 0.000000
45 10 0.000000 0.000000
0 9 0.000000 0.000000
1 9 0.000000 0.000000
2 9 0.000000 0.000000
3 9 0.000000 0.000000
4 9 0.000000 0.000000
5 9 0.000000 0.000000
6 9 0.000000 0.000000
7 9 0.000000 0.000000
8 9 0.000000 0.000000
9 9 0.000000 0.000000
10 9 0.000000 0.000000
11 9 0.000000 0.000000
12 9 0.000000 0.000000
13 9 0.000000 0.000000
14 9 0.000000 0.000000
15 9 0.000000 0.000000
16 9 0.000000 0.000000
17 9 0.000000 0.000000
18 9 0.000000 0.000000
19 9 0.000000 0.000000
20 9 0.000000 0.000000
21 9 0.000000 0.000000
22 9 0.000000 0.000000
23 9 0.000000 0.000000
24 9 0.000000 0.000000
25 9 0.000000 0.000000
26 9 0.000000 0.000000
27 9 0.000000 0.000000
28 9 0.000000 0.000000
29 9 0.000000 0.000000
30 9 0.000000 0.000000
31 9 0.000000 0.000000
32 9 0.000000 0.000000
33 9 0.000000 0.000000
34 9 0.000000 0.000000
35 9 0.000000 0.000000
36 9 0.000000 0.000000
37 9 0.000000 0.000000
38 9 0.000000 0.000000
39 9 0.000000 0.000000
40 9 0.000000 0.000000
41 9 0.000000 0.000000
42 9 0.000000 0.000000
43 9 0.000000 0.000000
44 9 0.000000 0.000000
45 9 0.000000 0.000000
0 8 0.000000 0.000000
1 8 0.000000 0.000000
2 8 0.000000 0.000000
3 8 0.000000 0.000000
4 8 0.000000 0.000000
5 8 0.000000 0.000000
6 8 0.000000 0.000000
7 8 0.000000 0.000000
8 8 0.000000 0.000000
9 8 0.000000 0.000000
10 8 0.000000 0.000000
11 8 0.000000 0.000000
12 8 0.000000 0.000000
13 8 0.000000 0.000000
14 8 0.000000 0.000000
15 8 0.000000 0.000000
16 8 0.000000 0.000000
17 8 0.000000 0.000000
18 8 0.000000 0.000000
19 8 0.000000 0.000000
20 8 0.000000 0.000000
21 8 0.000000 0.000000
22 8 0.000000 0.000000
23 8 0.000000 0.000000
24 8 0.000000 0.000000
25 8 0.000000 0.000000
26 8 0.000000 0.000000
27 8 0.000000 0.000000
28 8 0.000000 0.000000
29 8 0.000000 0.000000
30 8 0.000000 0.000000
31 8 0.000000 0.000000
32 8 0.000000 0.000000
33 8 0.000000 0.000000
34 8 0.000000 0.000000
35 8 0.000000 0.000000
36 8 0.000000 0.000000
37 8 0.000000 0.000000
38 8 0.000000 0.000000
39 8 0.000000 0.000000
40 8 0.000000 0.000000
41 8 0.000000 0.000000
42 8 0.000000 0.000000
43 8 0.000000 0.000000
44 8 0.000000 0.000000
45 8 0.000000 0.000000
0 7 0.000000 0.000000
1 7 0.000000 0.000000
2 7 0.000000 0.000000
3 7 0.000000 0.000000
4 7 0.000000 0.000000
5 7 0.000000 0.000000
6 7 0.000000 0.000000
7 7 0.000000 0.000000
8 7 0.000000 0.000000
9 7 0.000000 0.000000
10 7 0.000000 0.000000
11 7 0.000000 0.000000
12 7 0.000000 0.000000
13 7 0.000000 0.000000
14 7 0.000000 0.000000
15 7 0.000000 0.000000
16 7 0.000000 0.000000
17 7 0.000000 0.000000
18 7 0.000000 0.000000
19 7 0.000000 0.000000
20 7 0.000000 0.000000
21 7 0.000000 0.000000
22 7 0.000000 0.000000
23 7 0.000000 0.000000
24 7 0.000000 0.000000
25 7 0.000000 0.000000
26 7 0.000000 0.000000
27 7 0.000000 0.000000
28 7 0.000000 0.000000
29 7 0.000000 0.000000
30 7 0.000000 0.000000
31 7 0.000000 0.000000
32 7 0.000000 0.000000
33 7 0.000000 0.000000
34 7 0.000000 0.000000
35 7 0.000000 0.000000
36 7 0.000000 0.000000
37 7 0.000000 0.000000
38 7 0.000000 0.000000
39 7 0.000000 0.000000
40 7 0.000000 0.000000
41 7 0.000000 0.000000
42 7 0.000000 0.000000
43 7 0.000000 0.000000
44 7 0.000000 0.000000
45 7 0.000000 0.000000
0 6 0.000000 0.000000
1 6 0.000000 0.000000
2 6 0.000000 0.000000
3 6 0.000000 0.000000
4 6 0.000000 0.000000
5 6 0.000000 0.000000
6 6 0.000000 0.000000
7 6 0.000000 0.000000
8 6 0.000000 0.000000
9 6 0.000000 0.000000
10 6 0.000000 0.000000
11 6 0.000000 0.000000
12 6 0.000000 0.000000
13 6 0.000000 0.000000
14 6 0.000000 0.000000
15 6 0.000000 0.000000
16 6 0.000000 0.000000
17 6 0.000000 0.000000
18 6 0.000000 0.000000
19 6 0.000000 0.000000
20 6 0.000000 0.000000
21 6 0.000000 0.000000
22 6 0.000000 0.000000
23 6 0.000000 0.000000
24 6 0.000000 0.000000
25 6 0.000000 0.000000
26 6 0.000000 0.000000
27 6 0.000000 0.000000
28 6 0.000000 0.000000
29 6 0.000000 0.000000
30 6 0.000000 0.000000
31 6 0.000000 0.000000
32 6 0.000000 0.000000
33 6 0.000000 0.000000
34 6 0.000000 0.000000
35 6 0.000000 0.000000
36 6 0.000000 0.000000
37 6 0.000000 0.000000
38 6 0.000000 0.000000
39 6 0.000000 0.000000
40 6 0.000000 0.000000
41 6 0.000000 0.000000
42 6 0.000000 0.000000
43 6 0.000000 0.000000
44 6 0.000000 0.000000
45 6 0.000000 0.000000
0 5 0.000000 0.000000
1 5 0.000000 0.000000
2 5 0.000000 0.000000
3 5 0.000000 0.000000
4 5 0.000000 0.000000
5 5 0.000000 0.000000
6 5 0.000000 0.000000
7 5 0.000000 0.000000
8 5 0.000000 0.000000
9 5 0.000000 0.000000
10 5 0.000000 0.000000
11 5 0.000000 0.000000
12 5 0.000000 0.000000
13 5 0.000000 0.000000
14 5 0.000000 0.000000
15 5 0.000000 0.000000
16 5 0.000000 0.000000
17 5 0.000000 0.000000
18 5 0.000000 0.000000
19 5 0.000000 0.000000
20 5 0.000000 0.000000
21 5 0.000000 0.000000
22 5 0.000000 0.000000
23 5 0.000000 0.000000
24 5 0.000000 0.000000
25 5 0.000000 0.000000
26 5 0.000000 0.000000
27 5 0.000000 0.000000
28 5 0.000000 0.000000
29 5 0.000000 0.000000
30 5 0.000000 0.000000
31 5 0.000000 0.000000
32 5 0.000000 0.000000
33 5 0.000000 0.000000
34 5 0.000000 0.000000
35 5 0.000000 0.000000
36 5 0.000000 0.000000
37 5 0.000000 0.000000
38 5 0.000000 0.000000
39 5 0.000000 0.000000
40 5 0.000000 0.000000
41 5 0.000000 0.000000
42 5 0.000000 0.000000
43 5 0.000000 0.000000
44 5 0.000000 0.000000
45 5 0.000000 0.000000
0 4 0.000000 0.000000
1 4 0.000000 0.000000
2 4 0.000000 0.000000
3 4 0.000000 0.000000
4 4 0.000000 0.000000
5 4 0.000000 0.000000
6 4 0.000000 0.000000
7 4 0.000000 0.000000
8 4 0.000000 0.000000
9 4 0.000000 0.000000
10 4 0.000000 0.000000
11 4 0.000000 0.000000
12 4 0.000000 0.000000
13 4 0.000000 0.000000
14 4 0.000000 0.000000
15 4 0.000000 0.000000
16 4 0.000000 0.000000
17 4 0.000000 0.000000
18 4 0.000000 0.000000
19 4 0.000000 0.000000
20 4 0.000000 0.000000
21 4 0.000000 0.000000
22 4 0.000000 0.000000
23 4 0.000000 0.000000
24 4 0.000000 0.000000
25 4 0.000000 0.000000
26 4 0.000000 0.000000
27 4 0.000000 0.000000
28 4 0.000000 0.000000
29 4 0.000000 0.000000
30 4 0.000000 0.000000
31 4 0.000000 0.000000
32 4 0.000000 0.000000
33 4 0.000000 0.000000
34 4 0.000000 0.000000
35 4 0.000000 0.000000
36 4 0.000000 0.000000
37 4 0.000000 0.000000
38 4 0.000000 0.000000
39 4 0.000000 0.000000
40 4 0.000000 0.000000
41 4 0.000000 0.000000
42 4 0.000000 0.000000
43 4 0.000000 0.000000
44 4 0.000000 0.000000
45 4 0.000000 0.000000
0 3 0.000000 0.000000
1 3 0.000000 0.000000
2 3 0.000000 0.000000
3 3 0.000000 0.000000
4 3 0.000000 0.000000
5 3 0.000000 0.000000
6 3 0.000000 0.000000
7 3 0.000000 0.000000
8 3 0.000000 0.000000
9 3 0.000000 0.000000
10 3 0.000000 0.000000
11 3 0.000000 0.000000
12 3 0.000000 0.000000
13 3 0.000000 0.000000
14 3 0.000000 0.000000
15 3 0.000000 0.000000
16 3 0.000000 0.000000
17 3 0.000000 0.000000
18 3 0.000000 0.000000
19 3 0.000000 0.000000
20 3 0.000000 0.000000
21 3 0.000000 0.000000
22 3 0.000000 0.000000
23 3 0.000000 0.000000
24 3 0.000000 0.000000
25 3 0.000000 0.000000
26 3 0.000000 0.000000
27 3 0.000000 0.000000
28 3 0.000000 0.000000
29 3 0.000000 0.000000
30 3 0.000000 0.000000
31 3 0.000000 0.000000
32 3 0.000000 0.000000
33 3 0.000000 0.000000
34 3 0.000000 0.000000
35 3 0.000000 0.000000
36 3 0.000000 0.000000
37 3 0.000000 0.000000
38 3 0.000000 0.000000
39 3 0.000000 0.000000
40 3 0.000000 0.000000
41 3 0.000000 0.000000
42 3 0.000000 0.000000
43 3 0.000000 0.000000
44 3 0.000000 0.000000
45 3 0.000000 0.000000
0 2 0.000000 0.000000
1 2 0.000000 0.000000
2 2 0.000000 0.000000
3 2 0.000000 0.000000
4 2 0.000000 0.000000
5 2 0.000000 0.000000
6 2 0.000000 0.000000
7 2 0.000000 0.000000
8 2 0.000000 0.000000
9 2 0.000000 0.000000
10 2 0.000000 0.000000
11 2 0.000000 0.000000
12 2 0.000000 0.000000
13 2 0.000000 0.000000
14 2 0.000000 0.000000
15 2 0.000000 0.000000
16 2 0.000000 0.000000
17 2 0.000000 0.000000
18 2 0.000000 0.000000
19 2 0.000000 0.000000
20 2 0.000000 0.000000
21 2 0.000000 0.000000
22 2 0.000000 0.000000
23 2 0.000000 0.000000
24 2 0.000000 0.000000
25 2 0.000000 0.000000
26 2 0.000000 0.000000
27 2 0.000000 0.000000
28 2 0.000000 0.000000
29 2 0.000000 0.000000
30 2 0.000000 0.000000
31 2 0.000000 0.000000
32 2 0.000000 0.000000
33 2 0.000000 0.000000
34 2 0.000000 0.000000
35 2 0.000000 0.000000
36 2 0.000000 0.000000
37 2 0.000000 0.000000
38 2 0.000000 0.000000
39 2 0.000000 0.000000
40 2 0.000000 0.000000
41 2 0.000000 0.000000
42 2 0.000000 0.000000
43 2 0.000000 0.000000
44 2 0.000000 0.000000
45 2 0.000000 0.000000
0 1 0.000000 0.000000
1 1 0.000000 0.000000
2 1 0.000000 0.000000
3 1 0.000000 0.000000
4 1 0.000000 0.000000
5 1 0.000000 0.000000
6 1 0.000000 0.000000
7 1 0.000000 0.000000
8 1 0.000000 0.000000
9 1 0.000000 0.000000
10 1 0.000000 0.000000
11 1 0.000000 0.000000
12 1 0.000000 0.000000
13 1 0.000000 0.000000
14 1 0.000000 0.000000
15 1 0.000000 0.000000
16 1 0.000000 0.000000
17 1 0.000000 0.000000
18 1 0.000000 0.000000
19 1 0.000000 0.000000
20 1 0.000000 0.000000
21 1 0.000000 0.000000
22 1 0.000000 0.000000
23 1 0.000000 0.000000
24 1 0.000000 0.000000
25 1 0.000000 0.000000
26 1 0.000000 0.000000
27 1 0.000000 0.000000
28 1 0.000000 0.000000
29 1 0.000000 0.000000
30 1 0.000000 0.000000
31 1 0.000000 0.000000
32 1 0.000000 0.000000
33 1 0.000000 0.000000
34 1 0.000000 0.000000
35 1 0.000000 0.000000
36 1 0.000000 0.000000
37 1 0.000000 0.000000
38 1 0.000000 0.000000
39 1 0.000000 0.000000
40 1 0.000000 0.000000
41 1 0.000000 0.000000
42 1 0.000000 0.000000
43 1 0.000000 0.000000
44 1 0.000000 0.000000
45 1 0.000000 0.000000
0 0 0.000000 0.000000
1 0 0.000000 0.000000
2 0 0.000000 0.000000
3 0 0.000000 0.000000
4 0 0.000000 0.000000
5 0 0.000000 0.000000
6 0 0.000000 0.000000
7 0 0.000000 0.000000
8 0 0.000000 0.000000
9 0 0.000000 0.000000
10 0 0.000000 0.000000
11 0 0.000000 0.000000
12 0 0.000000 0.000000
13 0 0.000000 0.000000
14 0 0.000000 0.000000
15 0 0.000000 0.000000
16 0 0.000000 0.000000
17 0 0.000000 0.000000
18 0 0.000000 0.000000
19 0 0.000000 0.000000
20 0 0.000000 0.000000
21 0 0.000000 0.000000
22 0 0.000000 0.000000
23 0 0.000000 0.000000
24 0 0.000000 0.000000
25 0 0.000000 0.000000
26 0 0.000000 0.000000
27 0 0.000000 0.000000
28 0 0.000000 0.000000
29 0 0.000000 0.000000
30 0 0.000000 0.000000
31 0 0.000000 0.000000
32 0 0.000000 0.000000
33 0 0.000000 0.000000
34 0 0.000000 0.000000
35 0 0.000000 0.000000
36 0 0.000000 0.000000
37 0 0.000000 0.000000
38 0 0.000000 0.000000
39 0 0.000000 0.000000
40 0 0.000000 0.000000
41 0 0.000000 0.000000
42 0 0.000000 0.000000
43 0 0.000000 0.000000
44 0 0.000000 0.000000
45 0 0.000000 0.000000
