0 65 0.000000 0.000000
1 65 0.000000 0.000000
2 65 0.000000 0.000000
3 65 0.000000 0.000000
4 65 0.000000 0.000000
5 65 0.000000 0.000000
6 65 0.000000 0.000000
7 65 0.000000 0.000000
8 65 0.000000 0.000000
9 65 0.000000 0.000000
10 65 0.000000 0.000000
11 65 0.000000 0.000000
12 65 0.000000 0.000000
13 65 0.000000 0.000000
14 65 0.000000 0.000000
15 65 0.000000 0.000000
16 65 0.000000 0.000000
17 65 0.000000 0.000000
18 65 0.000000 0.000000
19 65 0.000000 0.000000
20 65 0.000000 0.000000
21 65 0.000000 0.000000
22 65 0.000000 0.000000
23 65 0.000000 0.000000
24 65 0.000000 0.000000
25 65 0.000000 0.000000
26 65 0.000000 0.000000
27 65 0.000000 0.000000
28 65 0.000000 0.000000
29 65 0.000000 0.000000
30 65 0.000000 0.000000
31 65 0.000000 0.000000
32 65 0.000000 0.000000
33 65 0.000000 0.000000
34 65 0.000000 0.000000
35 65 0.000000 0.000000
36 65 0.000000 0.000000
37 65 0.000000 0.000000
38 65 0.000000 0.000000
39 65 0.000000 0.000000
40 65 0.000000 0.000000
41 65 0.000000 0.000000
42 65 0.000000 0.000000
43 65 0.000000 0.000000
44 65 0.000000 0.000000
0 64 0.000000 0.000000
1 64 0.000000 0.000000
2 64 0.000000 0.000000
3 64 0.000000 0.000000
4 64 0.000000 0.000000
5 64 0.000000 0.000000
6 64 0.000000 0.000000
7 64 0.000000 0.000000
8 64 0.000000 0.000000
9 64 0.000000 0.000000
10 64 0.000000 0.000000
11 64 0.000000 0.000000
12 64 0.000000 0.000000
13 64 0.000000 0.000000
14 64 0.000000 0.000000
15 64 0.000000 0.000000
16 64 0.000000 0.000000
17 64 0.000000 0.000000
18 64 0.000000 0.000000
19 64 0.000000 0.000000
20 64 0.000000 0.000000
21 64 0.000000 0.000000
22 64 0.000000 0.000000
23 64 0.000000 0.000000
24 64 0.000000 0.000000
25 64 0.000000 0.000000
26 64 0.000000 0.000000
27 64 0.000000 0.000000
28 64 0.000000 0.000000
29 64 0.000000 0.000000
30 64 0.000000 0.000000
31 64 0.000000 0.000000
32 64 0.000000 0.000000
33 64 0.000000 0.000000
34 64 0.000000 0.000000
35 64 0.000000 0.000000
36 64 0.000000 0.000000
37 64 0.000000 0.000000
38 64 0.000000 0.000000
39 64 0.000000 0.000000
40 64 0.000000 0.000000
41 64 0.000000 0.000000
42 64 0.000000 0.000000
43 64 0.000000 0.000000
44 64 0.000000 0.000000
0 63 0.000000 0.000000
1 63 0.000000 0.000000
2 63 0.000000 0.000000
3 63 0.000000 0.000000
4 63 0.000000 0.000000
5 63 0.000000 0.000000
6 63 0.000000 0.000000
7 63 0.000000 0.000000
8 63 0.000000 0.000000
9 63 0.000000 0.000000
10 63 0.000000 0.000000
11 63 0.000000 0.000000
12 63 0.000000 0.000000
13 63 0.000000 0.000000
14 63 0.000000 0.000000
15 63 0.000000 0.000000
16 63 0.000000 0.000000
17 63 0.000000 0.000000
18 63 0.000000 0.000000
19 63 0.000000 0.000000
20 63 0.000000 0.000000
21 63 0.000000 0.000000
22 63 0.000000 0.000000
23 63 0.000000 0.000000
24 63 0.000000 0.000000
25 63 0.000000 0.000000
26 63 0.000000 0.000000
27 63 0.000000 0.000000
28 63 0.000000 0.000000
29 63 0.000000 0.000000
30 63 0.000000 0.000000
31 63 0.000000 0.000000
32 63 0.000000 0.000000
33 63 0.000000 0.000000
34 63 0.000000 0.000000
35 63 0.000000 0.000000
36 63 0.000000 0.000000
37 63 0.000000 0.000000
38 63 0.000000 0.000000
39 63 0.000000 0.000000
40 63 0.000000 0.000000
41 63 0.000000 0.000000
42 63 0.000000 0.000000
43 63 0.000000 0.000000
44 63 0.000000 0.000000
0 62 0.000000 0.000000
1 62 0.000000 0.000000
2 62 0.000000 0.000000
3 62 0.000000 0.000000
4 62 0.000000 0.000000
5 62 0.000000 0.000000
6 62 0.000000 0.000000
7 62 0.000000 0.000000
8 62 0.000000 0.000000
9 62 0.000000 0.000000
10 62 0.000000 0.000000
11 62 0.000000 0.000000
12 62 0.000000 0.000000
13 62 0.000000 0.000000
14 62 0.000000 0.000000
15 62 0.000000 0.000000
16 62 0.000000 0.000000
17 62 0.000000 0.000000
18 62 0.000000 0.000000
19 62 0.000000 0.000000
20 62 0.000000 0.000000
21 62 0.000000 0.000000
22 62 0.000000 0.000000
23 62 0.000000 0.000000
24 62 0.000000 0.000000
25 62 0.000000 0.000000
26 62 0.000000 0.000000
27 62 0.000000 0.000000
28 62 0.000000 0.000000
29 62 0.000000 0.000000
30 62 0.000000 0.000000
31 62 0.000000 0.000000
32 62 0.000000 0.000000
33 62 0.000000 0.000000
34 62 0.000000 0.000000
35 62 0.000000 0.000000
36 62 0.000000 0.000000
37 62 0.000000 0.000000
38 62 0.000000 0.000000
39 62 0.000000 0.000000
40 62 0.000000 0.000000
41 62 0.000000 0.000000
42 62 0.000000 0.000000
43 62 0.000000 0.000000
44 62 0.000000 0.000000
0 61 0.000000 0.000000
1 61 0.000000 0.000000
2 61 0.000000 0.000000
3 61 0.000000 0.000000
4 61 0.000000 0.000000
5 61 0.000000 0.000000
6 61 0.000000 0.000000
7 61 0.000000 0.000000
8 61 0.000000 0.000000
9 61 0.000000 0.000000
10 61 0.000000 0.000000
11 61 0.000000 0.000000
12 61 0.000000 0.000000
13 61 0.000000 0.000000
14 61 0.000000 0.000000
15 61 0.000000 0.000000
16 61 0.000000 0.000000
17 61 0.000000 0.000000
18 61 0.000000 0.000000
19 61 0.000000 0.000000
20 61 0.000000 0.000000
21 61 0.000000 0.000000
22 61 0.000000 0.000000
23 61 0.000000 0.000000
24 61 0.000000 0.000000
25 61 0.000000 0.000000
26 61 0.000000 0.000000
27 61 0.000000 0.000000
28 61 0.000000 0.000000
29 61 0.000000 0.000000
30 61 0.000000 0.000000
31 61 0.000000 0.000000
32 61 0.000000 0.000000
33 61 0.000000 0.000000
34 61 0.000000 0.000000
35 61 0.000000 0.000000
36 61 0.000000 0.000000
37 61 0.000000 0.000000
38 61 0.000000 0.000000
39 61 0.000000 0.000000
40 61 0.000000 0.000000
41 61 0.000000 0.000000
42 61 0.000000 0.000000
43 61 0.000000 0.000000
44 61 0.000000 0.000000
0 60 0.000000 0.000000
1 60 0.000000 0.000000
2 60 0.000000 0.000000
3 60 0.000000 0.000000
4 60 0.000000 0.000000
5 60 0.000000 0.000000
6 60 0.000000 0.000000
7 60 0.000000 0.000000
8 60 0.000000 0.000000
9 60 0.000000 0.000000
10 60 0.000000 0.000000
11 60 0.000000 0.000000
12 60 0.000000 0.000000
13 60 0.000000 0.000000
14 60 0.000000 0.000000
15 60 0.000000 0.000000
16 60 0.000000 0.000000
17 60 0.000000 0.000000
18 60 0.000000 0.000000
19 60 0.000000 0.000000
20 60 0.000000 0.000000
21 60 0.000000 0.000000
22 60 0.000000 0.000000
23 60 0.000000 0.000000
24 60 0.000000 0.000000
25 60 0.000000 0.000000
26 60 0.000000 0.000000
27 60 0.000000 0.000000
28 60 0.000000 0.000000
29 60 0.000000 0.000000
30 60 0.000000 0.000000
31 60 0.000000 0.000000
32 60 0.000000 0.000000
33 60 0.000000 0.000000
34 60 0.000000 0.000000
35 60 0.000000 0.000000
36 60 0.000000 0.000000
37 60 0.000000 0.000000
38 60 0.000000 0.000000
39 60 0.000000 0.000000
40 60 0.000000 0.000000
41 60 0.000000 0.000000
42 60 0.000000 0.000000
43 60 0.000000 0.000000
44 60 0.000000 0.000000
0 59 0.000000 0.000000
1 59 0.000000 0.000000
2 59 0.000000 0.000000
3 59 0.000000 0.000000
4 59 0.000000 0.000000
5 59 0.000000 0.000000
6 59 0.000000 0.000000
7 59 0.000000 0.000000
8 59 0.000000 0.000000
9 59 0.000000 0.000000
10 59 0.000000 0.000000
11 59 0.000000 0.000000
12 59 0.000000 0.000000
13 59 0.000000 0.000000
14 59 0.000000 0.000000
15 59 0.000000 0.000000
16 59 0.000000 0.000000
17 59 0.000000 0.000000
18 59 0.000000 0.000000
19 59 0.000000 0.000000
20 59 0.000000 0.000000
21 59 0.000000 0.000000
22 59 0.000000 0.000000
23 59 0.000000 0.000000
24 59 0.000000 0.000000
25 59 0.000000 0.000000
26 59 0.000000 0.000000
27 59 0.000000 0.000000
28 59 0.000000 0.000000
29 59 0.000000 0.000000
30 59 0.000000 0.000000
31 59 0.000000 0.000000
32 59 0.000000 0.000000
33 59 0.000000 0.000000
34 59 0.000000 0.000000
35 59 0.000000 0.000000
36 59 0.000000 0.000000
37 59 0.000000 0.000000
38 59 0.000000 0.000000
39 59 0.000000 0.000000
40 59 0.000000 0.000000
41 59 0.000000 0.000000
42 59 0.000000 0.000000
43 59 0.000000 0.000000
44 59 0.000000 0.000000
0 58 0.000000 0.000000
1 58 0.000000 0.000000
2 58 0.000000 0.000000
3 58 0.000000 0.000000
4 58 0.000000 0.000000
5 58 0.000000 0.000000
6 58 0.000000 0.000000
7 58 0.000000 0.000000
8 58 0.000000 0.000000
9 58 0.000000 0.000000
10 58 0.000000 0.000000
11 58 0.000000 0.000000
12 58 0.000000 0.000000
13 58 0.000000 0.000000
14 58 0.000000 0.000000
15 58 0.000000 0.000000
16 58 0.000000 0.000000
17 58 0.000000 0.000000
18 58 0.000000 0.000000
19 58 0.000000 0.000000
20 58 0.000000 0.000000
21 58 0.000000 0.000000
22 58 0.000000 0.000000
23 58 0.000000 0.000000
24 58 0.000000 0.000000
25 58 0.000000 0.000000
26 58 0.000000 0.000000
27 58 0.000000 0.000000
28 58 0.000000 0.000000
29 58 0.000000 0.000000
30 58 0.000000 0.000000
31 58 0.000000 0.000000
32 58 0.000000 0.000000
33 58 0.000000 0.000000
34 58 0.000000 0.000000
35 58 0.000000 0.000000
36 58 0.000000 0.000000
37 58 0.000000 0.000000
38 58 0.000000 0.000000
39 58 0.000000 0.000000
40 58 0.000000 0.000000
41 58 0.000000 0.000000
42 58 0.000000 0.000000
43 58 0.000000 0.000000
44 58 0.000000 0.000000
0 57 0.000000 0.000000
1 57 0.000000 0.000000
2 57 0.000000 0.000000
3 57 0.000000 0.000000
4 57 0.000000 0.000000
5 57 0.000000 0.000000
6 57 0.000000 0.000000
7 57 0.000000 0.000000
8 57 0.000000 0.000000
9 57 0.000000 0.000000
10 57 0.000000 0.000000
11 57 0.000000 0.000000
12 57 0.000000 0.000000
13 57 0.000000 0.000000
14 57 0.000000 0.000000
15 57 0.000000 0.000000
16 57 0.000000 0.000000
17 57 0.000000 0.000000
18 57 0.000000 0.000000
19 57 0.000000 0.000000
20 57 0.000000 0.000000
21 57 0.000000 0.000000
22 57 0.000000 0.000000
23 57 0.000000 0.000000
24 57 0.000000 0.000000
25 57 0.000000 0.000000
26 57 0.000000 0.000000
27 57 0.000000 0.000000
28 57 0.000000 0.000000
29 57 0.000000 0.000000
30 57 0.000000 0.000000
31 57 0.000000 0.000000
32 57 0.000000 0.000000
33 57 0.000000 0.000000
34 57 0.000000 0.000000
35 57 0.000000 0.000000
36 57 0.000000 0.000000
37 57 0.000000 0.000000
38 57 0.000000 0.000000
39 57 0.000000 0.000000
40 57 0.000000 0.000000
41 57 0.000000 0.000000
42 57 0.000000 0.000000
43 57 0.000000 0.000000
44 57 0.000000 0.000000
0 56 0.000000 0.000000
1 56 0.000000 0.000000
2 56 0.000000 0.000000
3 56 0.000000 0.000000
4 56 0.000000 0.000000
5 56 0.000000 0.000000
6 56 0.000000 0.000000
7 56 0.000000 0.000000
8 56 0.000000 0.000000
9 56 0.000000 0.000000
10 56 0.000000 0.000000
11 56 0.000000 0.000000
12 56 0.000000 0.000000
13 56 0.000000 0.000000
14 56 0.000000 0.000000
15 56 0.000000 0.000000
16 56 0.000000 0.000000
17 56 0.000000 0.000000
18 56 0.000000 0.000000
19 56 0.000000 0.000000
20 56 0.000000 0.000000
21 56 0.000000 0.000000
22 56 0.000000 0.000000
23 56 0.000000 0.000000
24 56 0.000000 0.000000
25 56 0.000000 0.000000
26 56 0.000000 0.000000
27 56 0.000000 0.000000
28 56 0.000000 0.000000
29 56 0.000000 0.000000
30 56 0.000000 0.000000
31 56 0.000000 0.000000
32 56 0.000000 0.000000
33 56 0.000000 0.000000
34 56 0.000000 0.000000
35 56 0.000000 0.000000
36 56 0.000000 0.000000
37 56 0.000000 0.000000
38 56 0.000000 0.000000
39 56 0.000000 0.000000
40 56 0.000000 0.000000
41 56 0.000000 0.000000
42 56 0.000000 0.000000
43 56 0.000000 0.000000
44 56 0.000000 0.000000
0 55 0.000000 0.000000
1 55 0.000000 0.000000
2 55 0.000000 0.000000
3 55 0.000000 0.000000
4 55 0.000000 0.000000
5 55 0.000000 0.000000
6 55 0.000000 0.000000
7 55 0.000000 0.000000
8 55 0.000000 0.000000
9 55 0.000000 0.000000
10 55 0.000000 0.000000
11 55 0.000000 0.000000
12 55 0.000000 0.000000
13 55 0.000000 0.000000
14 55 0.000000 0.000000
15 55 0.000000 0.000000
16 55 0.000000 0.000000
17 55 0.000000 0.000000
18 55 0.000000 0.000000
19 55 0.000000 0.000000
20 55 0.000000 0.000000
21 55 0.000000 0.000000
22 55 0.000000 0.000000
23 55 0.000000 0.000000
24 55 0.000000 0.000000
25 55 0.000000 0.000000
26 55 0.000000 0.000000
27 55 0.000000 0.000000
28 55 0.000000 0.000000
29 55 0.000000 0.000000
30 55 0.000000 0.000000
31 55 0.000000 0.000000
32 55 0.000000 0.000000
33 55 0.000000 0.000000
34 55 0.000000 0.000000
35 55 0.000000 0.000000
36 55 0.000000 0.000000
37 55 0.000000 0.000000
38 55 0.000000 0.000000
39 55 0.000000 0.000000
40 55 0.000000 0.000000
41 55 0.000000 0.000000
42 55 0.000000 0.000000
43 55 0.000000 0.000000
44 55 0.000000 0.000000
0 54 0.000000 0.000000
1 54 0.000000 0.000000
2 54 0.000000 0.000000
3 54 0.000000 0.000000
4 54 0.000000 0.000000
5 54 0.000000 0.000000
6 54 0.000000 0.000000
7 54 0.000000 0.000000
8 54 0.000000 0.000000
9 54 0.000000 0.000000
10 54 0.000000 0.000000
11 54 0.000000 -3.380972
12 54 35.213670 -3.183526
13 54 49.181674 -3.112549
14 54 0.000000 0.000000
15 54 0.000000 0.000000
16 54 0.000000 0.000000
17 54 0.000000 0.000000
18 54 0.000000 0.000000
19 54 0.000000 0.000000
20 54 0.000000 0.000000
21 54 0.000000 0.000000
22 54 0.000000 0.000000
23 54 0.000000 0.000000
24 54 0.000000 0.000000
25 54 0.000000 0.000000
26 54 0.000000 0.000000
27 54 0.000000 0.000000
28 54 0.000000 0.000000
29 54 0.000000 0.000000
30 54 0.000000 0.000000
31 54 0.000000 0.000000
32 54 0.000000 0.000000
33 54 0.000000 0.000000
34 54 0.000000 0.000000
35 54 0.000000 0.000000
36 54 0.000000 0.000000
37 54 0.000000 0.000000
38 54 0.000000 0.000000
39 54 0.000000 0.000000
40 54 0.000000 0.000000
41 54 0.000000 0.000000
42 54 0.000000 0.000000
43 54 0.000000 0.000000
44 54 0.000000 0.000000
0 53 0.000000 0.000000
1 53 0.000000 0.000000
2 53 0.000000 0.000000
3 53 0.000000 0.000000
4 53 0.000000 0.000000
5 53 0.000000 0.000000
6 53 0.000000 0.000000
7 53 0.000000 0.000000
8 53 0.000000 0.000000
9 53 0.000000 0.000000
10 53 0.000000 0.000000
11 53 53.132290 -3.054710
12 53 69.942671 -2.972825
13 53 73.986275 -2.929724
14 53 0.000000 0.000000
15 53 0.000000 0.000000
16 53 0.000000 0.000000
17 53 0.000000 0.000000
18 53 0.000000 0.000000
19 53 0.000000 0.000000
20 53 0.000000 0.000000
21 53 0.000000 0.000000
22 53 0.000000 0.000000
23 53 0.000000 0.000000
24 53 0.000000 0.000000
25 53 0.000000 0.000000
26 53 0.000000 0.000000
27 53 0.000000 0.000000
28 53 0.000000 0.000000
29 53 0.000000 0.000000
30 53 0.000000 0.000000
31 53 0.000000 0.000000
32 53 0.000000 0.000000
33 53 0.000000 0.000000
34 53 0.000000 0.000000
35 53 0.000000 0.000000
36 53 0.000000 0.000000
37 53 0.000000 0.000000
38 53 0.000000 0.000000
39 53 0.000000 0.000000
40 53 0.000000 0.000000
41 53 0.000000 0.000000
42 53 0.000000 0.000000
43 53 0.000000 0.000000
44 53 0.000000 0.000000
0 52 0.000000 0.000000
1 52 0.000000 0.000000
2 52 0.000000 0.000000
3 52 0.000000 0.000000
4 52 0.000000 0.000000
5 52 0.000000 0.000000
6 52 0.000000 0.000000
7 52 0.000000 0.000000
8 52 0.000000 0.000000
9 52 0.000000 0.000000
10 52 0.000000 0.000000
11 52 74.960920 -2.884769
12 52 89.105127 -2.823252
13 52 88.988661 -2.770848
14 52 85.643042 -2.708811
15 52 0.000000 0.000000
16 52 0.000000 0.000000
17 52 0.000000 0.000000
18 52 0.000000 0.000000
19 52 0.000000 0.000000
20 52 0.000000 0.000000
21 52 0.000000 0.000000
22 52 0.000000 0.000000
23 52 0.000000 0.000000
24 52 0.000000 0.000000
25 52 0.000000 0.000000
26 52 0.000000 0.000000
27 52 0.000000 0.000000
28 52 0.000000 0.000000
29 52 0.000000 0.000000
30 52 0.000000 0.000000
31 52 0.000000 0.000000
32 52 0.000000 0.000000
33 52 0.000000 0.000000
34 52 0.000000 0.000000
35 52 0.000000 0.000000
36 52 0.000000 0.000000
37 52 0.000000 0.000000
38 52 0.000000 0.000000
39 52 0.000000 0.000000
40 52 0.000000 0.000000
41 52 0.000000 0.000000
42 52 0.000000 0.000000
43 52 0.000000 0.000000
44 52 0.000000 0.000000
0 51 0.000000 0.000000
1 51 0.000000 0.000000
2 51 0.000000 0.000000
3 51 0.000000 0.000000
4 51 0.000000 0.000000
5 51 0.000000 0.000000
6 51 0.000000 0.000000
7 51 0.000000 0.000000
8 51 0.000000 0.000000
9 51 0.000000 0.000000
10 51 0.000000 0.000000
11 51 80.513854 -2.755940
12 51 96.677796 -2.693070
13 51 100.228628 -2.635849
14 51 96.669452 -2.593119
15 51 0.000000 0.000000
16 51 0.000000 0.000000
17 51 0.000000 0.000000
18 51 0.000000 0.000000
19 51 0.000000 0.000000
20 51 0.000000 0.000000
21 51 0.000000 0.000000
22 51 0.000000 0.000000
23 51 0.000000 0.000000
24 51 0.000000 0.000000
25 51 0.000000 0.000000
26 51 0.000000 0.000000
27 51 0.000000 0.000000
28 51 0.000000 0.000000
29 51 0.000000 0.000000
30 51 0.000000 0.000000
31 51 0.000000 0.000000
32 51 0.000000 0.000000
33 51 0.000000 0.000000
34 51 0.000000 0.000000
35 51 0.000000 0.000000
36 51 0.000000 0.000000
37 51 0.000000 0.000000
38 51 0.000000 0.000000
39 51 0.000000 0.000000
40 51 0.000000 0.000000
41 51 0.000000 0.000000
42 51 0.000000 0.000000
43 51 0.000000 0.000000
44 51 0.000000 0.000000
0 50 0.000000 0.000000
1 50 0.000000 0.000000
2 50 0.000000 0.000000
3 50 0.000000 0.000000
4 50 0.000000 0.000000
5 50 0.000000 0.000000
6 50 0.000000 0.000000
7 50 0.000000 0.000000
8 50 0.000000 0.000000
9 50 0.000000 0.000000
10 50 0.000000 0.000000
11 50 78.677450 -2.638023
12 50 100.672315 -2.569935
13 50 111.642078 -2.509136
14 50 107.763241 -2.466088
15 50 0.000000 0.000000
16 50 0.000000 0.000000
17 50 0.000000 0.000000
18 50 0.000000 0.000000
19 50 0.000000 0.000000
20 50 0.000000 0.000000
21 50 0.000000 0.000000
22 50 0.000000 0.000000
23 50 0.000000 0.000000
24 50 0.000000 0.000000
25 50 0.000000 0.000000
26 50 0.000000 0.000000
27 50 0.000000 0.000000
28 50 0.000000 0.000000
29 50 0.000000 0.000000
30 50 0.000000 0.000000
31 50 0.000000 0.000000
32 50 0.000000 0.000000
33 50 0.000000 0.000000
34 50 0.000000 0.000000
35 50 0.000000 0.000000
36 50 0.000000 0.000000
37 50 0.000000 0.000000
38 50 0.000000 0.000000
39 50 0.000000 0.000000
40 50 0.000000 0.000000
41 50 0.000000 0.000000
42 50 0.000000 0.000000
43 50 0.000000 0.000000
44 50 0.000000 0.000000
0 49 0.000000 0.000000
1 49 0.000000 0.000000
2 49 0.000000 0.000000
3 49 0.000000 0.000000
4 49 0.000000 0.000000
5 49 0.000000 0.000000
6 49 0.000000 0.000000
7 49 0.000000 0.000000
8 49 0.000000 0.000000
9 49 0.000000 0.000000
10 49 0.000000 0.000000
11 49 72.427204 -2.530090
12 49 101.538451 -2.455455
13 49 120.776482 -2.393187
14 49 120.061718 -2.338390
15 49 116.966138 -2.275967
16 49 0.000000 0.000000
17 49 0.000000 0.000000
18 49 0.000000 0.000000
19 49 0.000000 0.000000
20 49 0.000000 0.000000
21 49 0.000000 0.000000
22 49 0.000000 0.000000
23 49 0.000000 0.000000
24 49 0.000000 0.000000
25 49 0.000000 0.000000
26 49 0.000000 0.000000
27 49 0.000000 0.000000
28 49 0.000000 0.000000
29 49 0.000000 0.000000
30 49 0.000000 0.000000
31 49 0.000000 0.000000
32 49 0.000000 0.000000
33 49 0.000000 0.000000
34 49 0.000000 0.000000
35 49 0.000000 0.000000
36 49 0.000000 0.000000
37 49 0.000000 0.000000
38 49 0.000000 0.000000
39 49 0.000000 0.000000
40 49 0.000000 0.000000
41 49 0.000000 0.000000
42 49 0.000000 0.000000
43 49 0.000000 0.000000
44 49 0.000000 0.000000
0 48 0.000000 0.000000
1 48 0.000000 0.000000
2 48 0.000000 0.000000
3 48 0.000000 0.000000
4 48 0.000000 0.000000
5 48 0.000000 0.000000
6 48 0.000000 0.000000
7 48 0.000000 0.000000
8 48 0.000000 0.000000
9 48 0.000000 0.000000
10 48 0.000000 0.000000
11 48 69.352708 -2.442587
12 48 100.480911 -2.356490
13 48 126.957812 -2.293374
14 48 137.031546 -2.237248
15 48 130.067632 -2.190353
16 48 111.844116 -2.148098
17 48 91.144395 -2.129822
18 48 0.000000 0.000000
19 48 0.000000 0.000000
20 48 0.000000 0.000000
21 48 0.000000 0.000000
22 48 0.000000 0.000000
23 48 0.000000 0.000000
24 48 0.000000 0.000000
25 48 0.000000 0.000000
26 48 0.000000 0.000000
27 48 0.000000 0.000000
28 48 0.000000 0.000000
29 48 0.000000 0.000000
30 48 0.000000 0.000000
31 48 0.000000 0.000000
32 48 0.000000 0.000000
33 48 0.000000 0.000000
34 48 0.000000 0.000000
35 48 0.000000 0.000000
36 48 0.000000 0.000000
37 48 0.000000 0.000000
38 48 0.000000 0.000000
39 48 0.000000 0.000000
40 48 0.000000 0.000000
41 48 0.000000 0.000000
42 48 0.000000 0.000000
43 48 0.000000 0.000000
44 48 0.000000 0.000000
0 47 0.000000 0.000000
1 47 0.000000 0.000000
2 47 0.000000 0.000000
3 47 0.000000 0.000000
4 47 0.000000 0.000000
5 47 0.000000 0.000000
6 47 0.000000 0.000000
7 47 0.000000 0.000000
8 47 0.000000 0.000000
9 47 0.000000 0.000000
10 47 0.000000 0.000000
11 47 0.000000 0.000000
12 47 89.779262 -2.260020
13 47 123.135661 -2.198752
14 47 150.819328 -2.147632
15 47 146.041713 -2.103731
16 47 122.381877 -2.070644
17 47 106.294486 -2.048294
18 47 0.000000 0.000000
19 47 0.000000 0.000000
20 47 0.000000 0.000000
21 47 0.000000 0.000000
22 47 0.000000 0.000000
23 47 0.000000 0.000000
24 47 0.000000 0.000000
25 47 0.000000 0.000000
26 47 0.000000 0.000000
27 47 0.000000 0.000000
28 47 0.000000 0.000000
29 47 0.000000 0.000000
30 47 0.000000 0.000000
31 47 0.000000 0.000000
32 47 0.000000 0.000000
33 47 0.000000 0.000000
34 47 0.000000 0.000000
35 47 0.000000 0.000000
36 47 0.000000 0.000000
37 47 0.000000 0.000000
38 47 0.000000 0.000000
39 47 0.000000 0.000000
40 47 0.000000 0.000000
41 47 0.000000 0.000000
42 47 0.000000 0.000000
43 47 0.000000 0.000000
44 47 0.000000 0.000000
0 46 0.000000 0.000000
1 46 0.000000 0.000000
2 46 0.000000 0.000000
3 46 0.000000 0.000000
4 46 0.000000 0.000000
5 46 0.000000 0.000000
6 46 0.000000 0.000000
7 46 0.000000 0.000000
8 46 0.000000 0.000000
9 46 0.000000 0.000000
10 46 0.000000 0.000000
11 46 0.000000 0.000000
12 46 68.300006 -2.181833
13 46 106.592449 -2.106752
14 46 141.514797 -2.059675
15 46 148.551333 -2.013778
16 46 130.588852 -1.978683
17 46 117.842163 -1.957891
18 46 0.000000 0.000000
19 46 0.000000 0.000000
20 46 0.000000 0.000000
21 46 0.000000 0.000000
22 46 0.000000 0.000000
23 46 0.000000 0.000000
24 46 0.000000 0.000000
25 46 0.000000 0.000000
26 46 0.000000 0.000000
27 46 0.000000 0.000000
28 46 0.000000 0.000000
29 46 0.000000 0.000000
30 46 0.000000 0.000000
31 46 0.000000 0.000000
32 46 0.000000 0.000000
33 46 0.000000 0.000000
34 46 0.000000 0.000000
35 46 0.000000 0.000000
36 46 0.000000 0.000000
37 46 0.000000 0.000000
38 46 0.000000 0.000000
39 46 0.000000 0.000000
40 46 0.000000 0.000000
41 46 0.000000 0.000000
42 46 0.000000 0.000000
43 46 0.000000 0.000000
44 46 0.000000 0.000000
0 45 0.000000 0.000000
1 45 0.000000 0.000000
2 45 0.000000 0.000000
3 45 0.000000 0.000000
4 45 0.000000 0.000000
5 45 0.000000 0.000000
6 45 0.000000 0.000000
7 45 0.000000 0.000000
8 45 0.000000 0.000000
9 45 0.000000 0.000000
10 45 0.000000 0.000000
11 45 0.000000 0.000000
12 45 0.000000 0.000000
13 45 91.329373 -1.993223
14 45 120.315498 -1.954397
15 45 140.497347 -1.910146
16 45 134.959761 -1.876653
17 45 124.762196 -1.861365
18 45 0.000000 0.000000
19 45 0.000000 0.000000
20 45 0.000000 0.000000
21 45 0.000000 0.000000
22 45 0.000000 0.000000
23 45 0.000000 0.000000
24 45 0.000000 0.000000
25 45 0.000000 0.000000
26 45 0.000000 0.000000
27 45 0.000000 0.000000
28 45 0.000000 0.000000
29 45 0.000000 0.000000
30 45 0.000000 0.000000
31 45 0.000000 0.000000
32 45 0.000000 0.000000
33 45 0.000000 0.000000
34 45 0.000000 0.000000
35 45 0.000000 0.000000
36 45 0.000000 0.000000
37 45 0.000000 0.000000
38 45 0.000000 0.000000
39 45 0.000000 0.000000
40 45 0.000000 0.000000
41 45 0.000000 0.000000
42 45 0.000000 0.000000
43 45 0.000000 0.000000
44 45 0.000000 0.000000
0 44 0.000000 0.000000
1 44 0.000000 0.000000
2 44 0.000000 0.000000
3 44 0.000000 0.000000
4 44 0.000000 0.000000
5 44 0.000000 0.000000
6 44 0.000000 0.000000
7 44 0.000000 0.000000
8 44 0.000000 0.000000
9 44 0.000000 0.000000
10 44 0.000000 0.000000
11 44 0.000000 0.000000
12 44 0.000000 0.000000
13 44 83.234491 -1.861208
14 44 110.177686 -1.826163
15 44 137.760107 -1.792061
16 44 139.784150 -1.766896
17 44 128.298407 -1.759739
18 44 0.000000 0.000000
19 44 0.000000 0.000000
20 44 0.000000 0.000000
21 44 0.000000 0.000000
22 44 0.000000 0.000000
23 44 0.000000 0.000000
24 44 0.000000 0.000000
25 44 0.000000 0.000000
26 44 0.000000 0.000000
27 44 0.000000 0.000000
28 44 0.000000 0.000000
29 44 0.000000 0.000000
30 44 0.000000 0.000000
31 44 0.000000 0.000000
32 44 0.000000 0.000000
33 44 0.000000 0.000000
34 44 0.000000 0.000000
35 44 0.000000 0.000000
36 44 0.000000 0.000000
37 44 0.000000 0.000000
38 44 0.000000 0.000000
39 44 0.000000 0.000000
40 44 0.000000 0.000000
41 44 0.000000 0.000000
42 44 0.000000 0.000000
43 44 0.000000 0.000000
44 44 0.000000 0.000000
0 43 0.000000 0.000000
1 43 0.000000 0.000000
2 43 0.000000 0.000000
3 43 0.000000 0.000000
4 43 0.000000 0.000000
5 43 0.000000 0.000000
6 43 0.000000 0.000000
7 43 0.000000 0.000000
8 43 0.000000 0.000000
9 43 0.000000 0.000000
10 43 0.000000 0.000000
11 43 0.000000 0.000000
12 43 0.000000 0.000000
13 43 83.617106 -1.727571
14 43 111.543671 -1.697320
15 43 142.303879 -1.673022
16 43 145.032513 -1.654395
17 43 124.765465 -1.650611
18 43 0.000000 0.000000
19 43 0.000000 0.000000
20 43 0.000000 0.000000
21 43 0.000000 0.000000
22 43 0.000000 0.000000
23 43 0.000000 0.000000
24 43 0.000000 0.000000
25 43 0.000000 0.000000
26 43 0.000000 0.000000
27 43 0.000000 0.000000
28 43 0.000000 0.000000
29 43 0.000000 0.000000
30 43 0.000000 0.000000
31 43 0.000000 0.000000
32 43 0.000000 0.000000
33 43 0.000000 0.000000
34 43 0.000000 0.000000
35 43 0.000000 0.000000
36 43 0.000000 0.000000
37 43 0.000000 0.000000
38 43 0.000000 0.000000
39 43 0.000000 0.000000
40 43 0.000000 0.000000
41 43 0.000000 0.000000
42 43 0.000000 0.000000
43 43 0.000000 0.000000
44 43 0.000000 0.000000
0 42 0.000000 0.000000
1 42 0.000000 0.000000
2 42 0.000000 0.000000
3 42 0.000000 0.000000
4 42 0.000000 0.000000
5 42 0.000000 0.000000
6 42 0.000000 0.000000
7 42 0.000000 0.000000
8 42 0.000000 0.000000
9 42 0.000000 0.000000
10 42 0.000000 0.000000
11 42 0.000000 0.000000
12 42 0.000000 0.000000
13 42 88.029896 -1.609027
14 42 116.020978 -1.580985
15 42 148.178186 -1.561120
16 42 151.349838 -1.542375
17 42 124.491198 -1.530913
18 42 103.193041 -1.503316
19 42 0.000000 0.000000
20 42 0.000000 0.000000
21 42 0.000000 0.000000
22 42 0.000000 0.000000
23 42 0.000000 0.000000
24 42 0.000000 0.000000
25 42 0.000000 0.000000
26 42 0.000000 0.000000
27 42 0.000000 0.000000
28 42 0.000000 0.000000
29 42 0.000000 0.000000
30 42 0.000000 0.000000
31 42 0.000000 0.000000
32 42 0.000000 0.000000
33 42 0.000000 0.000000
34 42 0.000000 0.000000
35 42 0.000000 0.000000
36 42 0.000000 0.000000
37 42 0.000000 0.000000
38 42 0.000000 0.000000
39 42 0.000000 0.000000
40 42 0.000000 0.000000
41 42 0.000000 0.000000
42 42 0.000000 0.000000
43 42 0.000000 0.000000
44 42 0.000000 0.000000
0 41 0.000000 0.000000
1 41 0.000000 0.000000
2 41 0.000000 0.000000
3 41 0.000000 0.000000
4 41 0.000000 0.000000
5 41 0.000000 0.000000
6 41 0.000000 0.000000
7 41 0.000000 0.000000
8 41 0.000000 0.000000
9 41 0.000000 0.000000
10 41 0.000000 0.000000
11 41 0.000000 0.000000
12 41 0.000000 0.000000
13 41 91.280727 -1.503862
14 41 118.359383 -1.473556
15 41 150.766965 -1.455863
16 41 157.470780 -1.435138
17 41 131.429515 -1.417654
18 41 99.027106 -1.409698
19 41 0.000000 0.000000
20 41 0.000000 0.000000
21 41 0.000000 0.000000
22 41 0.000000 0.000000
23 41 0.000000 0.000000
24 41 0.000000 0.000000
25 41 0.000000 0.000000
26 41 0.000000 0.000000
27 41 0.000000 0.000000
28 41 0.000000 0.000000
29 41 0.000000 0.000000
30 41 0.000000 0.000000
31 41 0.000000 0.000000
32 41 0.000000 0.000000
33 41 0.000000 0.000000
34 41 0.000000 0.000000
35 41 0.000000 0.000000
36 41 0.000000 0.000000
37 41 0.000000 0.000000
38 41 0.000000 0.000000
39 41 0.000000 0.000000
40 41 0.000000 0.000000
41 41 0.000000 0.000000
42 41 0.000000 0.000000
43 41 0.000000 0.000000
44 41 0.000000 0.000000
0 40 0.000000 0.000000
1 40 0.000000 0.000000
2 40 0.000000 0.000000
3 40 0.000000 0.000000
4 40 0.000000 0.000000
5 40 0.000000 0.000000
6 40 0.000000 0.000000
7 40 0.000000 0.000000
8 40 0.000000 0.000000
9 40 0.000000 0.000000
10 40 0.000000 0.000000
11 40 0.000000 0.000000
12 40 0.000000 0.000000
13 40 95.069344 -1.422319
14 40 120.609855 -1.374658
15 40 147.774542 -1.354104
16 40 157.426043 -1.329470
17 40 137.001805 -1.303527
18 40 97.142571 -1.284674
19 40 59.636020 -1.259978
20 40 0.000000 0.000000
21 40 0.000000 0.000000
22 40 0.000000 0.000000
23 40 0.000000 0.000000
24 40 0.000000 0.000000
25 40 0.000000 0.000000
26 40 0.000000 0.000000
27 40 0.000000 0.000000
28 40 0.000000 0.000000
29 40 0.000000 0.000000
30 40 0.000000 0.000000
31 40 0.000000 0.000000
32 40 0.000000 0.000000
33 40 0.000000 0.000000
34 40 0.000000 0.000000
35 40 0.000000 0.000000
36 40 0.000000 0.000000
37 40 0.000000 0.000000
38 40 0.000000 0.000000
39 40 0.000000 0.000000
40 40 0.000000 0.000000
41 40 0.000000 0.000000
42 40 0.000000 0.000000
43 40 0.000000 0.000000
44 40 0.000000 0.000000
0 39 0.000000 0.000000
1 39 0.000000 0.000000
2 39 0.000000 0.000000
3 39 0.000000 0.000000
4 39 0.000000 0.000000
5 39 0.000000 0.000000
6 39 0.000000 0.000000
7 39 0.000000 0.000000
8 39 0.000000 0.000000
9 39 0.000000 0.000000
10 39 0.000000 0.000000
11 39 0.000000 0.000000
12 39 0.000000 0.000000
13 39 0.000000 0.000000
14 39 120.850163 -1.273943
15 39 140.270743 -1.250399
16 39 153.391963 -1.219845
17 39 141.052175 -1.185844
18 39 108.317041 -1.155478
19 39 80.762355 -1.125145
20 39 0.000000 0.000000
21 39 0.000000 0.000000
22 39 0.000000 0.000000
23 39 0.000000 0.000000
24 39 0.000000 0.000000
25 39 0.000000 0.000000
26 39 0.000000 0.000000
27 39 0.000000 0.000000
28 39 0.000000 0.000000
29 39 0.000000 0.000000
30 39 0.000000 0.000000
31 39 0.000000 0.000000
32 39 0.000000 0.000000
33 39 0.000000 0.000000
34 39 0.000000 0.000000
35 39 0.000000 0.000000
36 39 0.000000 0.000000
37 39 0.000000 0.000000
38 39 0.000000 0.000000
39 39 0.000000 0.000000
40 39 0.000000 0.000000
41 39 0.000000 0.000000
42 39 0.000000 0.000000
43 39 0.000000 0.000000
44 39 0.000000 0.000000
0 38 0.000000 0.000000
1 38 0.000000 0.000000
2 38 0.000000 0.000000
3 38 0.000000 0.000000
4 38 0.000000 0.000000
5 38 0.000000 0.000000
6 38 0.000000 0.000000
7 38 0.000000 0.000000
8 38 0.000000 0.000000
9 38 0.000000 0.000000
10 38 0.000000 0.000000
11 38 0.000000 0.000000
12 38 0.000000 0.000000
13 38 0.000000 0.000000
14 38 111.131221 -1.179229
15 38 133.500960 -1.144838
16 38 155.164308 -1.110768
17 38 151.436265 -1.072341
18 38 125.928219 -1.039174
19 38 104.598506 -1.013019
20 38 0.000000 0.000000
21 38 0.000000 0.000000
22 38 0.000000 0.000000
23 38 0.000000 0.000000
24 38 0.000000 0.000000
25 38 0.000000 0.000000
26 38 0.000000 0.000000
27 38 0.000000 0.000000
28 38 0.000000 0.000000
29 38 0.000000 0.000000
30 38 0.000000 0.000000
31 38 0.000000 0.000000
32 38 0.000000 0.000000
33 38 0.000000 0.000000
34 38 0.000000 0.000000
35 38 0.000000 0.000000
36 38 0.000000 0.000000
37 38 0.000000 0.000000
38 38 0.000000 0.000000
39 38 0.000000 0.000000
40 38 0.000000 0.000000
41 38 0.000000 0.000000
42 38 0.000000 0.000000
43 38 0.000000 0.000000
44 38 0.000000 0.000000
0 37 0.000000 0.000000
1 37 0.000000 0.000000
2 37 0.000000 0.000000
3 37 0.000000 0.000000
4 37 0.000000 0.000000
5 37 0.000000 0.000000
6 37 0.000000 0.000000
7 37 0.000000 0.000000
8 37 0.000000 0.000000
9 37 0.000000 0.000000
10 37 0.000000 0.000000
11 37 0.000000 0.000000
12 37 0.000000 0.000000
13 37 0.000000 0.000000
14 37 101.956360 -1.095685
15 37 124.610014 -1.043617
16 37 149.876912 -1.007222
17 37 157.603381 -0.965904
18 37 138.331709 -0.931490
19 37 118.428422 -0.911378
20 37 0.000000 0.000000
21 37 0.000000 0.000000
22 37 0.000000 0.000000
23 37 0.000000 0.000000
24 37 0.000000 0.000000
25 37 0.000000 0.000000
26 37 0.000000 0.000000
27 37 0.000000 0.000000
28 37 0.000000 0.000000
29 37 0.000000 0.000000
30 37 0.000000 0.000000
31 37 0.000000 0.000000
32 37 0.000000 0.000000
33 37 0.000000 0.000000
34 37 0.000000 0.000000
35 37 0.000000 0.000000
36 37 0.000000 0.000000
37 37 0.000000 0.000000
38 37 0.000000 0.000000
39 37 0.000000 0.000000
40 37 0.000000 0.000000
41 37 0.000000 0.000000
42 37 0.000000 0.000000
43 37 0.000000 0.000000
44 37 0.000000 0.000000
0 36 0.000000 0.000000
1 36 0.000000 0.000000
2 36 0.000000 0.000000
3 36 0.000000 0.000000
4 36 0.000000 0.000000
5 36 0.000000 0.000000
6 36 0.000000 0.000000
7 36 0.000000 0.000000
8 36 0.000000 0.000000
9 36 0.000000 0.000000
10 36 0.000000 0.000000
11 36 0.000000 0.000000
12 36 0.000000 0.000000
13 36 0.000000 0.000000
14 36 0.000000 0.000000
15 36 107.778746 -0.930268
16 36 130.945582 -0.895206
17 36 151.349225 -0.853672
18 36 142.460468 -0.818816
19 36 118.180234 -0.801981
20 36 0.000000 0.000000
21 36 0.000000 0.000000
22 36 0.000000 0.000000
23 36 0.000000 0.000000
24 36 0.000000 0.000000
25 36 0.000000 0.000000
26 36 0.000000 0.000000
27 36 0.000000 0.000000
28 36 0.000000 0.000000
29 36 0.000000 0.000000
30 36 0.000000 0.000000
31 36 0.000000 0.000000
32 36 0.000000 0.000000
33 36 0.000000 0.000000
34 36 0.000000 0.000000
35 36 0.000000 0.000000
36 36 0.000000 0.000000
37 36 0.000000 0.000000
38 36 0.000000 0.000000
39 36 0.000000 0.000000
40 36 0.000000 0.000000
41 36 0.000000 0.000000
42 36 0.000000 0.000000
43 36 0.000000 0.000000
44 36 0.000000 0.000000
0 35 0.000000 0.000000
1 35 0.000000 0.000000
2 35 0.000000 0.000000
3 35 0.000000 0.000000
4 35 0.000000 0.000000
5 35 0.000000 0.000000
6 35 0.000000 0.000000
7 35 0.000000 0.000000
8 35 0.000000 0.000000
9 35 0.000000 0.000000
10 35 0.000000 0.000000
11 35 0.000000 0.000000
12 35 0.000000 0.000000
13 35 0.000000 0.000000
14 35 0.000000 0.000000
15 35 92.104186 -0.800775
16 35 119.332433 -0.765087
17 35 147.149481 -0.729442
18 35 146.044447 -0.696986
19 35 118.305386 -0.675375
20 35 92.508309 -0.634119
21 35 0.000000 0.000000
22 35 0.000000 0.000000
23 35 0.000000 0.000000
24 35 0.000000 0.000000
25 35 0.000000 0.000000
26 35 0.000000 0.000000
27 35 0.000000 0.000000
28 35 0.000000 0.000000
29 35 0.000000 0.000000
30 35 0.000000 0.000000
31 35 0.000000 0.000000
32 35 0.000000 0.000000
33 35 0.000000 0.000000
34 35 0.000000 0.000000
35 35 0.000000 0.000000
36 35 0.000000 0.000000
37 35 0.000000 0.000000
38 35 0.000000 0.000000
39 35 0.000000 0.000000
40 35 0.000000 0.000000
41 35 0.000000 0.000000
42 35 0.000000 0.000000
43 35 0.000000 0.000000
44 35 0.000000 0.000000
0 34 0.000000 0.000000
1 34 0.000000 0.000000
2 34 0.000000 0.000000
3 34 0.000000 0.000000
4 34 0.000000 0.000000
5 34 0.000000 0.000000
6 34 0.000000 0.000000
7 34 0.000000 0.000000
8 34 0.000000 0.000000
9 34 0.000000 0.000000
10 34 0.000000 0.000000
11 34 0.000000 0.000000
12 34 0.000000 0.000000
13 34 0.000000 0.000000
14 34 0.000000 0.000000
15 34 87.909874 -0.664405
16 34 118.894893 -0.635548
17 34 153.182299 -0.607679
18 34 157.524234 -0.579491
19 34 129.802163 -0.556720
20 34 103.188940 -0.533233
21 34 0.000000 0.000000
22 34 0.000000 0.000000
23 34 0.000000 0.000000
24 34 0.000000 0.000000
25 34 0.000000 0.000000
26 34 0.000000 0.000000
27 34 0.000000 0.000000
28 34 0.000000 0.000000
29 34 0.000000 0.000000
30 34 0.000000 0.000000
31 34 0.000000 0.000000
32 34 0.000000 0.000000
33 34 0.000000 0.000000
34 34 0.000000 0.000000
35 34 0.000000 0.000000
36 34 0.000000 0.000000
37 34 0.000000 0.000000
38 34 0.000000 0.000000
39 34 0.000000 0.000000
40 34 0.000000 0.000000
41 34 0.000000 0.000000
42 34 0.000000 0.000000
43 34 0.000000 0.000000
44 34 0.000000 0.000000
0 33 0.000000 0.000000
1 33 0.000000 0.000000
2 33 0.000000 0.000000
3 33 0.000000 0.000000
4 33 0.000000 0.000000
5 33 0.000000 0.000000
6 33 0.000000 0.000000
7 33 0.000000 0.000000
8 33 0.000000 0.000000
9 33 0.000000 0.000000
10 33 0.000000 0.000000
11 33 0.000000 0.000000
12 33 0.000000 0.000000
13 33 0.000000 0.000000
14 33 0.000000 0.000000
15 33 84.805570 -0.542096
16 33 118.067589 -0.519680
17 33 158.678348 -0.498476
18 33 169.114943 -0.473484
19 33 144.308991 -0.448988
20 33 113.839977 -0.427153
21 33 0.000000 0.000000
22 33 0.000000 0.000000
23 33 0.000000 0.000000
24 33 0.000000 0.000000
25 33 0.000000 0.000000
26 33 0.000000 0.000000
27 33 0.000000 0.000000
28 33 0.000000 0.000000
29 33 0.000000 0.000000
30 33 0.000000 0.000000
31 33 0.000000 0.000000
32 33 0.000000 0.000000
33 33 0.000000 0.000000
34 33 0.000000 0.000000
35 33 0.000000 0.000000
36 33 0.000000 0.000000
37 33 0.000000 0.000000
38 33 0.000000 0.000000
39 33 0.000000 0.000000
40 33 0.000000 0.000000
41 33 0.000000 0.000000
42 33 0.000000 0.000000
43 33 0.000000 0.000000
44 33 0.000000 0.000000
0 32 0.000000 0.000000
1 32 0.000000 0.000000
2 32 0.000000 0.000000
3 32 0.000000 0.000000
4 32 0.000000 0.000000
5 32 0.000000 0.000000
6 32 0.000000 0.000000
7 32 0.000000 0.000000
8 32 0.000000 0.000000
9 32 0.000000 0.000000
10 32 0.000000 0.000000
11 32 0.000000 0.000000
12 32 0.000000 0.000000
13 32 0.000000 0.000000
14 32 0.000000 0.000000
15 32 83.443603 -0.427703
16 32 114.940091 -0.411629
17 32 157.410804 -0.396242
18 32 174.025771 -0.373901
19 32 155.017630 -0.347446
20 32 121.900312 -0.318219
21 32 100.373463 -0.265572
22 32 0.000000 0.000000
23 32 0.000000 0.000000
24 32 0.000000 0.000000
25 32 0.000000 0.000000
26 32 0.000000 0.000000
27 32 0.000000 0.000000
28 32 0.000000 0.000000
29 32 0.000000 0.000000
30 32 0.000000 0.000000
31 32 0.000000 0.000000
32 32 0.000000 0.000000
33 32 0.000000 0.000000
34 32 0.000000 0.000000
35 32 0.000000 0.000000
36 32 0.000000 0.000000
37 32 0.000000 0.000000
38 32 0.000000 0.000000
39 32 0.000000 0.000000
40 32 0.000000 0.000000
41 32 0.000000 0.000000
42 32 0.000000 0.000000
43 32 0.000000 0.000000
44 32 0.000000 0.000000
0 31 0.000000 0.000000
1 31 0.000000 0.000000
2 31 0.000000 0.000000
3 31 0.000000 0.000000
4 31 0.000000 0.000000
5 31 0.000000 0.000000
6 31 0.000000 0.000000
7 31 0.000000 0.000000
8 31 0.000000 0.000000
9 31 0.000000 0.000000
10 31 0.000000 0.000000
11 31 0.000000 0.000000
12 31 0.000000 0.000000
13 31 0.000000 0.000000
14 31 0.000000 0.000000
15 31 79.411023 -0.316090
16 31 112.469505 -0.306890
17 31 156.023614 -0.297109
18 31 180.267737 -0.279052
19 31 169.348622 -0.253187
20 31 137.712103 -0.221549
21 31 114.086771 -0.179656
22 31 0.000000 0.000000
23 31 0.000000 0.000000
24 31 0.000000 0.000000
25 31 0.000000 0.000000
26 31 0.000000 0.000000
27 31 0.000000 0.000000
28 31 0.000000 0.000000
29 31 0.000000 0.000000
30 31 0.000000 0.000000
31 31 0.000000 0.000000
32 31 0.000000 0.000000
33 31 0.000000 0.000000
34 31 0.000000 0.000000
35 31 0.000000 0.000000
36 31 0.000000 0.000000
37 31 0.000000 0.000000
38 31 0.000000 0.000000
39 31 0.000000 0.000000
40 31 0.000000 0.000000
41 31 0.000000 0.000000
42 31 0.000000 0.000000
43 31 0.000000 0.000000
44 31 0.000000 0.000000
0 30 0.000000 0.000000
1 30 0.000000 0.000000
2 30 0.000000 0.000000
3 30 0.000000 0.000000
4 30 0.000000 0.000000
5 30 0.000000 0.000000
6 30 0.000000 0.000000
7 30 0.000000 0.000000
8 30 0.000000 0.000000
9 30 0.000000 0.000000
10 30 0.000000 0.000000
11 30 0.000000 0.000000
12 30 0.000000 0.000000
13 30 0.000000 0.000000
14 30 67.492055 -0.146551
15 30 78.278868 -0.197080
16 30 113.205481 -0.205357
17 30 159.266731 -0.204520
18 30 191.556724 -0.194042
19 30 191.098117 -0.172354
20 30 164.914466 -0.140135
21 30 138.662053 -0.094466
22 30 123.522021 -0.021937
23 30 112.511968 0.056578
24 30 108.072878 0.139119
25 30 108.737752 0.219204
26 30 111.392755 0.292712
27 30 115.023101 0.358535
28 30 119.688814 0.415881
29 30 122.077044 0.455502
30 30 0.000000 0.000000
31 30 0.000000 0.000000
32 30 0.000000 0.000000
33 30 0.000000 0.000000
34 30 0.000000 0.000000
35 30 0.000000 0.000000
36 30 0.000000 0.000000
37 30 0.000000 0.000000
38 30 0.000000 0.000000
39 30 0.000000 0.000000
40 30 0.000000 0.000000
41 30 0.000000 0.000000
42 30 0.000000 0.000000
43 30 0.000000 0.000000
44 30 0.000000 0.000000
0 29 0.000000 0.000000
1 29 0.000000 0.000000
2 29 0.000000 0.000000
3 29 0.000000 0.000000
4 29 0.000000 0.000000
5 29 0.000000 0.000000
6 29 0.000000 0.000000
7 29 0.000000 0.000000
8 29 0.000000 0.000000
9 29 0.000000 0.000000
10 29 0.000000 0.000000
11 29 0.000000 0.000000
12 29 0.000000 0.000000
13 29 0.000000 0.000000
14 29 74.696508 -0.054396
15 29 86.554730 -0.089695
16 29 121.488360 -0.111440
17 29 168.278262 -0.122342
18 29 203.641690 -0.121520
19 29 212.260188 -0.106869
20 29 197.668464 -0.079447
21 29 175.772709 -0.040473
22 29 155.266168 0.012033
23 29 135.211461 0.075189
24 29 123.310640 0.148930
25 29 122.069582 0.225103
26 29 122.558359 0.296919
27 29 121.954891 0.364486
28 29 122.205650 0.425786
29 29 119.213983 0.476734
30 29 114.111867 0.518937
31 29 0.000000 0.000000
32 29 0.000000 0.000000
33 29 0.000000 0.000000
34 29 0.000000 0.000000
35 29 0.000000 0.000000
36 29 0.000000 0.000000
37 29 0.000000 0.000000
38 29 0.000000 0.000000
39 29 0.000000 0.000000
40 29 0.000000 0.000000
41 29 0.000000 0.000000
42 29 0.000000 0.000000
43 29 0.000000 0.000000
44 29 0.000000 0.000000
0 28 0.000000 0.000000
1 28 0.000000 0.000000
2 28 0.000000 0.000000
3 28 0.000000 0.000000
4 28 0.000000 0.000000
5 28 0.000000 0.000000
6 28 0.000000 0.000000
7 28 0.000000 0.000000
8 28 0.000000 0.000000
9 28 0.000000 0.000000
10 28 0.000000 0.000000
11 28 0.000000 0.000000
12 28 0.000000 0.000000
13 28 87.627598 0.083465
14 28 91.246849 0.034698
15 28 107.835218 -0.002783
16 28 141.299966 -0.032454
17 28 181.992342 -0.052314
18 28 212.260663 -0.059596
19 28 224.278981 -0.052290
20 28 222.190171 -0.031461
21 28 211.689026 0.000728
22 28 192.881464 0.043540
23 28 167.898789 0.097038
24 28 149.460824 0.162294
25 28 141.975745 0.233634
26 28 136.797271 0.305287
27 28 130.808361 0.376698
28 28 123.215744 0.444283
29 28 108.818613 0.503451
30 28 97.307357 0.548380
31 28 0.000000 0.000000
32 28 0.000000 0.000000
33 28 0.000000 0.000000
34 28 0.000000 0.000000
35 28 0.000000 0.000000
36 28 0.000000 0.000000
37 28 0.000000 0.000000
38 28 0.000000 0.000000
39 28 0.000000 0.000000
40 28 0.000000 0.000000
41 28 0.000000 0.000000
42 28 0.000000 0.000000
43 28 0.000000 0.000000
44 28 0.000000 0.000000
0 27 0.000000 0.000000
1 27 0.000000 0.000000
2 27 0.000000 0.000000
3 27 0.000000 0.000000
4 27 0.000000 0.000000
5 27 0.000000 0.000000
6 27 0.000000 0.000000
7 27 0.000000 0.000000
8 27 0.000000 0.000000
9 27 0.000000 0.000000
10 27 0.000000 0.000000
11 27 0.000000 0.000000
12 27 85.923882 0.175073
13 27 93.189938 0.136021
14 27 108.647615 0.096703
15 27 132.614362 0.062122
16 27 161.862284 0.031638
17 27 190.628938 0.007931
18 27 211.645461 -0.004507
19 27 221.904557 -0.003667
20 27 222.933457 0.009502
21 27 216.789608 0.034849
22 27 203.259324 0.072648
23 27 184.487724 0.121726
24 27 168.195799 0.180965
25 27 155.233596 0.247660
26 27 141.282003 0.320799
27 27 128.672760 0.401233
28 27 116.363077 0.482642
29 27 96.805749 0.558768
30 27 74.090255 0.620250
31 27 0.000000 0.000000
32 27 0.000000 0.000000
33 27 0.000000 0.000000
34 27 0.000000 0.000000
35 27 0.000000 0.000000
36 27 0.000000 0.000000
37 27 0.000000 0.000000
38 27 0.000000 0.000000
39 27 0.000000 0.000000
40 27 0.000000 0.000000
41 27 0.000000 0.000000
42 27 0.000000 0.000000
43 27 0.000000 0.000000
44 27 0.000000 0.000000
0 26 0.000000 0.000000
1 26 0.000000 0.000000
2 26 0.000000 0.000000
3 26 0.000000 0.000000
4 26 0.000000 0.000000
5 26 0.000000 0.000000
6 26 0.000000 0.000000
7 26 0.000000 0.000000
8 26 0.000000 0.000000
9 26 0.000000 0.000000
10 26 0.000000 0.000000
11 26 0.000000 0.000000
12 26 72.091013 0.222796
13 26 86.612320 0.202222
14 26 110.526541 0.161158
15 26 138.560441 0.124213
16 26 165.077425 0.091399
17 26 185.734790 0.064917
18 26 199.025311 0.049054
19 26 204.373302 0.045349
20 26 201.406303 0.052079
21 26 193.281408 0.069480
22 26 183.349869 0.101650
23 26 171.267096 0.148516
24 26 158.070751 0.205795
25 26 142.017291 0.271581
26 26 120.549578 0.349872
27 26 104.601989 0.449115
28 26 99.232696 0.555191
29 26 90.840284 0.654715
30 26 68.898852 0.749334
31 26 46.005192 0.886978
32 26 0.000000 0.000000
33 26 0.000000 0.000000
34 26 0.000000 0.000000
35 26 0.000000 0.000000
36 26 0.000000 0.000000
37 26 0.000000 0.000000
38 26 0.000000 0.000000
39 26 0.000000 0.000000
40 26 0.000000 0.000000
41 26 0.000000 0.000000
42 26 0.000000 0.000000
43 26 0.000000 0.000000
44 26 0.000000 0.000000
0 25 0.000000 0.000000
1 25 0.000000 0.000000
2 25 0.000000 0.000000
3 25 0.000000 0.000000
4 25 0.000000 0.000000
5 25 0.000000 0.000000
6 25 0.000000 0.000000
7 25 0.000000 0.000000
8 25 0.000000 0.000000
9 25 0.000000 0.000000
10 25 0.000000 0.000000
11 25 0.000000 0.000000
12 25 60.336213 0.311347
13 25 76.699596 0.312660
14 25 97.282515 0.249026
15 25 126.671837 0.198707
16 25 151.592848 0.157385
17 25 167.434566 0.125743
18 25 175.117399 0.106899
19 25 175.492226 0.101123
20 25 167.909116 0.104887
21 25 155.202491 0.115728
22 25 142.534523 0.138844
23 25 131.399837 0.184186
24 25 120.637370 0.246359
25 25 106.487558 0.319368
26 25 85.698162 0.410117
27 25 76.698216 0.539679
28 25 85.540259 0.665749
29 25 92.935028 0.768597
30 25 82.104509 0.867450
31 25 57.065413 0.989232
32 25 34.317833 1.000000
33 25 34.227748 1.000000
34 25 0.000000 0.000000
35 25 0.000000 0.000000
36 25 0.000000 0.000000
37 25 0.000000 0.000000
38 25 0.000000 0.000000
39 25 0.000000 0.000000
40 25 0.000000 0.000000
41 25 0.000000 0.000000
42 25 0.000000 0.000000
43 25 0.000000 0.000000
44 25 0.000000 0.000000
0 24 0.000000 0.000000
1 24 0.000000 0.000000
2 24 0.000000 0.000000
3 24 0.000000 0.000000
4 24 0.000000 0.000000
5 24 0.000000 0.000000
6 24 0.000000 0.000000
7 24 0.000000 0.000000
8 24 0.000000 0.000000
9 24 0.000000 0.000000
10 24 0.000000 0.000000
11 24 0.000000 0.000000
12 24 0.000000 0.000000
13 24 73.077568 0.461620
14 24 90.602661 0.366418
15 24 115.626378 0.293128
16 24 131.229691 0.238428
17 24 136.353039 0.199465
18 24 137.516336 0.178163
19 24 136.062073 0.173308
20 24 127.247037 0.178744
21 24 110.280678 0.188924
22 24 91.699434 0.205787
23 24 81.146219 0.252481
24 24 79.941320 0.331531
25 24 75.796872 0.427629
26 24 63.896431 0.546353
27 24 64.664419 0.689932
28 24 80.220865 0.796299
29 24 95.458298 0.878849
30 24 96.691260 0.963583
31 24 77.436366 1.000000
32 24 48.891534 1.000000
33 24 44.333549 1.000000
34 24 0.000000 0.000000
35 24 0.000000 0.000000
36 24 0.000000 0.000000
37 24 0.000000 0.000000
38 24 0.000000 0.000000
39 24 0.000000 0.000000
40 24 0.000000 0.000000
41 24 0.000000 0.000000
42 24 0.000000 0.000000
43 24 0.000000 0.000000
44 24 0.000000 0.000000
0 23 0.000000 0.000000
1 23 0.000000 0.000000
2 23 0.000000 0.000000
3 23 0.000000 0.000000
4 23 0.000000 0.000000
5 23 0.000000 0.000000
6 23 0.000000 0.000000
7 23 0.000000 0.000000
8 23 0.000000 0.000000
9 23 0.000000 0.000000
10 23 0.000000 0.000000
11 23 0.000000 0.000000
12 23 64.970253 0.881536
13 23 68.775648 0.661197
14 23 84.021185 0.501730
15 23 101.296092 0.406396
16 23 105.178466 0.343111
17 23 98.887121 0.304831
18 23 91.636985 0.288864
19 23 86.839809 0.291068
20 23 79.483896 0.307512
21 23 65.417490 0.334796
22 23 47.896923 0.367094
23 23 41.213582 0.429448
24 23 48.456469 0.514267
25 23 55.789386 0.627124
26 23 55.461239 0.765818
27 23 59.823126 0.878335
28 23 72.639040 0.935746
29 23 85.964863 0.987001
30 23 93.788785 1.000000
31 23 92.086273 1.000000
32 23 82.705116 1.000000
33 23 79.415205 1.000000
34 23 0.000000 0.000000
35 23 0.000000 0.000000
36 23 0.000000 0.000000
37 23 0.000000 0.000000
38 23 0.000000 0.000000
39 23 0.000000 0.000000
40 23 0.000000 0.000000
41 23 0.000000 0.000000
42 23 0.000000 0.000000
43 23 0.000000 0.000000
44 23 0.000000 0.000000
0 22 0.000000 0.000000
1 22 0.000000 0.000000
2 22 0.000000 0.000000
3 22 0.000000 0.000000
4 22 0.000000 0.000000
5 22 0.000000 0.000000
6 22 0.000000 0.000000
7 22 0.000000 0.000000
8 22 0.000000 0.000000
9 22 0.000000 0.000000
10 22 106.489656 1.000000
11 22 77.656113 1.000000
12 22 48.312322 1.000000
13 22 39.503598 0.840386
14 22 56.057330 0.662328
15 22 70.218222 0.555244
16 22 73.926518 0.495014
17 22 70.758388 0.484161
18 22 64.680055 0.510359
19 22 59.088888 0.553349
20 22 54.629875 0.607850
21 22 50.586930 0.682287
22 22 42.853551 0.769624
23 22 37.978986 0.862886
24 22 36.282147 0.893249
25 22 42.945707 0.945221
26 22 52.979567 1.000000
27 22 62.002990 1.000000
28 22 70.538273 1.000000
29 22 78.310240 1.000000
30 22 88.993273 1.000000
31 22 105.008857 1.000000
32 22 123.512387 1.000000
33 22 136.761225 1.000000
34 22 0.000000 0.000000
35 22 0.000000 0.000000
36 22 0.000000 0.000000
37 22 0.000000 0.000000
38 22 0.000000 0.000000
39 22 0.000000 0.000000
40 22 0.000000 0.000000
41 22 0.000000 0.000000
42 22 0.000000 0.000000
43 22 0.000000 0.000000
44 22 0.000000 0.000000
0 21 0.000000 0.000000
1 21 0.000000 0.000000
2 21 0.000000 0.000000
3 21 0.000000 0.000000
4 21 0.000000 0.000000
5 21 0.000000 0.000000
6 21 0.000000 0.000000
7 21 0.000000 0.000000
8 21 0.000000 0.000000
9 21 0.000000 0.000000
10 21 119.268849 1.000000
11 21 71.606386 1.000000
12 21 35.111592 1.000000
13 21 36.954682 1.000000
14 21 44.331245 1.000000
15 21 43.482247 0.886534
16 21 45.885922 0.782812
17 21 54.833680 0.771704
18 21 62.053803 0.822365
19 21 64.320209 0.898055
20 21 62.020726 0.977745
21 21 56.011301 1.000000
22 21 44.612214 1.000000
23 21 39.174964 1.000000
24 21 40.385700 1.000000
25 21 49.410281 1.000000
26 21 65.870877 1.000000
27 21 80.080650 1.000000
28 21 79.781488 1.000000
29 21 83.538387 1.000000
30 21 97.794354 1.000000
31 21 124.702123 1.000000
32 21 160.922519 1.000000
33 21 186.514135 1.000000
34 21 0.000000 0.000000
35 21 0.000000 0.000000
36 21 0.000000 0.000000
37 21 0.000000 0.000000
38 21 0.000000 0.000000
39 21 0.000000 0.000000
40 21 0.000000 0.000000
41 21 0.000000 0.000000
42 21 0.000000 0.000000
43 21 0.000000 0.000000
44 21 0.000000 0.000000
0 20 0.000000 0.000000
1 20 0.000000 0.000000
2 20 0.000000 0.000000
3 20 0.000000 0.000000
4 20 0.000000 0.000000
5 20 0.000000 0.000000
6 20 0.000000 0.000000
7 20 0.000000 0.000000
8 20 0.000000 0.000000
9 20 0.000000 0.000000
10 20 132.231244 1.000000
11 20 83.136543 1.000000
12 20 50.353471 1.000000
13 20 44.100940 1.000000
14 20 46.136422 1.000000
15 20 45.187271 1.000000
16 20 42.721250 1.000000
17 20 44.002960 1.000000
18 20 54.250981 1.000000
19 20 65.107105 1.000000
20 20 68.114238 1.000000
21 20 61.805495 1.000000
22 20 48.976914 1.000000
23 20 46.787954 1.000000
24 20 53.572747 1.000000
25 20 75.762965 1.000000
26 20 100.602402 1.000000
27 20 111.847732 1.000000
28 20 0.000000 0.000000
29 20 0.000000 0.000000
30 20 0.000000 0.000000
31 20 0.000000 0.000000
32 20 0.000000 0.000000
33 20 0.000000 0.000000
34 20 0.000000 0.000000
35 20 0.000000 0.000000
36 20 0.000000 0.000000
37 20 0.000000 0.000000
38 20 0.000000 0.000000
39 20 0.000000 0.000000
40 20 0.000000 0.000000
41 20 0.000000 0.000000
42 20 0.000000 0.000000
43 20 0.000000 0.000000
44 20 0.000000 0.000000
0 19 0.000000 0.000000
1 19 0.000000 0.000000
2 19 0.000000 0.000000
3 19 0.000000 0.000000
4 19 0.000000 0.000000
5 19 0.000000 0.000000
6 19 0.000000 0.000000
7 19 0.000000 0.000000
8 19 0.000000 0.000000
9 19 0.000000 0.000000
10 19 0.000000 0.000000
11 19 87.123735 1.000000
12 19 59.542493 1.000000
13 19 51.418905 1.000000
14 19 53.302413 1.000000
15 19 50.983597 1.000000
16 19 45.242714 1.000000
17 19 43.788239 1.000000
18 19 47.994216 1.000000
19 19 57.721309 1.000000
20 19 64.147787 1.000000
21 19 60.778683 1.000000
22 19 53.780810 1.000000
23 19 55.517356 1.000000
24 19 59.718727 1.000000
25 19 106.819062 1.000000
26 19 138.761045 1.000000
27 19 0.000000 0.000000
28 19 0.000000 0.000000
29 19 0.000000 0.000000
30 19 0.000000 0.000000
31 19 0.000000 0.000000
32 19 0.000000 0.000000
33 19 0.000000 0.000000
34 19 0.000000 0.000000
35 19 0.000000 0.000000
36 19 0.000000 0.000000
37 19 0.000000 0.000000
38 19 0.000000 0.000000
39 19 0.000000 0.000000
40 19 0.000000 0.000000
41 19 0.000000 0.000000
42 19 0.000000 0.000000
43 19 0.000000 0.000000
44 19 0.000000 0.000000
0 18 0.000000 0.000000
1 18 0.000000 0.000000
2 18 0.000000 0.000000
3 18 0.000000 0.000000
4 18 0.000000 0.000000
5 18 0.000000 0.000000
6 18 0.000000 0.000000
7 18 0.000000 0.000000
8 18 0.000000 0.000000
9 18 0.000000 0.000000
10 18 0.000000 0.000000
11 18 0.000000 0.000000
12 18 67.988166 1.000000
13 18 59.220839 1.000000
14 18 59.532794 1.000000
15 18 58.643009 1.000000
16 18 52.129288 1.000000
17 18 46.930623 1.000000
18 18 47.812068 1.000000
19 18 53.528030 1.000000
20 18 58.951260 1.000000
21 18 63.843233 1.000000
22 18 73.395096 1.000000
23 18 85.586896 1.000000
24 18 0.000000 0.000000
25 18 0.000000 0.000000
26 18 0.000000 0.000000
27 18 0.000000 0.000000
28 18 0.000000 0.000000
29 18 0.000000 0.000000
30 18 0.000000 0.000000
31 18 0.000000 0.000000
32 18 0.000000 0.000000
33 18 0.000000 0.000000
34 18 0.000000 0.000000
35 18 0.000000 0.000000
36 18 0.000000 0.000000
37 18 0.000000 0.000000
38 18 0.000000 0.000000
39 18 0.000000 0.000000
40 18 0.000000 0.000000
41 18 0.000000 0.000000
42 18 0.000000 0.000000
43 18 0.000000 0.000000
44 18 0.000000 0.000000
0 17 0.000000 0.000000
1 17 0.000000 0.000000
2 17 0.000000 0.000000
3 17 0.000000 0.000000
4 17 0.000000 0.000000
5 17 0.000000 0.000000
6 17 0.000000 0.000000
7 17 0.000000 0.000000
8 17 0.000000 0.000000
9 17 0.000000 0.000000
10 17 0.000000 0.000000
11 17 0.000000 0.000000
12 17 63.974010 1.000000
13 17 62.450169 1.000000
14 17 61.494702 1.000000
15 17 59.194093 1.000000
16 17 52.386160 1.000000
17 17 47.658768 1.000000
18 17 47.598447 1.000000
19 17 53.181469 1.000000
20 17 66.872348 1.000000
21 17 90.782872 1.000000
22 17 119.049838 1.000000
23 17 133.188878 1.000000
24 17 0.000000 0.000000
25 17 0.000000 0.000000
26 17 0.000000 0.000000
27 17 0.000000 0.000000
28 17 0.000000 0.000000
29 17 0.000000 0.000000
30 17 0.000000 0.000000
31 17 0.000000 0.000000
32 17 0.000000 0.000000
33 17 0.000000 0.000000
34 17 0.000000 0.000000
35 17 0.000000 0.000000
36 17 0.000000 0.000000
37 17 0.000000 0.000000
38 17 0.000000 0.000000
39 17 0.000000 0.000000
40 17 0.000000 0.000000
41 17 0.000000 0.000000
42 17 0.000000 0.000000
43 17 0.000000 0.000000
44 17 0.000000 0.000000
0 16 0.000000 0.000000
1 16 0.000000 0.000000
2 16 0.000000 0.000000
3 16 0.000000 0.000000
4 16 0.000000 0.000000
5 16 0.000000 0.000000
6 16 0.000000 0.000000
7 16 0.000000 0.000000
8 16 0.000000 0.000000
9 16 0.000000 0.000000
10 16 0.000000 0.000000
11 16 0.000000 0.000000
12 16 63.368065 1.000000
13 16 60.821354 1.000000
14 16 59.427052 1.000000
15 16 56.209523 1.000000
16 16 50.035154 1.000000
17 16 46.126954 1.000000
18 16 45.419445 1.000000
19 16 55.022067 1.000000
20 16 89.921618 1.000000
21 16 137.580707 1.000000
22 16 170.434426 1.000000
23 16 0.000000 0.000000
24 16 0.000000 0.000000
25 16 0.000000 0.000000
26 16 0.000000 0.000000
27 16 0.000000 0.000000
28 16 0.000000 0.000000
29 16 0.000000 0.000000
30 16 0.000000 0.000000
31 16 0.000000 0.000000
32 16 0.000000 0.000000
33 16 0.000000 0.000000
34 16 0.000000 0.000000
35 16 0.000000 0.000000
36 16 0.000000 0.000000
37 16 0.000000 0.000000
38 16 0.000000 0.000000
39 16 0.000000 0.000000
40 16 0.000000 0.000000
41 16 0.000000 0.000000
42 16 0.000000 0.000000
43 16 0.000000 0.000000
44 16 0.000000 0.000000
0 15 0.000000 0.000000
1 15 0.000000 0.000000
2 15 0.000000 0.000000
3 15 0.000000 0.000000
4 15 0.000000 0.000000
5 15 0.000000 0.000000
6 15 0.000000 0.000000
7 15 0.000000 0.000000
8 15 0.000000 0.000000
9 15 0.000000 0.000000
10 15 0.000000 0.000000
11 15 0.000000 0.000000
12 15 59.656563 1.000000
13 15 56.046099 1.000000
14 15 52.613111 1.000000
15 15 50.483870 1.000000
16 15 47.409928 1.000000
17 15 45.193326 1.000000
18 15 42.112039 1.000000
19 15 63.842732 1.000000
20 15 118.394240 1.000000
21 15 171.680173 1.000000
22 15 0.000000 0.000000
23 15 0.000000 0.000000
24 15 0.000000 0.000000
25 15 0.000000 0.000000
26 15 0.000000 0.000000
27 15 0.000000 0.000000
28 15 0.000000 0.000000
29 15 0.000000 0.000000
30 15 0.000000 0.000000
31 15 0.000000 0.000000
32 15 0.000000 0.000000
33 15 0.000000 0.000000
34 15 0.000000 0.000000
35 15 0.000000 0.000000
36 15 0.000000 0.000000
37 15 0.000000 0.000000
38 15 0.000000 0.000000
39 15 0.000000 0.000000
40 15 0.000000 0.000000
41 15 0.000000 0.000000
42 15 0.000000 0.000000
43 15 0.000000 0.000000
44 15 0.000000 0.000000
0 14 0.000000 0.000000
1 14 0.000000 0.000000
2 14 0.000000 0.000000
3 14 0.000000 0.000000
4 14 0.000000 0.000000
5 14 0.000000 0.000000
6 14 0.000000 0.000000
7 14 0.000000 0.000000
8 14 0.000000 0.000000
9 14 0.000000 0.000000
10 14 0.000000 0.000000
11 14 0.000000 0.000000
12 14 58.681886 1.000000
13 14 51.478329 1.000000
14 14 44.887579 1.000000
15 14 44.512439 1.000000
16 14 44.804574 1.000000
17 14 42.694369 1.000000
18 14 38.409688 1.000000
19 14 82.751364 1.000000
20 14 135.724858 1.000000
21 14 0.000000 0.000000
22 14 0.000000 0.000000
23 14 0.000000 0.000000
24 14 0.000000 0.000000
25 14 0.000000 0.000000
26 14 0.000000 0.000000
27 14 0.000000 0.000000
28 14 0.000000 0.000000
29 14 0.000000 0.000000
30 14 0.000000 0.000000
31 14 0.000000 0.000000
32 14 0.000000 0.000000
33 14 0.000000 0.000000
34 14 0.000000 0.000000
35 14 0.000000 0.000000
36 14 0.000000 0.000000
37 14 0.000000 0.000000
38 14 0.000000 0.000000
39 14 0.000000 0.000000
40 14 0.000000 0.000000
41 14 0.000000 0.000000
42 14 0.000000 0.000000
43 14 0.000000 0.000000
44 14 0.000000 0.000000
0 13 0.000000 0.000000
1 13 0.000000 0.000000
2 13 0.000000 0.000000
3 13 0.000000 0.000000
4 13 0.000000 0.000000
5 13 0.000000 0.000000
6 13 0.000000 0.000000
7 13 0.000000 0.000000
8 13 0.000000 0.000000
9 13 0.000000 0.000000
10 13 0.000000 0.000000
11 13 0.000000 0.000000
12 13 54.649757 1.000000
13 13 47.562641 1.000000
14 13 40.213788 1.000000
15 13 39.280852 1.000000
16 13 40.499815 1.000000
17 13 33.295795 1.000000
18 13 54.457693 1.000000
19 13 97.638976 1.000000
20 13 0.000000 0.000000
21 13 0.000000 0.000000
22 13 0.000000 0.000000
23 13 0.000000 0.000000
24 13 0.000000 0.000000
25 13 0.000000 0.000000
26 13 0.000000 0.000000
27 13 0.000000 0.000000
28 13 0.000000 0.000000
29 13 0.000000 0.000000
30 13 0.000000 0.000000
31 13 0.000000 0.000000
32 13 0.000000 0.000000
33 13 0.000000 0.000000
34 13 0.000000 0.000000
35 13 0.000000 0.000000
36 13 0.000000 0.000000
37 13 0.000000 0.000000
38 13 0.000000 0.000000
39 13 0.000000 0.000000
40 13 0.000000 0.000000
41 13 0.000000 0.000000
42 13 0.000000 0.000000
43 13 0.000000 0.000000
44 13 0.000000 0.000000
0 12 0.000000 0.000000
1 12 0.000000 0.000000
2 12 0.000000 0.000000
3 12 0.000000 0.000000
4 12 0.000000 0.000000
5 12 0.000000 0.000000
6 12 0.000000 0.000000
7 12 0.000000 0.000000
8 12 0.000000 0.000000
9 12 0.000000 0.000000
10 12 0.000000 0.000000
11 12 0.000000 0.000000
12 12 0.000000 0.000000
13 12 49.182762 1.000000
14 12 48.506858 1.000000
15 12 44.702608 1.000000
16 12 39.386728 1.000000
17 12 38.355986 1.000000
18 12 74.185415 1.000000
19 12 0.000000 0.000000
20 12 0.000000 0.000000
21 12 0.000000 0.000000
22 12 0.000000 0.000000
23 12 0.000000 0.000000
24 12 0.000000 0.000000
25 12 0.000000 0.000000
26 12 0.000000 0.000000
27 12 0.000000 0.000000
28 12 0.000000 0.000000
29 12 0.000000 0.000000
30 12 0.000000 0.000000
31 12 0.000000 0.000000
32 12 0.000000 0.000000
33 12 0.000000 0.000000
34 12 0.000000 0.000000
35 12 0.000000 0.000000
36 12 0.000000 0.000000
37 12 0.000000 0.000000
38 12 0.000000 0.000000
39 12 0.000000 0.000000
40 12 0.000000 0.000000
41 12 0.000000 0.000000
42 12 0.000000 0.000000
43 12 0.000000 0.000000
44 12 0.000000 0.000000
0 11 0.000000 0.000000
1 11 0.000000 0.000000
2 11 0.000000 0.000000
3 11 0.000000 0.000000
4 11 0.000000 0.000000
5 11 0.000000 0.000000
6 11 0.000000 0.000000
7 11 0.000000 0.000000
8 11 0.000000 0.000000
9 11 0.000000 0.000000
10 11 0.000000 0.000000
11 11 0.000000 0.000000
12 11 0.000000 0.000000
13 11 0.000000 0.000000
14 11 62.533489 1.000000
15 11 54.442732 1.000000
16 11 41.052718 1.000000
17 11 66.148250 1.000000
18 11 0.000000 0.000000
19 11 0.000000 0.000000
20 11 0.000000 0.000000
21 11 0.000000 0.000000
22 11 0.000000 0.000000
23 11 0.000000 0.000000
24 11 0.000000 0.000000
25 11 0.000000 0.000000
26 11 0.000000 0.000000
27 11 0.000000 0.000000
28 11 0.000000 0.000000
29 11 0.000000 0.000000
30 11 0.000000 0.000000
31 11 0.000000 0.000000
32 11 0.000000 0.000000
33 11 0.000000 0.000000
34 11 0.000000 0.000000
35 11 0.000000 0.000000
36 11 0.000000 0.000000
37 11 0.000000 0.000000
38 11 0.000000 0.000000
39 11 0.000000 0.000000
40 11 0.000000 0.000000
41 11 0.000000 0.000000
42 11 0.000000 0.000000
43 11 0.000000 0.000000
44 11 0.000000 0.000000
0 10 0.000000 0.000000
1 10 0.000000 0.000000
2 10 0.000000 0.000000
3 10 0.000000 0.000000
4 10 0.000000 0.000000
5 10 0.000000 0.000000
6 10 0.000000 0.000000
7 10 0.000000 0.000000
8 10 0.000000 0.000000
9 10 0.000000 0.000000
10 10 0.000000 0.000000
11 10 0.000000 0.000000
12 10 0.000000 0.000000
13 10 0.000000 0.000000
14 10 0.000000 0.000000
15 10 0.000000 0.000000
16 10 0.000000 0.000000
17 10 0.000000 0.000000
18 10 0.000000 0.000000
19 10 0.000000 0.000000
20 10 0.000000 0.000000
21 10 0.000000 0.000000
22 10 0.000000 0.000000
23 10 0.000000 0.000000
24 10 0.000000 0.000000
25 10 0.000000 0.000000
26 10 0.000000 0.000000
27 10 0.000000 0.000000
28 10 0.000000 0.000000
29 10 0.000000 0.000000
30 10 0.000000 0.000000
31 10 0.000000 0.000000
32 10 0.000000 0.000000
33 10 0.000000 0.000000
34 10 0.000000 0.000000
35 10 0.000000 0.000000
36 10 0.000000 0.000000
37 10 0.000000 0.000000
38 10 0.000000 0.000000
39 10 0.000000 0.000000
40 10 0.000000 0.000000
41 10 0.000000 0.000000
42 10 0.000000 0.000000
43 10 0.000000 0.000000
44 10 0.000000 0.000000
0 9 0.000000 0.000000
1 9 0.000000 0.000000
2 9 0.000000 0.000000
3 9 0.000000 0.000000
4 9 0.000000 0.000000
5 9 0.000000 0.000000
6 9 0.000000 0.000000
7 9 0.000000 0.000000
8 9 0.000000 0.000000
9 9 0.000000 0.000000
10 9 0.000000 0.000000
11 9 0.000000 0.000000
12 9 0.000000 0.000000
13 9 0.000000 0.000000
14 9 0.000000 0.000000
15 9 0.000000 0.000000
16 9 0.000000 0.000000
17 9 0.000000 0.000000
18 9 0.000000 0.000000
19 9 0.000000 0.000000
20 9 0.000000 0.000000
21 9 0.000000 0.000000
22 9 0.000000 0.000000
23 9 0.000000 0.000000
24 9 0.000000 0.000000
25 9 0.000000 0.000000
26 9 0.000000 0.000000
27 9 0.000000 0.000000
28 9 0.000000 0.000000
29 9 0.000000 0.000000
30 9 0.000000 0.000000
31 9 0.000000 0.000000
32 9 0.000000 0.000000
33 9 0.000000 0.000000
34 9 0.000000 0.000000
35 9 0.000000 0.000000
36 9 0.000000 0.000000
37 9 0.000000 0.000000
38 9 0.000000 0.000000
39 9 0.000000 0.000000
40 9 0.000000 0.000000
41 9 0.000000 0.000000
42 9 0.000000 0.000000
43 9 0.000000 0.000000
44 9 0.000000 0.000000
0 8 0.000000 0.000000
1 8 0.000000 0.000000
2 8 0.000000 0.000000
3 8 0.000000 0.000000
4 8 0.000000 0.000000
5 8 0.000000 0.000000
6 8 0.000000 0.000000
7 8 0.000000 0.000000
8 8 0.000000 0.000000
9 8 0.000000 0.000000
10 8 0.000000 0.000000
11 8 0.000000 0.000000
12 8 0.000000 0.000000
13 8 0.000000 0.000000
14 8 0.000000 0.000000
15 8 0.000000 0.000000
16 8 0.000000 0.000000
17 8 0.000000 0.000000
18 8 0.000000 0.000000
19 8 0.000000 0.000000
20 8 0.000000 0.000000
21 8 0.000000 0.000000
22 8 0.000000 0.000000
23 8 0.000000 0.000000
24 8 0.000000 0.000000
25 8 0.000000 0.000000
26 8 0.000000 0.000000
27 8 0.000000 0.000000
28 8 0.000000 0.000000
29 8 0.000000 0.000000
30 8 0.000000 0.000000
31 8 0.000000 0.000000
32 8 0.000000 0.000000
33 8 0.000000 0.000000
34 8 0.000000 0.000000
35 8 0.000000 0.000000
36 8 0.000000 0.000000
37 8 0.000000 0.000000
38 8 0.000000 0.000000
39 8 0.000000 0.000000
40 8 0.000000 0.000000
41 8 0.000000 0.000000
42 8 0.000000 0.000000
43 8 0.000000 0.000000
44 8 0.000000 0.000000
0 7 0.000000 0.000000
1 7 0.000000 0.000000
2 7 0.000000 0.000000
3 7 0.000000 0.000000
4 7 0.000000 0.000000
5 7 0.000000 0.000000
6 7 0.000000 0.000000
7 7 0.000000 0.000000
8 7 0.000000 0.000000
9 7 0.000000 0.000000
10 7 0.000000 0.000000
11 7 0.000000 0.000000
12 7 0.000000 0.000000
13 7 0.000000 0.000000
14 7 0.000000 0.000000
15 7 0.000000 0.000000
16 7 0.000000 0.000000
17 7 0.000000 0.000000
18 7 0.000000 0.000000
19 7 0.000000 0.000000
20 7 0.000000 0.000000
21 7 0.000000 0.000000
22 7 0.000000 0.000000
23 7 0.000000 0.000000
24 7 0.000000 0.000000
25 7 0.000000 0.000000
26 7 0.000000 0.000000
27 7 0.000000 0.000000
28 7 0.000000 0.000000
29 7 0.000000 0.000000
30 7 0.000000 0.000000
31 7 0.000000 0.000000
32 7 0.000000 0.000000
33 7 0.000000 0.000000
34 7 0.000000 0.000000
35 7 0.000000 0.000000
36 7 0.000000 0.000000
37 7 0.000000 0.000000
38 7 0.000000 0.000000
39 7 0.000000 0.000000
40 7 0.000000 0.000000
41 7 0.000000 0.000000
42 7 0.000000 0.000000
43 7 0.000000 0.000000
44 7 0.000000 0.000000
0 6 0.000000 0.000000
1 6 0.000000 0.000000
2 6 0.000000 0.000000
3 6 0.000000 0.000000
4 6 0.000000 0.000000
5 6 0.000000 0.000000
6 6 0.000000 0.000000
7 6 0.000000 0.000000
8 6 0.000000 0.000000
9 6 0.000000 0.000000
10 6 0.000000 0.000000
11 6 0.000000 0.000000
12 6 0.000000 0.000000
13 6 0.000000 0.000000
14 6 0.000000 0.000000
15 6 0.000000 0.000000
16 6 0.000000 0.000000
17 6 0.000000 0.000000
18 6 0.000000 0.000000
19 6 0.000000 0.000000
20 6 0.000000 0.000000
21 6 0.000000 0.000000
22 6 0.000000 0.000000
23 6 0.000000 0.000000
24 6 0.000000 0.000000
25 6 0.000000 0.000000
26 6 0.000000 0.000000
27 6 0.000000 0.000000
28 6 0.000000 0.000000
29 6 0.000000 0.000000
30 6 0.000000 0.000000
31 6 0.000000 0.000000
32 6 0.000000 0.000000
33 6 0.000000 0.000000
34 6 0.000000 0.000000
35 6 0.000000 0.000000
36 6 0.000000 0.000000
37 6 0.000000 0.000000
38 6 0.000000 0.000000
39 6 0.000000 0.000000
40 6 0.000000 0.000000
41 6 0.000000 0.000000
42 6 0.000000 0.000000
43 6 0.000000 0.000000
44 6 0.000000 0.000000
0 5 0.000000 0.000000
1 5 0.000000 0.000000
2 5 0.000000 0.000000
3 5 0.000000 0.000000
4 5 0.000000 0.000000
5 5 0.000000 0.000000
6 5 0.000000 0.000000
7 5 0.000000 0.000000
8 5 0.000000 0.000000
9 5 0.000000 0.000000
10 5 0.000000 0.000000
11 5 0.000000 0.000000
12 5 0.000000 0.000000
13 5 0.000000 0.000000
14 5 0.000000 0.000000
15 5 0.000000 0.000000
16 5 0.000000 0.000000
17 5 0.000000 0.000000
18 5 0.000000 0.000000
19 5 0.000000 0.000000
20 5 0.000000 0.000000
21 5 0.000000 0.000000
22 5 0.000000 0.000000
23 5 0.000000 0.000000
24 5 0.000000 0.000000
25 5 0.000000 0.000000
26 5 0.000000 0.000000
27 5 0.000000 0.000000
28 5 0.000000 0.000000
29 5 0.000000 0.000000
30 5 0.000000 0.000000
31 5 0.000000 0.000000
32 5 0.000000 0.000000
33 5 0.000000 0.000000
34 5 0.000000 0.000000
35 5 0.000000 0.000000
36 5 0.000000 0.000000
37 5 0.000000 0.000000
38 5 0.000000 0.000000
39 5 0.000000 0.000000
40 5 0.000000 0.000000
41 5 0.000000 0.000000
42 5 0.000000 0.000000
43 5 0.000000 0.000000
44 5 0.000000 0.000000
0 4 0.000000 0.000000
1 4 0.000000 0.000000
2 4 0.000000 0.000000
3 4 0.000000 0.000000
4 4 0.000000 0.000000
5 4 0.000000 0.000000
6 4 0.000000 0.000000
7 4 0.000000 0.000000
8 4 0.000000 0.000000
9 4 0.000000 0.000000
10 4 0.000000 0.000000
11 4 0.000000 0.000000
12 4 0.000000 0.000000
13 4 0.000000 0.000000
14 4 0.000000 0.000000
15 4 0.000000 0.000000
16 4 0.000000 0.000000
17 4 0.000000 0.000000
18 4 0.000000 0.000000
19 4 0.000000 0.000000
20 4 0.000000 0.000000
21 4 0.000000 0.000000
22 4 0.000000 0.000000
23 4 0.000000 0.000000
24 4 0.000000 0.000000
25 4 0.000000 0.000000
26 4 0.000000 0.000000
27 4 0.000000 0.000000
28 4 0.000000 0.000000
29 4 0.000000 0.000000
30 4 0.000000 0.000000
31 4 0.000000 0.000000
32 4 0.000000 0.000000
33 4 0.000000 0.000000
34 4 0.000000 0.000000
35 4 0.000000 0.000000
36 4 0.000000 0.000000
37 4 0.000000 0.000000
38 4 0.000000 0.000000
39 4 0.000000 0.000000
40 4 0.000000 0.000000
41 4 0.000000 0.000000
42 4 0.000000 0.000000
43 4 0.000000 0.000000
44 4 0.000000 0.000000
0 3 0.000000 0.000000
1 3 0.000000 0.000000
2 3 0.000000 0.000000
3 3 0.000000 0.000000
4 3 0.000000 0.000000
5 3 0.000000 0.000000
6 3 0.000000 0.000000
7 3 0.000000 0.000000
8 3 0.000000 0.000000
9 3 0.000000 0.000000
10 3 0.000000 0.000000
11 3 0.000000 0.000000
12 3 0.000000 0.000000
13 3 0.000000 0.000000
14 3 0.000000 0.000000
15 3 0.000000 0.000000
16 3 0.000000 0.000000
17 3 0.000000 0.000000
18 3 0.000000 0.000000
19 3 0.000000 0.000000
20 3 0.000000 0.000000
21 3 0.000000 0.000000
22 3 0.000000 0.000000
23 3 0.000000 0.000000
24 3 0.000000 0.000000
25 3 0.000000 0.000000
26 3 0.000000 0.000000
27 3 0.000000 0.000000
28 3 0.000000 0.000000
29 3 0.000000 0.000000
30 3 0.000000 0.000000
31 3 0.000000 0.000000
32 3 0.000000 0.000000
33 3 0.000000 0.000000
34 3 0.000000 0.000000
35 3 0.000000 0.000000
36 3 0.000000 0.000000
37 3 0.000000 0.000000
38 3 0.000000 0.000000
39 3 0.000000 0.000000
40 3 0.000000 0.000000
41 3 0.000000 0.000000
42 3 0.000000 0.000000
43 3 0.000000 0.000000
44 3 0.000000 0.000000
0 2 0.000000 0.000000
1 2 0.000000 0.000000
2 2 0.000000 0.000000
3 2 0.000000 0.000000
4 2 0.000000 0.000000
5 2 0.000000 0.000000
6 2 0.000000 0.000000
7 2 0.000000 0.000000
8 2 0.000000 0.000000
9 2 0.000000 0.000000
10 2 0.000000 0.000000
11 2 0.000000 0.000000
12 2 0.000000 0.000000
13 2 0.000000 0.000000
14 2 0.000000 0.000000
15 2 0.000000 0.000000
16 2 0.000000 0.000000
17 2 0.000000 0.000000
18 2 0.000000 0.000000
19 2 0.000000 0.000000
20 2 0.000000 0.000000
21 2 0.000000 0.000000
22 2 0.000000 0.000000
23 2 0.000000 0.000000
24 2 0.000000 0.000000
25 2 0.000000 0.000000
26 2 0.000000 0.000000
27 2 0.000000 0.000000
28 2 0.000000 0.000000
29 2 0.000000 0.000000
30 2 0.000000 0.000000
31 2 0.000000 0.000000
32 2 0.000000 0.000000
33 2 0.000000 0.000000
34 2 0.000000 0.000000
35 2 0.000000 0.000000
36 2 0.000000 0.000000
37 2 0.000000 0.000000
38 2 0.000000 0.000000
39 2 0.000000 0.000000
40 2 0.000000 0.000000
41 2 0.000000 0.000000
42 2 0.000000 0.000000
43 2 0.000000 0.000000
44 2 0.000000 0.000000
0 1 0.000000 0.000000
1 1 0.000000 0.000000
2 1 0.000000 0.000000
3 1 0.000000 0.000000
4 1 0.000000 0.000000
5 1 0.000000 0.000000
6 1 0.000000 0.000000
7 1 0.000000 0.000000
8 1 0.000000 0.000000
9 1 0.000000 0.000000
10 1 0.000000 0.000000
11 1 0.000000 0.000000
12 1 0.000000 0.000000
13 1 0.000000 0.000000
14 1 0.000000 0.000000
15 1 0.000000 0.000000
16 1 0.000000 0.000000
17 1 0.000000 0.000000
18 1 0.000000 0.000000
19 1 0.000000 0.000000
20 1 0.000000 0.000000
21 1 0.000000 0.000000
22 1 0.000000 0.000000
23 1 0.000000 0.000000
24 1 0.000000 0.000000
25 1 0.000000 0.000000
26 1 0.000000 0.000000
27 1 0.000000 0.000000
28 1 0.000000 0.000000
29 1 0.000000 0.000000
30 1 0.000000 0.000000
31 1 0.000000 0.000000
32 1 0.000000 0.000000
33 1 0.000000 0.000000
34 1 0.000000 0.000000
35 1 0.000000 0.000000
36 1 0.000000 0.000000
37 1 0.000000 0.000000
38 1 0.000000 0.000000
39 1 0.000000 0.000000
40 1 0.000000 0.000000
41 1 0.000000 0.000000
42 1 0.000000 0.000000
43 1 0.000000 0.000000
44 1 0.000000 0.000000
0 0 0.000000 0.000000
1 0 0.000000 0.000000
2 0 0.000000 0.000000
3 0 0.000000 0.000000
4 0 0.000000 0.000000
5 0 0.000000 0.000000
6 0 0.000000 0.000000
7 0 0.000000 0.000000
8 0 0.000000 0.000000
9 0 0.000000 0.000000
10 0 0.000000 0.000000
11 0 0.000000 0.000000
12 0 0.000000 0.000000
13 0 0.000000 0.000000
14 0 0.000000 0.000000
15 0 0.000000 0.000000
16 0 0.000000 0.000000
17 0 0.000000 0.000000
18 0 0.000000 0.000000
19 0 0.000000 0.000000
20 0 0.000000 0.000000
21 0 0.000000 0.000000
22 0 0.000000 0.000000
23 0 0.000000 0.000000
24 0 0.000000 0.000000
25 0 0.000000 0.000000
26 0 0.000000 0.000000
27 0 0.000000 0.000000
28 0 0.000000 0.000000
29 0 0.000000 0.000000
30 0 0.000000 0.000000
31 0 0.000000 0.000000
32 0 0.000000 0.000000
33 0 0.000000 0.000000
34 0 0.000000 0.000000
35 0 0.000000 0.000000
36 0 0.000000 0.000000
37 0 0.000000 0.000000
38 0 0.000000 0.000000
39 0 0.000000 0.000000
40 0 0.000000 0.000000
41 0 0.000000 0.000000
42 0 0.000000 0.000000
43 0 0.000000 0.000000
44 0 0.000000 0.000000
