0 43 0.000000
1 43 0.000000
2 43 0.000000
3 43 0.000000
4 43 0.000000
5 43 0.000000
6 43 0.000000
7 43 0.000000
8 43 0.000000
9 43 0.000000
10 43 0.000000
11 43 0.000000
12 43 0.000000
13 43 0.000000
14 43 0.000000
15 43 0.000000
16 43 0.000000
17 43 0.000000
18 43 0.000000
19 43 0.000000
20 43 0.000000
21 43 0.000000
22 43 0.000000
23 43 0.000000
24 43 0.000000
25 43 0.000000
26 43 0.000000
27 43 0.000000
28 43 0.000000
29 43 0.000000
30 43 0.000000
31 43 0.000000
32 43 0.000000
33 43 0.000000
34 43 0.000000
35 43 0.000000
36 43 0.000000
37 43 0.000000
38 43 0.000000
39 43 0.000000
40 43 0.000000
41 43 0.000000
42 43 0.000000
43 43 0.000000
44 43 0.000000
45 43 0.000000
46 43 0.000000
47 43 0.000000
48 43 0.000000
0 42 0.000000
1 42 0.000000
2 42 0.000000
3 42 0.000000
4 42 0.000000
5 42 0.000000
6 42 0.000000
7 42 0.000000
8 42 0.000000
9 42 0.000000
10 42 0.000000
11 42 0.000000
12 42 0.000000
13 42 0.000000
14 42 0.000000
15 42 0.000000
16 42 0.000000
17 42 0.000000
18 42 0.000000
19 42 0.000000
20 42 0.000000
21 42 0.000000
22 42 0.000000
23 42 0.000000
24 42 0.000000
25 42 0.000000
26 42 0.000000
27 42 0.000000
28 42 0.000000
29 42 0.000000
30 42 0.000000
31 42 0.000000
32 42 0.000000
33 42 0.000000
34 42 0.000000
35 42 0.000000
36 42 0.000000
37 42 0.000000
38 42 0.000000
39 42 0.000000
40 42 0.000000
41 42 0.000000
42 42 0.000000
43 42 0.000000
44 42 0.000000
45 42 0.000000
46 42 0.000000
47 42 0.000000
48 42 0.000000
0 41 0.000000
1 41 0.000000
2 41 0.000000
3 41 0.000000
4 41 0.000000
5 41 0.000000
6 41 0.000000
7 41 0.000000
8 41 0.000000
9 41 0.000000
10 41 0.000000
11 41 0.000000
12 41 0.000000
13 41 0.000000
14 41 0.000000
15 41 0.000000
16 41 0.000000
17 41 0.000000
18 41 0.000000
19 41 0.000000
20 41 0.000000
21 41 0.000000
22 41 0.000000
23 41 0.000000
24 41 0.000000
25 41 0.000000
26 41 0.000000
27 41 0.000000
28 41 0.000000
29 41 0.000000
30 41 0.000000
31 41 0.000000
32 41 0.000000
33 41 0.000000
34 41 0.000000
35 41 0.000000
36 41 0.000000
37 41 0.000000
38 41 0.000000
39 41 0.000000
40 41 0.000000
41 41 0.000000
42 41 0.000000
43 41 0.000000
44 41 0.000000
45 41 0.000000
46 41 0.000000
47 41 0.000000
48 41 0.000000
0 40 0.000000
1 40 0.000000
2 40 0.000000
3 40 0.000000
4 40 0.000000
5 40 0.000000
6 40 0.000000
7 40 0.000000
8 40 0.000000
9 40 0.000000
10 40 0.000000
11 40 0.000000
12 40 0.000000
13 40 0.000000
14 40 0.000000
15 40 0.000000
16 40 0.000000
17 40 0.000000
18 40 0.000000
19 40 0.000000
20 40 0.000000
21 40 0.000000
22 40 0.000000
23 40 0.000000
24 40 0.000000
25 40 0.000000
26 40 0.000000
27 40 0.000000
28 40 0.000000
29 40 0.000000
30 40 0.000000
31 40 0.000000
32 40 0.000000
33 40 0.000000
34 40 0.000000
35 40 0.000000
36 40 0.000000
37 40 0.000000
38 40 0.000000
39 40 0.000000
40 40 0.000000
41 40 0.000000
42 40 0.000000
43 40 0.000000
44 40 0.000000
45 40 0.000000
46 40 0.000000
47 40 0.000000
48 40 0.000000
0 39 0.000000
1 39 0.000000
2 39 0.000000
3 39 0.000000
4 39 0.000000
5 39 0.000000
6 39 0.000000
7 39 0.000000
8 39 0.000000
9 39 0.000000
10 39 0.000000
11 39 0.000000
12 39 0.000000
13 39 0.000000
14 39 0.000000
15 39 0.000000
16 39 0.000000
17 39 0.000000
18 39 0.000000
19 39 0.000000
20 39 0.000000
21 39 0.000000
22 39 0.000000
23 39 0.000000
24 39 0.000000
25 39 0.000000
26 39 0.000000
27 39 0.000000
28 39 0.000000
29 39 0.000000
30 39 0.000000
31 39 0.000000
32 39 0.000000
33 39 0.000000
34 39 0.000000
35 39 0.000000
36 39 0.000000
37 39 0.000000
38 39 0.000000
39 39 0.000000
40 39 0.000000
41 39 0.000000
42 39 0.000000
43 39 0.000000
44 39 0.000000
45 39 0.000000
46 39 0.000000
47 39 0.000000
48 39 0.000000
0 38 0.000000
1 38 0.000000
2 38 0.000000
3 38 0.000000
4 38 0.000000
5 38 0.000000
6 38 0.000000
7 38 0.000000
8 38 0.000000
9 38 0.000000
10 38 0.000000
11 38 0.000000
12 38 0.000000
13 38 0.000000
14 38 0.000000
15 38 0.000000
16 38 0.000000
17 38 0.000000
18 38 0.000000
19 38 0.000000
20 38 0.000000
21 38 0.000000
22 38 0.000000
23 38 0.000000
24 38 0.000000
25 38 0.000000
26 38 0.000000
27 38 0.000000
28 38 0.000000
29 38 0.000000
30 38 0.000000
31 38 0.000000
32 38 0.000000
33 38 0.000000
34 38 0.000000
35 38 0.000000
36 38 0.000000
37 38 0.000000
38 38 0.000000
39 38 0.000000
40 38 0.000000
41 38 0.000000
42 38 0.000000
43 38 0.000000
44 38 0.000000
45 38 0.000000
46 38 0.000000
47 38 0.000000
48 38 0.000000
0 37 0.000000
1 37 0.000000
2 37 0.000000
3 37 0.000000
4 37 0.000000
5 37 0.000000
6 37 0.000000
7 37 0.000000
8 37 0.000000
9 37 0.000000
10 37 0.000000
11 37 0.000000
12 37 0.000000
13 37 0.000000
14 37 0.000000
15 37 0.000000
16 37 0.000000
17 37 0.000000
18 37 0.000000
19 37 0.000000
20 37 0.000000
21 37 0.000000
22 37 0.000000
23 37 0.000000
24 37 0.000000
25 37 0.000000
26 37 0.000000
27 37 0.000000
28 37 0.000000
29 37 0.000000
30 37 0.000000
31 37 0.000000
32 37 0.000000
33 37 0.000000
34 37 0.000000
35 37 0.000000
36 37 0.000000
37 37 0.000000
38 37 0.000000
39 37 0.000000
40 37 0.000000
41 37 0.000000
42 37 0.000000
43 37 0.000000
44 37 0.000000
45 37 0.000000
46 37 0.000000
47 37 0.000000
48 37 0.000000
0 36 0.000000
1 36 0.000000
2 36 0.000000
3 36 0.000000
4 36 0.000000
5 36 0.000000
6 36 0.000000
7 36 0.000000
8 36 0.000000
9 36 0.000000
10 36 0.000000
11 36 0.000000
12 36 0.000000
13 36 0.000000
14 36 0.000000
15 36 0.000000
16 36 0.000000
17 36 0.000000
18 36 0.000000
19 36 0.000000
20 36 0.000000
21 36 0.000000
22 36 0.000000
23 36 0.000000
24 36 0.000000
25 36 0.000000
26 36 0.000000
27 36 0.000000
28 36 0.000000
29 36 0.000000
30 36 0.000000
31 36 0.000000
32 36 0.000000
33 36 0.000000
34 36 0.000000
35 36 0.000000
36 36 0.000000
37 36 0.000000
38 36 0.000000
39 36 0.000000
40 36 0.000000
41 36 0.000000
42 36 0.000000
43 36 0.000000
44 36 0.000000
45 36 0.000000
46 36 0.000000
47 36 0.000000
48 36 0.000000
0 35 0.000000
1 35 0.000000
2 35 0.000000
3 35 0.000000
4 35 0.000000
5 35 0.000000
6 35 0.000000
7 35 0.000000
8 35 0.000000
9 35 0.000000
10 35 0.000000
11 35 0.000000
12 35 0.000000
13 35 0.000000
14 35 0.000000
15 35 0.000000
16 35 0.000000
17 35 0.000000
18 35 0.000000
19 35 0.000000
20 35 0.000000
21 35 0.000000
22 35 0.000000
23 35 0.000000
24 35 0.000000
25 35 0.000000
26 35 0.000000
27 35 0.000000
28 35 0.000000
29 35 0.000000
30 35 0.000000
31 35 0.000000
32 35 0.000000
33 35 0.000000
34 35 0.000000
35 35 0.000000
36 35 0.000000
37 35 0.000000
38 35 0.000000
39 35 0.000000
40 35 0.000000
41 35 0.000000
42 35 0.000000
43 35 0.000000
44 35 0.000000
45 35 0.000000
46 35 0.000000
47 35 0.000000
48 35 0.000000
0 34 0.000000
1 34 0.000000
2 34 0.000000
3 34 0.000000
4 34 0.000000
5 34 0.000000
6 34 0.000000
7 34 0.000000
8 34 0.000000
9 34 0.000000
10 34 0.000000
11 34 0.000000
12 34 0.000000
13 34 0.000000
14 34 0.000000
15 34 0.000000
16 34 0.000000
17 34 0.000000
18 34 0.000000
19 34 0.000000
20 34 0.000000
21 34 0.000000
22 34 0.000000
23 34 0.000000
24 34 0.000000
25 34 0.000000
26 34 0.000000
27 34 0.000000
28 34 0.000000
29 34 0.000000
30 34 0.000000
31 34 0.000000
32 34 0.000000
33 34 0.000000
34 34 0.000000
35 34 0.000000
36 34 0.000000
37 34 0.000000
38 34 0.000000
39 34 0.000000
40 34 0.000000
41 34 0.000000
42 34 0.000000
43 34 0.000000
44 34 0.000000
45 34 0.000000
46 34 0.000000
47 34 0.000000
48 34 0.000000
0 33 0.000000
1 33 0.000000
2 33 0.000000
3 33 0.000000
4 33 0.000000
5 33 0.000000
6 33 0.000000
7 33 0.000000
8 33 0.000000
9 33 0.000000
10 33 0.000000
11 33 0.000000
12 33 0.000000
13 33 0.000000
14 33 0.000000
15 33 0.000000
16 33 0.000000
17 33 0.000000
18 33 0.000000
19 33 0.000000
20 33 0.000000
21 33 0.000000
22 33 0.000000
23 33 0.000000
24 33 0.000000
25 33 0.000000
26 33 0.000000
27 33 0.000000
28 33 0.000000
29 33 0.000000
30 33 0.000000
31 33 0.000000
32 33 0.000000
33 33 0.000000
34 33 0.000000
35 33 0.000000
36 33 0.000000
37 33 0.000000
38 33 0.000000
39 33 0.000000
40 33 0.000000
41 33 0.000000
42 33 0.000000
43 33 0.000000
44 33 0.000000
45 33 0.000000
46 33 0.000000
47 33 0.000000
48 33 0.000000
0 32 0.000000
1 32 0.000000
2 32 0.000000
3 32 0.000000
4 32 0.000000
5 32 0.000000
6 32 0.000000
7 32 0.000000
8 32 0.000000
9 32 0.000000
10 32 0.000000
11 32 0.000000
12 32 0.000000
13 32 0.000000
14 32 0.000000
15 32 0.000000
16 32 0.000000
17 32 0.000000
18 32 0.000000
19 32 0.000000
20 32 1.554652
21 32 0.000000
22 32 0.000000
23 32 0.000000
24 32 0.000000
25 32 0.000000
26 32 0.000000
27 32 0.000000
28 32 0.000000
29 32 0.000000
30 32 0.000000
31 32 0.000000
32 32 0.000000
33 32 0.000000
34 32 0.000000
35 32 0.000000
36 32 0.000000
37 32 0.000000
38 32 0.000000
39 32 0.000000
40 32 0.000000
41 32 0.000000
42 32 0.000000
43 32 0.000000
44 32 0.000000
45 32 0.000000
46 32 0.000000
47 32 0.000000
48 32 0.000000
0 31 0.000000
1 31 0.000000
2 31 0.000000
3 31 0.000000
4 31 0.000000
5 31 0.000000
6 31 0.000000
7 31 0.000000
8 31 0.000000
9 31 0.000000
10 31 0.000000
11 31 0.000000
12 31 0.000000
13 31 0.000000
14 31 0.000000
15 31 0.000000
16 31 0.000000
17 31 0.000000
18 31 0.000000
19 31 17.719170
20 31 20.887709
21 31 5.109712
22 31 0.000000
23 31 0.000000
24 31 0.000000
25 31 0.000000
26 31 0.000000
27 31 0.000000
28 31 0.000000
29 31 0.000000
30 31 0.000000
31 31 0.000000
32 31 0.000000
33 31 0.000000
34 31 0.000000
35 31 0.000000
36 31 0.000000
37 31 0.000000
38 31 0.000000
39 31 0.000000
40 31 0.000000
41 31 0.000000
42 31 0.000000
43 31 0.000000
44 31 0.000000
45 31 0.000000
46 31 0.000000
47 31 0.000000
48 31 0.000000
0 30 0.000000
1 30 0.000000
2 30 0.000000
3 30 0.000000
4 30 0.000000
5 30 0.000000
6 30 0.000000
7 30 0.000000
8 30 0.000000
9 30 0.000000
10 30 0.000000
11 30 0.000000
12 30 0.000000
13 30 0.000000
14 30 0.000000
15 30 0.000000
16 30 0.000000
17 30 12.507458
18 30 33.143085
19 30 43.262627
20 30 45.421337
21 30 15.947022
22 30 0.997858
23 30 0.000000
24 30 0.000000
25 30 0.000000
26 30 0.000000
27 30 0.000000
28 30 0.000000
29 30 0.000000
30 30 0.000000
31 30 0.000000
32 30 0.000000
33 30 0.000000
34 30 0.000000
35 30 0.000000
36 30 0.000000
37 30 0.000000
38 30 0.000000
39 30 0.000000
40 30 0.000000
41 30 0.000000
42 30 0.000000
43 30 0.000000
44 30 0.000000
45 30 0.000000
46 30 0.000000
47 30 0.000000
48 30 0.000000
0 29 0.000000
1 29 0.000000
2 29 0.000000
3 29 0.000000
4 29 0.000000
5 29 0.000000
6 29 0.000000
7 29 0.000000
8 29 0.000000
9 29 0.000000
10 29 0.000000
11 29 0.000000
12 29 0.000000
13 29 0.000000
14 29 0.000000
15 29 0.000000
16 29 7.229134
17 29 46.845074
18 29 75.728119
19 29 81.497398
20 29 66.170769
21 29 40.021572
22 29 18.050686
23 29 0.000000
24 29 0.000000
25 29 0.000000
26 29 0.000000
27 29 0.000000
28 29 0.000000
29 29 0.000000
30 29 0.000000
31 29 0.000000
32 29 0.000000
33 29 0.000000
34 29 0.000000
35 29 0.000000
36 29 0.000000
37 29 0.000000
38 29 0.000000
39 29 0.000000
40 29 0.000000
41 29 0.000000
42 29 0.000000
43 29 0.000000
44 29 0.000000
45 29 0.000000
46 29 0.000000
47 29 0.000000
48 29 0.000000
0 28 0.000000
1 28 0.000000
2 28 0.000000
3 28 0.000000
4 28 0.000000
5 28 0.000000
6 28 0.000000
7 28 0.000000
8 28 0.000000
9 28 0.000000
10 28 0.000000
11 28 0.000000
12 28 0.000000
13 28 0.000000
14 28 0.000000
15 28 7.153897
16 28 43.303661
17 28 75.527641
18 28 98.509735
19 28 98.612144
20 28 76.095589
21 28 49.487373
22 28 19.457077
23 28 0.000000
24 28 0.000000
25 28 0.000000
26 28 0.000000
27 28 0.000000
28 28 0.000000
29 28 0.000000
30 28 0.000000
31 28 0.000000
32 28 0.000000
33 28 0.000000
34 28 0.000000
35 28 0.000000
36 28 0.000000
37 28 0.000000
38 28 0.000000
39 28 0.000000
40 28 0.000000
41 28 0.000000
42 28 0.000000
43 28 0.000000
44 28 0.000000
45 28 0.000000
46 28 0.000000
47 28 0.000000
48 28 0.000000
0 27 0.000000
1 27 0.000000
2 27 0.000000
3 27 0.000000
4 27 0.000000
5 27 0.000000
6 27 0.000000
7 27 0.000000
8 27 0.000000
9 27 0.000000
10 27 0.000000
11 27 0.000000
12 27 0.000000
13 27 1.183193
14 27 17.610836
15 27 34.109756
16 27 56.253479
17 27 95.606697
18 27 104.718887
19 27 107.166405
20 27 93.687218
21 27 70.580101
22 27 28.455875
23 27 0.000000
24 27 0.000000
25 27 0.000000
26 27 0.000000
27 27 0.000000
28 27 0.000000
29 27 0.000000
30 27 0.000000
31 27 0.000000
32 27 0.000000
33 27 0.000000
34 27 0.000000
35 27 0.000000
36 27 0.000000
37 27 0.000000
38 27 0.000000
39 27 0.000000
40 27 0.000000
41 27 0.000000
42 27 0.000000
43 27 0.000000
44 27 0.000000
45 27 0.000000
46 27 0.000000
47 27 0.000000
48 27 0.000000
0 26 0.000000
1 26 0.000000
2 26 0.000000
3 26 0.000000
4 26 0.000000
5 26 0.000000
6 26 0.000000
7 26 0.000000
8 26 0.000000
9 26 0.000000
10 26 0.000000
11 26 0.000000
12 26 8.003544
13 26 24.090120
14 26 39.134399
15 26 53.238098
16 26 70.536118
17 26 89.387581
18 26 102.250320
19 26 109.718231
20 26 109.647003
21 26 93.052078
22 26 44.280621
23 26 0.000000
24 26 0.000000
25 26 0.000000
26 26 0.000000
27 26 0.000000
28 26 0.000000
29 26 0.000000
30 26 0.000000
31 26 0.000000
32 26 0.000000
33 26 0.000000
34 26 0.000000
35 26 0.000000
36 26 0.000000
37 26 0.000000
38 26 0.000000
39 26 0.000000
40 26 0.000000
41 26 0.000000
42 26 0.000000
43 26 0.000000
44 26 0.000000
45 26 0.000000
46 26 0.000000
47 26 0.000000
48 26 0.000000
0 25 0.000000
1 25 0.000000
2 25 0.000000
3 25 0.000000
4 25 0.000000
5 25 0.000000
6 25 0.000000
7 25 0.000000
8 25 0.000000
9 25 0.000000
10 25 0.000000
11 25 0.000000
12 25 0.352175
13 25 2.807874
14 25 23.282640
15 25 49.756069
16 25 63.997620
17 25 82.862343
18 25 96.675583
19 25 106.180214
20 25 114.236626
21 25 104.799576
22 25 73.686005
23 25 20.230955
24 25 0.000000
25 25 0.000000
26 25 0.000000
27 25 0.000000
28 25 0.000000
29 25 0.000000
30 25 0.000000
31 25 0.000000
32 25 0.000000
33 25 0.000000
34 25 0.000000
35 25 0.000000
36 25 0.000000
37 25 0.000000
38 25 0.000000
39 25 0.000000
40 25 0.000000
41 25 0.000000
42 25 0.000000
43 25 0.000000
44 25 0.000000
45 25 0.000000
46 25 0.000000
47 25 0.000000
48 25 0.000000
0 24 0.000000
1 24 0.000000
2 24 0.000000
3 24 0.000000
4 24 0.000000
5 24 0.000000
6 24 0.000000
7 24 0.000000
8 24 0.000000
9 24 0.000000
10 24 0.000000
11 24 0.000000
12 24 0.000000
13 24 0.000000
14 24 20.863628
15 24 45.393600
16 24 59.883198
17 24 76.405006
18 24 90.699318
19 24 100.538956
20 24 113.100441
21 24 115.898636
22 24 95.051437
23 24 25.116919
24 24 0.000000
25 24 0.000000
26 24 0.000000
27 24 0.000000
28 24 0.000000
29 24 0.000000
30 24 0.000000
31 24 0.000000
32 24 0.000000
33 24 0.000000
34 24 0.000000
35 24 0.000000
36 24 0.000000
37 24 0.000000
38 24 0.000000
39 24 0.000000
40 24 0.000000
41 24 0.000000
42 24 0.000000
43 24 0.000000
44 24 0.000000
45 24 0.000000
46 24 0.000000
47 24 0.000000
48 24 0.000000
0 23 0.000000
1 23 0.000000
2 23 0.000000
3 23 0.000000
4 23 0.000000
5 23 0.000000
6 23 0.000000
7 23 0.000000
8 23 0.000000
9 23 0.000000
10 23 0.000000
11 23 0.000000
12 23 0.000000
13 23 9.505279
14 23 32.900158
15 23 44.210075
16 23 52.071140
17 23 68.376877
18 23 82.770287
19 23 93.579788
20 23 107.595314
21 23 109.948761
22 23 103.420700
23 23 61.657715
24 23 21.388416
25 23 0.000000
26 23 0.000000
27 23 0.000000
28 23 0.000000
29 23 0.000000
30 23 0.000000
31 23 0.000000
32 23 0.000000
33 23 0.000000
34 23 0.000000
35 23 0.000000
36 23 0.000000
37 23 0.000000
38 23 0.000000
39 23 0.000000
40 23 0.000000
41 23 0.000000
42 23 0.000000
43 23 0.000000
44 23 0.000000
45 23 0.000000
46 23 0.000000
47 23 0.000000
48 23 0.000000
0 22 0.000000
1 22 0.000000
2 22 0.000000
3 22 0.000000
4 22 0.000000
5 22 0.000000
6 22 0.000000
7 22 0.000000
8 22 0.000000
9 22 0.000000
10 22 0.000000
11 22 0.000000
12 22 0.000000
13 22 10.660053
14 22 27.551271
15 22 40.527676
16 22 47.702015
17 22 62.816257
18 22 75.831764
19 22 91.158241
20 22 101.229080
21 22 104.057686
22 22 98.549156
23 22 79.764366
24 22 45.879097
25 22 3.957522
26 22 0.000000
27 22 0.000000
28 22 0.000000
29 22 0.000000
30 22 0.000000
31 22 0.000000
32 22 0.000000
33 22 0.000000
34 22 0.000000
35 22 0.000000
36 22 0.000000
37 22 0.000000
38 22 0.000000
39 22 0.000000
40 22 0.000000
41 22 0.000000
42 22 0.000000
43 22 0.000000
44 22 0.000000
45 22 0.000000
46 22 0.000000
47 22 0.000000
48 22 0.000000
0 21 0.000000
1 21 0.000000
2 21 0.000000
3 21 0.000000
4 21 0.000000
5 21 0.000000
6 21 0.000000
7 21 0.000000
8 21 0.000000
9 21 0.000000
10 21 0.000000
11 21 0.000000
12 21 0.000000
13 21 0.000000
14 21 17.964899
15 21 35.137119
16 21 44.541599
17 21 56.257050
18 21 69.809669
19 21 80.197754
20 21 89.260109
21 21 92.881424
22 21 92.030777
23 21 79.453667
24 21 45.233482
25 21 4.050866
26 21 0.000000
27 21 0.000000
28 21 0.000000
29 21 0.000000
30 21 0.000000
31 21 0.000000
32 21 0.000000
33 21 0.000000
34 21 0.000000
35 21 0.000000
36 21 0.000000
37 21 0.000000
38 21 0.000000
39 21 0.000000
40 21 0.000000
41 21 0.000000
42 21 0.000000
43 21 0.000000
44 21 0.000000
45 21 0.000000
46 21 0.000000
47 21 0.000000
48 21 0.000000
0 20 0.000000
1 20 0.000000
2 20 0.000000
3 20 0.000000
4 20 0.000000
5 20 0.000000
6 20 0.000000
7 20 0.000000
8 20 0.000000
9 20 0.000000
10 20 0.000000
11 20 0.000000
12 20 0.000000
13 20 0.000000
14 20 11.743653
15 20 27.679882
16 20 40.038219
17 20 50.614624
18 20 56.977627
19 20 65.183975
20 20 68.508224
21 20 72.653572
22 20 75.403564
23 20 70.716805
24 20 49.259014
25 20 31.803904
26 20 21.926216
27 20 11.880873
28 20 4.892694
29 20 1.786247
30 20 0.588429
31 20 0.465802
32 20 0.000000
33 20 0.000000
34 20 0.000000
35 20 0.000000
36 20 0.000000
37 20 0.000000
38 20 0.000000
39 20 0.000000
40 20 0.000000
41 20 0.000000
42 20 0.000000
43 20 0.000000
44 20 0.000000
45 20 0.000000
46 20 0.000000
47 20 0.000000
48 20 0.000000
0 19 0.000000
1 19 0.000000
2 19 0.000000
3 19 0.000000
4 19 0.000000
5 19 0.000000
6 19 0.000000
7 19 0.000000
8 19 0.000000
9 19 0.000000
10 19 0.000000
11 19 0.000000
12 19 0.000000
13 19 0.000000
14 19 8.875839
15 19 22.610403
16 19 34.467411
17 19 44.243141
18 19 48.517189
19 19 53.414185
20 19 55.927261
21 19 59.870659
22 19 63.160149
23 19 62.600758
24 19 55.205250
25 19 48.149704
26 19 47.509872
27 19 38.602886
28 19 32.620262
29 19 22.476685
30 19 24.874548
31 19 15.102704
32 19 2.579169
33 19 0.000000
34 19 0.000000
35 19 0.000000
36 19 0.000000
37 19 0.000000
38 19 0.000000
39 19 0.000000
40 19 0.000000
41 19 0.000000
42 19 0.000000
43 19 0.000000
44 19 0.000000
45 19 0.000000
46 19 0.000000
47 19 0.000000
48 19 0.000000
0 18 0.000000
1 18 0.000000
2 18 0.000000
3 18 0.000000
4 18 0.000000
5 18 0.000000
6 18 0.000000
7 18 0.000000
8 18 0.000000
9 18 0.000000
10 18 0.000000
11 18 0.000000
12 18 0.000000
13 18 0.310024
14 18 9.204285
15 18 20.261856
16 18 27.741026
17 18 34.390343
18 18 39.668282
19 18 42.440350
20 18 46.342648
21 18 46.493870
22 18 42.944752
23 18 45.326153
24 18 49.668102
25 18 49.740765
26 18 52.784126
27 18 48.632076
28 18 44.287296
29 18 35.828148
30 18 34.788960
31 18 25.712120
32 18 15.534246
33 18 2.461442
34 18 0.000000
35 18 0.000000
36 18 0.000000
37 18 0.000000
38 18 0.000000
39 18 0.000000
40 18 0.000000
41 18 0.000000
42 18 0.000000
43 18 0.000000
44 18 0.000000
45 18 0.000000
46 18 0.000000
47 18 0.000000
48 18 0.000000
0 17 0.000000
1 17 0.000000
2 17 0.000000
3 17 0.000000
4 17 0.000000
5 17 0.000000
6 17 0.000000
7 17 0.000000
8 17 0.000000
9 17 0.000000
10 17 0.000000
11 17 0.000000
12 17 0.000000
13 17 0.000000
14 17 2.802324
15 17 10.162219
16 17 16.229397
17 17 19.366390
18 17 26.280468
19 17 30.968924
20 17 26.433308
21 17 15.377676
22 17 5.536586
23 17 9.248650
24 17 21.465185
25 17 36.337757
26 17 38.815334
27 17 36.331223
28 17 33.294167
29 17 30.886909
30 17 28.884041
31 17 26.802126
32 17 21.012268
33 17 10.085463
34 17 1.746219
35 17 0.000000
36 17 0.000000
37 17 0.000000
38 17 0.000000
39 17 0.000000
40 17 0.000000
41 17 0.000000
42 17 0.000000
43 17 0.000000
44 17 0.000000
45 17 0.000000
46 17 0.000000
47 17 0.000000
48 17 0.000000
0 16 0.000000
1 16 0.000000
2 16 0.000000
3 16 0.000000
4 16 0.000000
5 16 0.000000
6 16 0.000000
7 16 0.000000
8 16 0.000000
9 16 0.000000
10 16 0.000000
11 16 0.000000
12 16 0.000000
13 16 0.000000
14 16 0.000000
15 16 3.681542
16 16 5.256289
17 16 8.569897
18 16 15.837262
19 16 20.331079
20 16 16.042994
21 16 6.006539
22 16 0.000000
23 16 0.983124
24 16 11.501557
25 16 23.960051
26 16 28.331055
27 16 27.259970
28 16 25.050385
29 16 23.167671
30 16 20.840273
31 16 18.346251
32 16 15.343812
33 16 11.662148
34 16 5.867301
35 16 1.871089
36 16 0.000000
37 16 0.000000
38 16 0.000000
39 16 0.000000
40 16 0.000000
41 16 0.000000
42 16 0.000000
43 16 0.000000
44 16 0.000000
45 16 0.000000
46 16 0.000000
47 16 0.000000
48 16 0.000000
0 15 0.000000
1 15 0.000000
2 15 0.000000
3 15 0.000000
4 15 0.000000
5 15 0.000000
6 15 0.000000
7 15 0.000000
8 15 0.000000
9 15 0.000000
10 15 0.000000
11 15 0.000000
12 15 0.000000
13 15 0.000000
14 15 0.000000
15 15 0.000000
16 15 0.000000
17 15 3.119456
18 15 10.513805
19 15 14.841125
20 15 8.623992
21 15 0.976973
22 15 0.000000
23 15 1.105444
24 15 10.576353
25 15 18.736343
26 15 21.338602
27 15 20.829489
28 15 20.189178
29 15 18.615032
30 15 14.202983
31 15 11.048408
32 15 8.435154
33 15 8.004778
34 15 7.874569
35 15 2.625137
36 15 0.148478
37 15 0.000000
38 15 0.000000
39 15 0.000000
40 15 0.000000
41 15 0.000000
42 15 0.000000
43 15 0.000000
44 15 0.000000
45 15 0.000000
46 15 0.000000
47 15 0.000000
48 15 0.000000
0 14 0.000000
1 14 0.000000
2 14 0.000000
3 14 0.000000
4 14 0.000000
5 14 0.000000
6 14 0.000000
7 14 0.000000
8 14 0.000000
9 14 0.000000
10 14 0.000000
11 14 0.000000
12 14 0.000000
13 14 0.000000
14 14 0.000000
15 14 0.000000
16 14 0.000000
17 14 0.634749
18 14 5.631907
19 14 4.514420
20 14 0.808019
21 14 0.000000
22 14 0.000000
23 14 0.000000
24 14 3.459859
25 14 5.785849
26 14 7.162923
27 14 12.294045
28 14 12.887833
29 14 8.261784
30 14 4.407221
31 14 0.000000
32 14 0.000000
33 14 0.278872
34 14 1.520852
35 14 0.961731
36 14 0.036414
37 14 0.000000
38 14 0.000000
39 14 0.000000
40 14 0.000000
41 14 0.000000
42 14 0.000000
43 14 0.000000
44 14 0.000000
45 14 0.000000
46 14 0.000000
47 14 0.000000
48 14 0.000000
0 13 0.000000
1 13 0.000000
2 13 0.000000
3 13 0.000000
4 13 0.000000
5 13 0.000000
6 13 0.000000
7 13 0.000000
8 13 0.000000
9 13 0.000000
10 13 0.000000
11 13 0.000000
12 13 0.000000
13 13 0.000000
14 13 0.000000
15 13 0.000000
16 13 0.000000
17 13 0.712171
18 13 1.060546
19 13 0.000000
20 13 0.000000
21 13 0.000000
22 13 0.000000
23 13 0.000000
24 13 0.000000
25 13 0.000000
26 13 1.492712
27 13 5.511529
28 13 6.832650
29 13 4.969790
30 13 1.237357
31 13 0.000000
32 13 0.000000
33 13 0.000000
34 13 0.038954
35 13 0.000000
36 13 0.000000
37 13 0.000000
38 13 0.000000
39 13 0.000000
40 13 0.000000
41 13 0.000000
42 13 0.000000
43 13 0.000000
44 13 0.000000
45 13 0.000000
46 13 0.000000
47 13 0.000000
48 13 0.000000
0 12 0.000000
1 12 0.000000
2 12 0.000000
3 12 0.000000
4 12 0.000000
5 12 0.000000
6 12 0.000000
7 12 0.000000
8 12 0.000000
9 12 0.000000
10 12 0.000000
11 12 0.000000
12 12 0.000000
13 12 0.000000
14 12 0.000000
15 12 0.000000
16 12 0.000000
17 12 0.000000
18 12 0.000000
19 12 0.000000
20 12 0.000000
21 12 0.000000
22 12 0.000000
23 12 0.000000
24 12 0.000000
25 12 0.000000
26 12 0.142701
27 12 0.439611
28 12 1.017829
29 12 1.643620
30 12 0.000000
31 12 0.000000
32 12 0.000000
33 12 0.000000
34 12 0.000000
35 12 0.000000
36 12 0.000000
37 12 0.000000
38 12 0.000000
39 12 0.000000
40 12 0.000000
41 12 0.000000
42 12 0.000000
43 12 0.000000
44 12 0.000000
45 12 0.000000
46 12 0.000000
47 12 0.000000
48 12 0.000000
0 11 0.000000
1 11 0.000000
2 11 0.000000
3 11 0.000000
4 11 0.000000
5 11 0.000000
6 11 0.000000
7 11 0.000000
8 11 0.000000
9 11 0.000000
10 11 0.000000
11 11 0.000000
12 11 0.000000
13 11 0.000000
14 11 0.000000
15 11 0.000000
16 11 0.000000
17 11 0.000000
18 11 0.000000
19 11 0.000000
20 11 0.000000
21 11 0.000000
22 11 0.000000
23 11 0.000000
24 11 0.000000
25 11 0.000000
26 11 0.000000
27 11 0.000000
28 11 0.000000
29 11 0.000000
30 11 0.000000
31 11 0.000000
32 11 0.000000
33 11 0.000000
34 11 0.000000
35 11 0.000000
36 11 0.000000
37 11 0.000000
38 11 0.000000
39 11 0.000000
40 11 0.000000
41 11 0.000000
42 11 0.000000
43 11 0.000000
44 11 0.000000
45 11 0.000000
46 11 0.000000
47 11 0.000000
48 11 0.000000
0 10 0.000000
1 10 0.000000
2 10 0.000000
3 10 0.000000
4 10 0.000000
5 10 0.000000
6 10 0.000000
7 10 0.000000
8 10 0.000000
9 10 0.000000
10 10 0.000000
11 10 0.000000
12 10 0.000000
13 10 0.000000
14 10 0.000000
15 10 0.000000
16 10 0.000000
17 10 0.000000
18 10 0.000000
19 10 0.000000
20 10 0.000000
21 10 0.000000
22 10 0.000000
23 10 0.000000
24 10 0.000000
25 10 0.000000
26 10 0.000000
27 10 0.000000
28 10 0.000000
29 10 0.000000
30 10 0.000000
31 10 0.000000
32 10 0.000000
33 10 0.000000
34 10 0.000000
35 10 0.000000
36 10 0.000000
37 10 0.000000
38 10 0.000000
39 10 0.000000
40 10 0.000000
41 10 0.000000
42 10 0.000000
43 10 0.000000
44 10 0.000000
45 10 0.000000
46 10 0.000000
47 10 0.000000
48 10 0.000000
0 9 0.000000
1 9 0.000000
2 9 0.000000
3 9 0.000000
4 9 0.000000
5 9 0.000000
6 9 0.000000
7 9 0.000000
8 9 0.000000
9 9 0.000000
10 9 0.000000
11 9 0.000000
12 9 0.000000
13 9 0.000000
14 9 0.000000
15 9 0.000000
16 9 0.000000
17 9 0.000000
18 9 0.000000
19 9 0.000000
20 9 0.000000
21 9 0.000000
22 9 0.000000
23 9 0.000000
24 9 0.000000
25 9 0.000000
26 9 0.000000
27 9 0.000000
28 9 0.000000
29 9 0.000000
30 9 0.000000
31 9 0.000000
32 9 0.000000
33 9 0.000000
34 9 0.000000
35 9 0.000000
36 9 0.000000
37 9 0.000000
38 9 0.000000
39 9 0.000000
40 9 0.000000
41 9 0.000000
42 9 0.000000
43 9 0.000000
44 9 0.000000
45 9 0.000000
46 9 0.000000
47 9 0.000000
48 9 0.000000
0 8 0.000000
1 8 0.000000
2 8 0.000000
3 8 0.000000
4 8 0.000000
5 8 0.000000
6 8 0.000000
7 8 0.000000
8 8 0.000000
9 8 0.000000
10 8 0.000000
11 8 0.000000
12 8 0.000000
13 8 0.000000
14 8 0.000000
15 8 0.000000
16 8 0.000000
17 8 0.000000
18 8 0.000000
19 8 0.000000
20 8 0.000000
21 8 0.000000
22 8 0.000000
23 8 0.000000
24 8 0.000000
25 8 0.000000
26 8 0.000000
27 8 0.000000
28 8 0.000000
29 8 0.000000
30 8 0.000000
31 8 0.000000
32 8 0.000000
33 8 0.000000
34 8 0.000000
35 8 0.000000
36 8 0.000000
37 8 0.000000
38 8 0.000000
39 8 0.000000
40 8 0.000000
41 8 0.000000
42 8 0.000000
43 8 0.000000
44 8 0.000000
45 8 0.000000
46 8 0.000000
47 8 0.000000
48 8 0.000000
0 7 0.000000
1 7 0.000000
2 7 0.000000
3 7 0.000000
4 7 0.000000
5 7 0.000000
6 7 0.000000
7 7 0.000000
8 7 0.000000
9 7 0.000000
10 7 0.000000
11 7 0.000000
12 7 0.000000
13 7 0.000000
14 7 0.000000
15 7 0.000000
16 7 0.000000
17 7 0.000000
18 7 0.000000
19 7 0.000000
20 7 0.000000
21 7 0.000000
22 7 0.000000
23 7 0.000000
24 7 0.000000
25 7 0.000000
26 7 0.000000
27 7 0.000000
28 7 0.000000
29 7 0.000000
30 7 0.000000
31 7 0.000000
32 7 0.000000
33 7 0.000000
34 7 0.000000
35 7 0.000000
36 7 0.000000
37 7 0.000000
38 7 0.000000
39 7 0.000000
40 7 0.000000
41 7 0.000000
42 7 0.000000
43 7 0.000000
44 7 0.000000
45 7 0.000000
46 7 0.000000
47 7 0.000000
48 7 0.000000
0 6 0.000000
1 6 0.000000
2 6 0.000000
3 6 0.000000
4 6 0.000000
5 6 0.000000
6 6 0.000000
7 6 0.000000
8 6 0.000000
9 6 0.000000
10 6 0.000000
11 6 0.000000
12 6 0.000000
13 6 0.000000
14 6 0.000000
15 6 0.000000
16 6 0.000000
17 6 0.000000
18 6 0.000000
19 6 0.000000
20 6 0.000000
21 6 0.000000
22 6 0.000000
23 6 0.000000
24 6 0.000000
25 6 0.000000
26 6 0.000000
27 6 0.000000
28 6 0.000000
29 6 0.000000
30 6 0.000000
31 6 0.000000
32 6 0.000000
33 6 0.000000
34 6 0.000000
35 6 0.000000
36 6 0.000000
37 6 0.000000
38 6 0.000000
39 6 0.000000
40 6 0.000000
41 6 0.000000
42 6 0.000000
43 6 0.000000
44 6 0.000000
45 6 0.000000
46 6 0.000000
47 6 0.000000
48 6 0.000000
0 5 0.000000
1 5 0.000000
2 5 0.000000
3 5 0.000000
4 5 0.000000
5 5 0.000000
6 5 0.000000
7 5 0.000000
8 5 0.000000
9 5 0.000000
10 5 0.000000
11 5 0.000000
12 5 0.000000
13 5 0.000000
14 5 0.000000
15 5 0.000000
16 5 0.000000
17 5 0.000000
18 5 0.000000
19 5 0.000000
20 5 0.000000
21 5 0.000000
22 5 0.000000
23 5 0.000000
24 5 0.000000
25 5 0.000000
26 5 0.000000
27 5 0.000000
28 5 0.000000
29 5 0.000000
30 5 0.000000
31 5 0.000000
32 5 0.000000
33 5 0.000000
34 5 0.000000
35 5 0.000000
36 5 0.000000
37 5 0.000000
38 5 0.000000
39 5 0.000000
40 5 0.000000
41 5 0.000000
42 5 0.000000
43 5 0.000000
44 5 0.000000
45 5 0.000000
46 5 0.000000
47 5 0.000000
48 5 0.000000
0 4 0.000000
1 4 0.000000
2 4 0.000000
3 4 0.000000
4 4 0.000000
5 4 0.000000
6 4 0.000000
7 4 0.000000
8 4 0.000000
9 4 0.000000
10 4 0.000000
11 4 0.000000
12 4 0.000000
13 4 0.000000
14 4 0.000000
15 4 0.000000
16 4 0.000000
17 4 0.000000
18 4 0.000000
19 4 0.000000
20 4 0.000000
21 4 0.000000
22 4 0.000000
23 4 0.000000
24 4 0.000000
25 4 0.000000
26 4 0.000000
27 4 0.000000
28 4 0.000000
29 4 0.000000
30 4 0.000000
31 4 0.000000
32 4 0.000000
33 4 0.000000
34 4 0.000000
35 4 0.000000
36 4 0.000000
37 4 0.000000
38 4 0.000000
39 4 0.000000
40 4 0.000000
41 4 0.000000
42 4 0.000000
43 4 0.000000
44 4 0.000000
45 4 0.000000
46 4 0.000000
47 4 0.000000
48 4 0.000000
0 3 0.000000
1 3 0.000000
2 3 0.000000
3 3 0.000000
4 3 0.000000
5 3 0.000000
6 3 0.000000
7 3 0.000000
8 3 0.000000
9 3 0.000000
10 3 0.000000
11 3 0.000000
12 3 0.000000
13 3 0.000000
14 3 0.000000
15 3 0.000000
16 3 0.000000
17 3 0.000000
18 3 0.000000
19 3 0.000000
20 3 0.000000
21 3 0.000000
22 3 0.000000
23 3 0.000000
24 3 0.000000
25 3 0.000000
26 3 0.000000
27 3 0.000000
28 3 0.000000
29 3 0.000000
30 3 0.000000
31 3 0.000000
32 3 0.000000
33 3 0.000000
34 3 0.000000
35 3 0.000000
36 3 0.000000
37 3 0.000000
38 3 0.000000
39 3 0.000000
40 3 0.000000
41 3 0.000000
42 3 0.000000
43 3 0.000000
44 3 0.000000
45 3 0.000000
46 3 0.000000
47 3 0.000000
48 3 0.000000
0 2 0.000000
1 2 0.000000
2 2 0.000000
3 2 0.000000
4 2 0.000000
5 2 0.000000
6 2 0.000000
7 2 0.000000
8 2 0.000000
9 2 0.000000
10 2 0.000000
11 2 0.000000
12 2 0.000000
13 2 0.000000
14 2 0.000000
15 2 0.000000
16 2 0.000000
17 2 0.000000
18 2 0.000000
19 2 0.000000
20 2 0.000000
21 2 0.000000
22 2 0.000000
23 2 0.000000
24 2 0.000000
25 2 0.000000
26 2 0.000000
27 2 0.000000
28 2 0.000000
29 2 0.000000
30 2 0.000000
31 2 0.000000
32 2 0.000000
33 2 0.000000
34 2 0.000000
35 2 0.000000
36 2 0.000000
37 2 0.000000
38 2 0.000000
39 2 0.000000
40 2 0.000000
41 2 0.000000
42 2 0.000000
43 2 0.000000
44 2 0.000000
45 2 0.000000
46 2 0.000000
47 2 0.000000
48 2 0.000000
0 1 0.000000
1 1 0.000000
2 1 0.000000
3 1 0.000000
4 1 0.000000
5 1 0.000000
6 1 0.000000
7 1 0.000000
8 1 0.000000
9 1 0.000000
10 1 0.000000
11 1 0.000000
12 1 0.000000
13 1 0.000000
14 1 0.000000
15 1 0.000000
16 1 0.000000
17 1 0.000000
18 1 0.000000
19 1 0.000000
20 1 0.000000
21 1 0.000000
22 1 0.000000
23 1 0.000000
24 1 0.000000
25 1 0.000000
26 1 0.000000
27 1 0.000000
28 1 0.000000
29 1 0.000000
30 1 0.000000
31 1 0.000000
32 1 0.000000
33 1 0.000000
34 1 0.000000
35 1 0.000000
36 1 0.000000
37 1 0.000000
38 1 0.000000
39 1 0.000000
40 1 0.000000
41 1 0.000000
42 1 0.000000
43 1 0.000000
44 1 0.000000
45 1 0.000000
46 1 0.000000
47 1 0.000000
48 1 0.000000
0 0 0.000000
1 0 0.000000
2 0 0.000000
3 0 0.000000
4 0 0.000000
5 0 0.000000
6 0 0.000000
7 0 0.000000
8 0 0.000000
9 0 0.000000
10 0 0.000000
11 0 0.000000
12 0 0.000000
13 0 0.000000
14 0 0.000000
15 0 0.000000
16 0 0.000000
17 0 0.000000
18 0 0.000000
19 0 0.000000
20 0 0.000000
21 0 0.000000
22 0 0.000000
23 0 0.000000
24 0 0.000000
25 0 0.000000
26 0 0.000000
27 0 0.000000
28 0 0.000000
29 0 0.000000
30 0 0.000000
31 0 0.000000
32 0 0.000000
33 0 0.000000
34 0 0.000000
35 0 0.000000
36 0 0.000000
37 0 0.000000
38 0 0.000000
39 0 0.000000
40 0 0.000000
41 0 0.000000
42 0 0.000000
43 0 0.000000
44 0 0.000000
45 0 0.000000
46 0 0.000000
47 0 0.000000
48 0 0.000000
